# n = 102
# s = 10.607174680178947
# x y theta(rad)
5.29788230424147244e-01 1.01071746801788755e+01 1.64730925658035076e-17
1.53283401521026441e+00 1.01071746801788755e+01 -5.00341231083113454e-17
2.53493150229592423e+00 1.01071746801788755e+01 1.34734093390599680e-18
3.53703310422838957e+00 1.01071746801788755e+01 -2.97632745152703321e-17
4.54252042435560455e+00 1.01071746801789111e+01 -7.14984059438759999e-14
5.56286484591251451e+00 1.01071746801788755e+01 -4.28007928772231092e-17
6.72203085053716354e+00 1.01071746801788844e+01 -1.90454347473968393e-14
5.00000000000069278e-01 9.10717468017866061e+00 -5.06590300183347997e-17
1.50000000000028422e+00 9.10717468017866061e+00 7.35598435638428136e-18
2.50000000000050093e+00 9.10717468017866061e+00 5.18443154790504599e-17
3.50000000000071587e+00 9.10717468017865883e+00 7.01147357225640534e-17
4.50000000000093081e+00 9.10717468017866238e+00 -1.81735633609578684e-17
5.50000000000114753e+00 9.10717468017859133e+00 -1.69232898852463034e-16
5.00000000000069278e-01 8.10717468017844567e+00 -4.72974851450496874e-17
1.50000000000028777e+00 8.10717468017844567e+00 -1.49302613824854225e-17
2.50000000000050093e+00 8.10717468017844567e+00 4.85035352643813896e-15
3.50000000000071587e+00 8.10717468017844567e+00 7.86838936922413968e-17
4.50000000000093170e+00 8.10717468017844212e+00 7.94980663315574527e-16
5.00144157993604566e-01 7.10717468017823162e+00 5.91819107182563618e-15
1.50016622353531659e+00 7.10717468017822984e+00 9.56895774274327208e-15
2.50017312610241227e+00 7.10717468017822984e+00 2.36433813815922189e-15
3.50017602552682039e+00 7.10717098936602643e+00 -9.30800466790239540e-07
5.00000000000069278e-01 6.10717468017801401e+00 5.90149656130463786e-15
1.50000000000028599e+00 6.10717468017802645e+00 1.09618989800210723e-14
2.50000000000049738e+00 6.10717468017801046e+00 2.41152439424641714e-15
5.98322940765015687e-01 5.10717468017780174e+00 1.09110443514210090e-14
1.68432003998278290e+00 5.10630012816616130e+00 -1.64703574920607178e-03
5.00000000000069278e-01 4.10717468017758058e+00 4.09702189346823103e-17
1.01071746801789395e+01 4.66285214357647959e+00 -9.09779198575111658e-15
9.10677051487607869e+00 1.01071746801788755e+01 -3.98004383196476772e-17
8.10605166653263431e+00 1.01071746801788755e+01 5.90890184004599917e-18
1.01071746801789448e+01 3.66282698965986153e+00 2.33469828719727124e-15
9.10717468017872989e+00 9.10717468017866061e+00 5.92439628742737043e-17
1.01071746801789448e+01 6.61201811309142684e-01 -8.43322363801767649e-18
9.10705825608458142e+00 5.00000000000001776e-01 -9.84439062414928894e-18
8.10657837266323966e+00 5.00000000000001776e-01 4.32753103219162298e-17
7.10607322252597040e+00 5.00000000000001776e-01 -3.53986086703331318e-17
6.10505795097923265e+00 5.00000000000001776e-01 4.34500704242915330e-17
5.10414628787988356e+00 5.00000000000001776e-01 4.58850089062393785e-17
4.09681009852546829e+00 5.00000000000001776e-01 -1.66854618615646039e-16
3.08687802840437797e+00 6.02006199169142775e-01 5.61353911626420385e-03
1.01071746801789448e+01 8.10717468017844567e+00 4.36391374425415535e-18
9.10717468017872811e+00 1.50000000000021849e+00 4.19896091174024898e-17
8.10717468017851317e+00 1.50002157903541011e+00 -9.29915953525330906e-16
7.10717468017829823e+00 1.50000000000021849e+00 4.19172126775965393e-16
6.10717468017807974e+00 1.50031310347193880e+00 3.25673320578834399e-16
5.10717468017786391e+00 1.50000000000021672e+00 3.80027829832190728e-16
4.10717468017764809e+00 1.50000000000021849e+00 -1.87716064130331871e-16
1.01071746801789430e+01 1.66201448721840350e+00 1.26840519920045842e-15
9.10717468017872989e+00 2.50000000000043521e+00 -9.76898005445540871e-18
8.10717468017851317e+00 2.50002391547608838e+00 -9.82575589039165336e-16
7.10717468017829646e+00 2.50000000000043521e+00 -2.01648494097416658e-15
6.10717468017807796e+00 2.50037816151129455e+00 -3.84545586546505000e-15
5.10717468017786391e+00 2.50000000000043343e+00 3.54503144852908175e-16
1.01071746801789430e+01 2.66252065738685140e+00 -1.06368840195938142e-15
9.10717468017872811e+00 3.50000000000065015e+00 -1.06566260076455804e-15
8.10717468017851317e+00 3.50002747778759460e+00 1.54830470833744830e-16
7.10717468017829823e+00 3.50000000000064926e+00 -3.84050187823555998e-15
6.10717214984298273e+00 3.50040446544870321e+00 -4.69452565795390131e-06
1.01071746801789448e+01 5.66285796843076028e+00 5.78028192340757754e-18
9.10717468017872989e+00 4.50000000000086509e+00 7.99524318896015229e-18
8.10717468017851495e+00 4.50002839139477473e+00 4.62346257792437593e-15
7.10717468017829823e+00 4.50000000000086597e+00 2.63653782888178852e-15
1.01071746801789430e+01 6.66286016838522244e+00 3.22801884506361547e-15
9.10717468017872989e+00 5.50000000000108091e+00 3.00655752743872418e-17
7.87331751086172815e+00 5.50002839140011268e+00 -6.97639963000043507e-12
1.01071705419713922e+01 1.01071746801788755e+01 9.97704226703079351e-17
8.50456300158805689e+00 6.59008218066592555e+00 7.55177987129642458e-01
1.01071746801789448e+01 9.10717468017866061e+00 2.16198105486998733e-18
5.00000000000076383e-01 5.02428951524214185e-01 -1.07872686636398942e-14
1.50000000000029665e+00 5.00000000000001776e-01 -1.73848498027733163e-15
5.01856829726220255e-01 1.50342149138611170e+00 -1.27898973103555513e-03
3.72661678262788953e+00 5.66617319319376023e+00 7.53424375983045569e-01
4.45649235222641416e+00 4.97878689139554709e+00 7.53058069269895380e-01
5.14942335116358496e+00 4.25619663063951403e+00 7.55177987129640460e-01
3.02862059962224173e+00 4.94744356886974757e+00 7.55177987129636907e-01
3.75782147423177371e+00 4.26050723284713939e+00 7.55177987129636907e-01
4.45076862305556986e+00 3.53944471204654398e+00 7.55177987129636907e-01
2.41204171544641355e+00 4.12109719013921083e+00 -7.69510662015075675e-01
3.84135479990139217e+00 2.71255647113330234e+00 -7.83167206975823982e-01
3.14773707958269000e+00 3.43383219421823060e+00 -7.82655204321055065e-01
1.59529999615206108e+00 3.51010611322104005e+00 -7.55177987129655892e-01
2.32179128867831963e+00 2.82292618399052575e+00 -7.55177987129655892e-01
3.01709249951281144e+00 2.10261167859089504e+00 -7.55177987129640016e-01
7.40722279191865951e-01 2.82049235985302094e+00 -7.37489670115572982e-01
1.53503819934366526e+00 2.18863940843716875e+00 -7.57135760032997984e-01
2.23878123050295308e+00 1.46190370551587812e+00 -7.55177987129640016e-01
5.88512952312656523e+00 4.93358719389135825e+00 7.55177987129640460e-01
5.18607645092988534e+00 5.66271574014460466e+00 7.53109561051190757e-01
4.45654154212032427e+00 6.34970121040188396e+00 7.53424375983045569e-01
6.57663970166658274e+00 5.65792907727488270e+00 7.55177987129640460e-01
5.88537889322165597e+00 6.38057897598273271e+00 7.55177987129640460e-01
5.15576525759075910e+00 7.06712677376329612e+00 7.55177987129640349e-01
7.16562060986403537e+00 6.49119225016652912e+00 7.55177987129642458e-01
6.47478011337271120e+00 7.21423870366823916e+00 7.55177075829910338e-01
5.74474539993517475e+00 7.90039076025382769e+00 7.55177987129640349e-01
7.78802995935574582e+00 7.28894294042904889e+00 7.55177987129642458e-01
7.09719030005033780e+00 8.01198927324243648e+00 7.55177987129642458e-01
6.50000000000136247e+00 9.10717468017866416e+00 3.30348013569042503e-17
9.12214236541057488e+00 7.39296397413084350e+00 7.55177987129642458e-01
8.40560932317826293e+00 8.09182473389396684e+00 7.55177987129642458e-01
7.72360532083068563e+00 9.10717468017866061e+00 -4.37746627141022415e-18
