# n = 102
# s = 10.607902017731913
# x y theta(rad)
5.00000000000067168e-1 1.01079020176912984e1 2.82793109051591076e-14
1.50000000000023093e0 1.01078979206236301e1 3.18694198540167877e-14
2.50000000000035838e0 1.01078981375365000e1 2.93473184618410397e-14
3.50000000000049116e0 1.01078981294992136e1 2.25381939215225406e-14
4.50000000000062883e0 1.01076396012380805e1 2.19150970541192301e-14
5.50000000000070521e0 1.01079020177317975e1 1.66696346910652977e-14
6.50000000000080025e0 1.01079020177319077e1 1.06149758011528243e-14
5.00000000001908362e-1 9.10790201768649155e0 3.81663438993425257e-12
1.50000000003711431e0 9.10789774426594789e0 7.39657961847652467e-11
2.50000000004029976e0 9.10789703394433658e0 8.00339222364406175e-11
3.50000000004177103e0 9.10789663565621055e0 8.26568295716183805e-11
4.50000000028887737e0 9.10762646304138102e0 3.59626074518655038e-10
5.50000000038477754e0 9.10790201764756802e0 1.68072538248060039e-10
5.00000000001114331e-1 8.10790201768426400e0 1.96821134478322322e-12
1.50000003959209183e0 8.10789676291416583e0 7.91834597961157445e-8
2.50000005903118971e0 8.10789528217220834e0 1.18060939495111488e-7
3.50000087209359734e0 8.10789437560140769e0 1.74418637936237255e-6
4.50004989332204808e0 8.10760299204984847e0 -2.28710395162231066e-5
5.00000066873740878e-1 7.10790201768256580e0 1.12116381642369693e-12
1.50128782476424405e0 7.10789551273568065e0 -1.74904811518213247e-6
2.50407020099143107e0 7.10778389188730042e0 2.19260990903640240e-4
3.50607491551903871e0 7.10285900730828690e0 -2.42050784053297711e-3
5.00200097923127474e-1 6.10790201768006025e0 2.65079214926216477e-13
1.50027649664328022e0 6.10789520069695691e0 -1.17756226061336838e-6
2.50054141419477549e0 6.10778297528940239e0 2.19498659637398731e-4
5.00000025823471916e-1 5.10790201767972718e0 1.97578073691235306e-13
1.50000048261498842e0 5.10789499343362952e0 -8.43270597398289611e-7
5.00000000000207501e-1 4.10790201767936392e0 8.29721425379933347e-14
1.01076426405188702e1 4.57798059103995403e0 -7.80652638703606801e-5
9.10790201772732644e0 1.01078907518423815e1 2.44707134641686519e-12
8.10790201772617536e0 1.01079020177313446e1 7.07936295385308901e-13
1.01078818757018798e1 3.55445137627521834e0 2.83300395646806964e-7
9.10788761465878238e0 9.10789028007195256e0 -9.11238536633648178e-7
1.01079020176533732e1 5.18030752133870953e-1 -4.42645525558205326e-13
9.10790201765206575e0 5.00000000002107425e-1 1.74827183998939973e-14
8.10790201765136409e0 5.00000000000358602e-1 -7.17099064107502542e-13
7.10790201764924934e0 5.00000000001509681e-1 7.71372204335670646e-13
6.10790201764855567e0 5.00001236163103213e-1 1.60349373294101243e-12
5.10790201764816132e0 5.00000375971114464e-1 1.37674659596025691e-12
4.10790201764727403e0 5.00000000001354250e-1 1.35207646042691404e-13
3.10790201764694629e0 5.00000000000230704e-1 1.49582241387088504e-14
1.01071164677948850e1 7.68087297224957499e0 4.56556281690739417e-4
9.10790201765249563e0 1.50000000000612466e0 -3.40575522895873686e-12
8.10790201765102481e0 1.50000000000074096e0 -1.35419748415368808e-12
7.10790201750427375e0 1.50000000014628188e0 2.88552100747009646e-10
6.10790201661359244e0 1.50165866990726182e0 1.32329647677796526e-9
5.10790201660885224e0 1.50000090429664534e0 1.31000383200341793e-9
4.10790201631016938e0 1.50000000035931902e0 7.13290198653760024e-10
1.01079020176574499e1 1.52522576949026267e0 -8.14206632017164837e-12
9.10790201765296104e0 2.50000000002142109e0 -5.59751425441314435e-12
8.10790201765103014e0 2.50000000000285283e0 -5.44274371946144582e-12
7.10790150657361863e0 2.50000051107614318e0 1.02214751689750205e-6
6.10787932526504740e0 2.50213774029597680e0 1.36486053678812249e-6
5.10787901238419728e0 2.50000127027632679e0 7.33286900549909726e-7
1.01079020176541832e1 2.54604152028021335e0 -6.86985968717150569e-12
9.10788143086482904e0 3.50000000009204193e0 -1.32292829660384593e-10
8.10788064872365766e0 3.50000052531901229e0 -1.05063817483843274e-6
7.10771303402507915e0 3.50016625751914034e0 3.32584740900426811e-4
6.10385711748723558e0 3.50310459452029122e0 7.29516132298290961e-4
1.01079020176316607e1 5.65973948928815496e0 4.91529878125939013e-11
9.10757159297415342e0 4.50000000019217072e0 -2.65608468425644133e-10
8.10753536110105166e0 4.50001257248110687e0 2.29263009727902088e-5
7.10722777514692083e0 4.50017116359394453e0 3.42612066279177681e-4
1.01079020177318917e1 6.67797872277200533e0 -4.60400976909570635e-15
9.10767558414016776e0 5.50000000020837998e0 -2.33264147088695605e-10
8.10766838578853033e0 5.50001683935693908e0 1.43965636569241704e-5
1.01079020177302752e1 9.82044968040744237e0 -2.33193294165570917e-12
9.10790201761895091e0 6.50000000021211743e0 -2.25791979864625051e-10
1.01078874363289355e1 8.70003982055408365e0 -2.70050244081697744e-6
5.00000096757442614e-1 5.00000000000262679e-1 9.61809600069588048e-14
1.50000016218439258e0 5.00000038474932351e-1 -8.29459307237623412e-9
5.00000000000216382e-1 1.50000000000056555e0 8.27994613916777576e-14
3.70915257907079932e0 5.64970610806871409e0 -7.56156599712794697e-1
4.43759615505403371e0 4.96218429480043444e0 -7.56841343773062558e-1
5.16807429379780814e0 4.27225787600963169e0 -7.56863190979471745e-1
2.95233025437503249e0 4.90081581967619950e0 -7.74477387533168082e-1
3.72993675581038575e0 4.25502727677811965e0 -7.56833105489017166e-1
4.45695104934622055e0 3.56838387965075565e0 -7.56862043328974887e-1
2.24468361237969738e0 4.15457252728378013e0 7.38001571607256213e-1
3.82596191299939159e0 2.78881948076352604e0 -7.56854593110239060e-1
3.08720927351223917e0 3.48655502068708945e0 -7.56835778914340507e-1
1.51151974764600716e0 3.42130885246090610e0 -7.56838414585076391e-1
2.32734074872936247e0 2.82871642276205115e0 -7.56838414589369401e-1
3.05433748443577624e0 2.14207550738021890e0 -7.56838414585853325e-1
7.18486165488105955e-1 2.74740351814834050e0 -6.96096909969529554e-1
1.58045135867254993e0 2.09437350786348198e0 7.15542332179194940e-1
2.31097953344737306e0 1.40439338982217499e0 7.15542332173210616e-1
5.90025242667428795e0 4.95649638323467467e0 -7.56497361829380321e-1
5.17185924713008482e0 5.64420660694727871e0 -7.56845826978422065e-1
4.44146601845017308e0 6.33403610203541145e0 -7.56838415709343959e-1
6.65034155602802901e0 5.70699708371507874e0 -7.66297655909210507e-1
5.87815493507658449e0 6.35264369051837630e0 -7.56841717441529283e-1
5.15113092936846328e0 7.03928778274603228e0 -7.56838415725094471e-1
7.36327497791940733e0 6.45354568397708217e0 7.37665698482727339e-1
6.51491434331067332e0 7.12675603744316088e0 -7.56838416849399120e-1
5.77571370601644762e0 7.82489544192704845e0 -7.56838415706309720e-1
8.09662306761277861e0 7.18684812602251188e0 -7.56838415826137534e-1
7.28053695407331514e0 7.77915985084468176e0 -7.56838415825128230e-1
6.55352574525691356e0 8.46578544187440407e0 -7.56838415825103028e-1
8.89994353049132592e0 7.81901193692595609e0 7.84235935628630032e-1
8.02746653868765669e0 8.51353388303508574e0 7.15431907308815895e-1
7.29691170744417672e0 9.20350528520193834e0 7.15431907308817117e-1
