# n = 103
# s = 10.703583456926136
# x y theta(rad)
5.01140115721095403e-1 1.02035834569242514e1 -9.07921364941704500e-13
5.00000002664394150e-1 9.20358345692290669e0 -6.71797632651591885e-13
5.00000000000436207e-1 8.20358345692217661e0 -2.04308195603109828e-13
1.01786384801115162e1 1.02034680460675791e1 -2.30848336729085231e-4
9.11105872084260859e0 1.02035782635441894e1 -5.00589393080161484e-7
8.04287761024838943e0 1.02035834520782487e1 -9.64168061234193378e-9
9.20210640768056543e0 5.00000000000645817e-1 -1.01856771825339160e-12
6.89209321822912280e0 1.02035834569254948e1 -8.82481341287625852e-13
4.66235304758722702e0 1.02035834569258359e1 -2.28578010525347601e-13
3.63584404339731826e0 1.02035833487534404e1 1.98008149909384015e-7
2.52087743052989932e0 1.02034819810240975e1 2.02369687192602613e-4
1.50423556985366913e0 1.02035784212378093e1 -4.35666551860517518e-7
7.20358345692493884e0 7.20358345531701616e0 7.44236925147969363e-14
3.50000224849615460e0 9.20358117576235202e0 4.49020274269578654e-6
1.02035834569145099e1 9.20318328480397341e0 1.86669239043802477e-11
9.20358345690956803e0 9.20357769837608330e0 1.79208094398122997e-11
8.20358345690317137e0 9.20353117663388431e0 2.79161718771183741e-11
6.05738724003533591e0 9.20358345692566360e0 -5.17116231374832144e-13
5.04230473118067657e0 9.20358345692517332e0 -5.17983786002582408e-13
2.50000033864658766e0 9.20336606043775518e0 6.68591217569477880e-7
1.50000001352313728e0 9.20357745874236954e0 1.83555656431009071e-8
1.02035834569246333e1 8.20318319965177700e0 2.84895143906435153e-12
9.20358345692404889e0 8.20357769835807815e0 3.23894231753829052e-12
8.20358345692292268e0 8.20352193038796962e0 4.69708187065183735e-12
7.20358345690148205e0 9.20358345533306377e0 3.01232152447115773e-11
6.20358345691583501e0 8.20358345692545399e0 -5.37329942503818239e-13
5.20358345691513957e0 8.20358345692404711e0 -5.98152731107208949e-13
1.02035834569260722e1 7.20318319165995913e0 3.53364051789851947e-14
9.20358345692569024e0 7.20357769835558770e0 3.76518255768970301e-14
8.20358345692528701e0 7.20350471129651204e0 3.81595116816109467e-14
7.20358345691655444e0 8.20358345531752242e0 -6.56519881999998659e-14
1.02035834569217982e1 6.20318319131995821e0 -8.46223318327330034e-12
9.20358345692123869e0 6.20357769834986783e0 -8.85307777393421252e-12
1.02035831346324013e1 5.20318319112980721e0 3.66683997577327937e-10
5.00580517828262406e-1 5.00611165300005934e-1 1.16171070160615798e-3
1.52886898912574631e0 5.00000000000340283e-1 -1.87973632299455874e-13
2.55492455489653159e0 5.00000000000009881e-1 -1.98578357529312936e-14
5.20146583090776549e0 5.00030786886235146e-1 5.93797012640131218e-5
5.00000013957259459e-1 1.50155932168249340e0 2.79145193165606649e-8
1.50000035483781424e0 1.50000033431031188e0 7.09588284620947160e-7
2.52331499588335673e0 1.50000000000054357e0 -4.66360342703271032e-13
3.52899307644758098e0 1.50000000000035660e0 -6.48320302067348341e-14
5.00000000005398459e-1 2.50165058480040736e0 9.78993687254715987e-12
1.50000000003750245e0 2.50000068909865014e0 1.28093376131505718e-11
2.50000000004410827e0 2.50000000000158451e0 4.09306152114019290e-13
3.50000000004458522e0 2.50000000000059019e0 -7.14618412052018267e-14
5.00000000000305644e-1 3.50178648558531158e0 -3.83641705456541040e-14
1.50000000000100719e0 3.50000068910565298e0 3.11027026821539932e-15
5.00910553676181647e-1 4.50215079377904370e0 -7.29543654606058735e-4
1.02028881143635068e1 5.02771838628739975e-1 -9.52380797751135834e-4
5.70056139410507345e0 1.02035834569261343e1 3.35643943313270813e-15
8.20162162860818178e0 5.00015238091045977e-1 3.04766459081782858e-5
7.20156099480052347e0 5.00000007874460306e-1 1.57482327529077520e-8
3.63680278554766190e0 5.00000000000036526e-1 -2.16479308534878851e-14
6.20152958711059732e0 5.00000000970509118e-1 1.94009088869350803e-9
1.02034806641301525e1 1.50537510376224537e0 -2.05606723514731657e-4
9.20335962557155618e0 1.50000000000109912e0 -1.08415440261703800e-12
8.20335959898472566e0 1.50125953389530808e0 5.29398026059855479e-8
7.20335959905040468e0 1.50000002649908870e0 5.29399248742420859e-8
6.20335957354982970e0 1.50000000097469988e0 1.93998402987127138e-9
1.02035825409792213e1 2.51272136734718643e0 2.22878450880305437e-8
9.20358235176747108e0 2.50000000000150102e0 -1.11055839635290853e-12
1.01967751022204549e1 3.51534290445895259e0 -2.36429460098509607e-4
2.02575524052057210e0 4.56322127910583841e0 -5.26064736944446110e-1
4.52969590554920565e0 2.49240628075575055e0 6.13090212145936814e-2
4.37003758337751513e0 4.51048674231918323e0 -5.07364448141576996e-1
6.14680705488827783e0 3.56617352922699737e0 -5.27561813328186413e-1
5.50813398345781646e0 4.46221091903551947e0 -5.28701677852172480e-1
6.79108454361725755e0 2.68480322729914045e0 -5.33567928540794822e-1
4.87150598266064794e0 5.37584662370090172e0 -5.07364448141579438e-1
4.64216733794691816e0 1.49729663067795515e0 6.16013549638522312e-2
3.86937507807457104e0 3.64467886154674403e0 -5.07364448141575552e-1
7.29676708700957199e0 3.54752955376177592e0 -5.33567928541163083e-1
1.34413130521104485e0 5.38086057635957715e0 -5.26256729920129174e-1
5.59942855639384973e0 2.48907995011192984e0 2.07540440514463520e-1
5.38749465588364806e0 6.23313463205973139e0 -5.07364448141577662e-1
5.00674206965492630e0 3.59698207708529338e0 -5.28699104207547510e-1
8.64718543402485373e0 3.63748017740917096e0 7.62310593565796668e-1
7.91781840806715298e0 4.41232683247463520e0 -6.70319510313356570e-1
3.71607118217077215e0 5.39222515236143352e0 -5.07364448161887527e-1
1.87899259233829063e0 6.22996780441473597e0 -5.26194607707419992e-1
6.02871404980648240e0 5.32618104430222683e0 -5.46212883404504801e-1
8.06146054889153341e0 2.50192934510918530e0 3.00687877559105735e-4
7.31719193048785055e0 5.26439402250675137e0 -6.70319510313323264e-1
9.33667655657244211e0 4.36342130586888821e0 7.62310593558938487e-1
8.60360488319215300e0 5.14477639785306451e0 -6.70319510302184507e-1
6.83496728076116722e-1 6.23444128001061149e0 -5.26256729920640764e-1
3.06161646575526847e0 6.27495458706849263e0 -5.25203134042776298e-1
4.21753958145428953e0 6.25758503374377106e0 -5.07364448160718018e-1
3.21540867686750920e0 4.52641727158855645e0 -5.07364448162672899e-1
2.55944918851838432e0 5.40984111274514046e0 -5.25796501840928299e-1
8.00084219240163819e0 6.00096375318399122e0 -6.66510765771985425e-1
6.67199784289831488e0 6.12373302261152475e0 -5.87952728807557334e-1
2.81776407559322939e0 8.02521286068827067e0 -4.92438176069008360e-1
1.21686256452339947e0 7.08124832141705340e0 -5.25980412379485118e-1
2.67995174109304335e0 3.67995174109362466e0 -5.07364448164079329e-1
2.38381896917709968e0 7.09977285878802267e0 -5.25203134044704978e-1
4.11175298879120543e0 8.21613823672967492e0 2.06331695523212066e-1
4.73352825467736693e0 7.11487304210270466e0 -5.07364448159976056e-1
6.02363171583768509e0 7.02363171583855284e0 -5.07364448141576441e-1
1.64087904536947393e0 8.20345419599426862e0 -2.46542708796324028e-4
3.56300537760610236e0 7.14017719068476531e0 -5.25202139308057925e-1
6.65867891414218249e0 4.43471783379817808e0 -5.43451957246865014e-1
