# n = 103
# s = 10.703516755580015
# x y theta(rad)
5.00031844872514508e-01 1.02035167555800097e+01 5.55111512312578270e-17
5.00000000000005773e-01 9.20351675557977345e+00 -5.55111512312578270e-17
5.00000000000005773e-01 8.20351675557953897e+00 0.00000000000000000e+00
1.01774921657737298e+01 1.02035167555800097e+01 -4.84057094740967218e-17
9.07414457002000319e+00 1.02035167555800097e+01 1.87431450568431579e-17
8.06413462460286645e+00 1.02035167555800097e+01 -5.49776108829588317e-16
9.20351675557978055e+00 5.00000000000000000e-01 5.83309239126673928e-18
7.06064942879512181e+00 1.02035167555800097e+01 5.55112730432965483e-17
4.78051315060872462e+00 1.02035167555800044e+01 -9.10382880192628363e-15
3.68480178112269918e+00 1.02035167555800097e+01 5.56016778774956304e-17
2.64192440797741579e+00 1.02035167555800097e+01 7.97415610088715544e-17
1.55275177788480523e+00 1.02009992478294862e+01 -2.19415103228133134e-03
7.20351675557930626e+00 7.20351675557930271e+00 1.90514650496437232e-16
3.50000000000071276e+00 9.20351675557977345e+00 1.06512517071598997e-16
1.00773825007114848e+01 9.20351675557977345e+00 -1.81398458401612825e-17
9.07076672709554721e+00 9.20351675557977345e+00 1.21049161627007491e-17
8.06661190995203370e+00 9.20351675557977345e+00 -5.49680289813955672e-16
6.05242834109591676e+00 9.20351675557977345e+00 3.16966505126137221e-16
5.04402785032903545e+00 9.20351675557976634e+00 -3.65769667352611364e-15
2.50000000000047651e+00 9.19819866059548552e+00 1.03700463639665776e-16
1.50000000000024114e+00 9.19937062368827796e+00 4.37679163982905657e-17
1.02035167555800150e+01 8.20351675557953897e+00 -5.55111512312578270e-17
9.20351675557977877e+00 8.20351675557953719e+00 -2.71316189212514607e-17
8.20351675557954252e+00 8.20351675557953897e+00 -4.95413723700713763e-16
7.05848858997185680e+00 9.20351675557977345e+00 5.43153045512727644e-20
6.20351675557907178e+00 8.20351675557953897e+00 2.30037260976671911e-16
5.20351675557883375e+00 8.20351675557953008e+00 -3.60218552229485582e-15
1.02035167555800133e+01 7.20351675557930182e+00 -8.88178419700125232e-16
9.20351675557977877e+00 7.20351675557930182e+00 -8.88178419700125232e-16
8.20351675557954252e+00 7.20351675557930271e+00 1.90514650496437232e-16
7.20351675557930626e+00 8.20351675557953897e+00 -1.54611032869689184e-16
1.02035167555800150e+01 6.20351675557906646e+00 0.00000000000000000e+00
9.20351675557978055e+00 6.20351675557906646e+00 5.54549083909016881e-17
1.02035167555800150e+01 5.20351675557883020e+00 -2.15459770793076377e-16
5.00565428722103523e-01 5.00000000000000000e-01 -3.21330418870391377e-17
1.51679548815913989e+00 5.00000000000000000e-01 -1.12700733838076816e-17
2.53119730792866005e+00 5.00000000000004441e-01 -1.43147503090938095e-18
5.20351675557883731e+00 5.00000000000000000e-01 5.53793317288413765e-17
5.01151778087317812e-01 1.50000000000023626e+00 2.31883739640337261e-17
1.50776141745648973e+00 1.50000000000023626e+00 -6.11749707928478029e-15
2.51562308729583251e+00 1.50000000000023848e+00 2.37972945072977978e-17
3.52301242677120330e+00 1.50000000000024114e+00 5.03496912673419001e-17
5.00000000000009326e-01 2.50000000000048095e+00 -6.10622663543836097e-15
1.50000000000024114e+00 2.50000000000047162e+00 -2.52591399122385314e-17
2.50000000000047651e+00 2.50000000000046807e+00 2.76872525649835648e-17
3.50000000000071454e+00 2.50000000000047651e+00 8.93072054118394059e-17
5.00000000000007550e-01 3.50000000000070566e+00 3.55271367880050093e-15
1.50000000000024292e+00 3.50000000000070521e+00 3.52536768266764946e-15
5.00000000000003109e-01 4.50000000000094236e+00 6.30450010773164760e-15
1.02035167555800150e+01 5.00004139645335854e-01 1.64835999667475863e-16
5.86879772201992012e+00 1.02035167555800097e+01 3.33066907387546962e-16
8.20351675557954430e+00 5.00004139645335854e-01 -1.00529623977458918e-16
7.20351675557930804e+00 5.00000000000000000e-01 -5.55111512312578270e-17
3.63976882918828482e+00 5.00000000000002665e-01 5.32907051820075139e-15
6.20351675557907356e+00 5.00000000000000000e-01 5.55111512312578270e-17
1.02035167555800150e+01 1.50072263142009366e+00 -3.79131947204624794e-17
9.20351675557978055e+00 1.50000000000023626e+00 5.83266887479311213e-18
8.20351675557953719e+00 1.50072263142009366e+00 5.55111479225353768e-17
7.20351675557930804e+00 1.50000000000023581e+00 8.32805546827121991e-17
6.20351675557907356e+00 1.50000000000023626e+00 0.00000000000000000e+00
1.02035167555800150e+01 2.50339618333379610e+00 -5.53104044227585578e-17
9.20351675557978055e+00 2.50000000000047162e+00 5.83266887479311213e-18
1.01955421341460575e+01 3.50680544286479412e+00 -4.69962896582338738e-03
2.02562196591074484e+00 4.56317064833678554e+00 -5.25642085661495839e-01
4.52841381570045165e+00 2.49230844891630232e+00 5.85762194393952343e-02
4.37017737482991997e+00 4.51031441436978753e+00 -5.07162808092237682e-01
6.14824454819678046e+00 3.56770238978088461e+00 -5.24802150229183417e-01
5.50794239214341275e+00 4.46038175046116336e+00 -5.29294811552398103e-01
6.79313158241181725e+00 2.68472574168292333e+00 -5.33128610270301784e-01
4.87203157331835435e+00 5.37546406900491291e+00 -5.07162808092237682e-01
4.62369354634645013e+00 1.49617792450326581e+00 5.85762194393951927e-02
3.86735501415052019e+00 3.64570270909279692e+00 -5.07162808092237682e-01
7.29732355945984423e+00 3.54833007068475448e+00 -5.33128610270301784e-01
1.34263237241919287e+00 5.37910428231967153e+00 -5.27078088574830517e-01
5.60100273585727315e+00 2.48938608029124131e+00 2.12096078313132236e-01
5.38699663427720132e+00 6.23332880783115062e+00 -5.07162808092237682e-01
5.00617104868595852e+00 3.59537373559095785e+00 -5.29294811552398103e-01
8.64628130692955388e+00 3.63890533271375771e+00 7.66326747581567269e-01
7.91738640567834473e+00 4.41299944783695253e+00 -6.68431553610180362e-01
3.71615268855151237e+00 5.39213599982774294e+00 -5.07162808092237682e-01
1.87560407029510090e+00 6.22594720377223698e+00 -5.27078088574830517e-01
6.02607200380137442e+00 5.32294245153436485e+00 -5.41803218180518797e-01
8.05617541701817608e+00 2.50206335772433697e+00 -1.65611581909514056e-03
7.31753528942288334e+00 5.26694869205139682e+00 -6.68431553610180362e-01
9.33703661685062336e+00 4.36326170987942952e+00 7.66326747581567269e-01
8.60897213833324493e+00 5.14106974893548507e+00 -6.68431553610180362e-01
6.83645324934951670e-01 6.23485311159302658e+00 -5.27078088574830517e-01
3.06134562923753606e+00 6.27450377486411526e+00 -5.25642085661495839e-01
4.21800688703994631e+00 6.25728565446286744e+00 -5.07162808092237682e-01
3.21333032787211170e+00 4.52752429455075145e+00 -5.07162808092237682e-01
2.55861922286043697e+00 5.41005748582105372e+00 -5.25642085661495839e-01
8.00124149254932426e+00 6.00124149254884731e+00 -6.68431553610180695e-01
6.67170758538171782e+00 6.12278762350220607e+00 -5.90838209370798340e-01
2.84775144203606168e+00 8.00882460122867990e+00 -4.84826825974460585e-01
1.21661702281086059e+00 7.08169603304559203e+00 -5.27078088574830517e-01
2.67991259370019730e+00 3.67991259370042201e+00 -5.07162808092237682e-01
2.37909335074916894e+00 7.09131559844553561e+00 -5.25642085661495839e-01
4.11118792927914711e+00 8.21596560770490392e+00 2.07622298954132090e-01
4.73297194799879328e+00 7.11515039328910603e+00 -5.07162808092237682e-01
6.02360416187935321e+00 7.02360416187958414e+00 -5.07162808092237682e-01
1.65145575435557612e+00 8.19774720253523803e+00 -2.00284290562860717e-03
3.56311414265019932e+00 7.13950571645044274e+00 -5.25642085661495839e-01
6.65984760975744017e+00 4.43674940518519190e+00 -5.41803218180518797e-01
