# n = 105
# s = 10.789303783750128
# x y theta(rad)
5.43066576965781422e-01 1.02893037837501282e+01 0.00000000000000000e+00
1.58330188682330020e+00 1.02893037837501282e+01 0.00000000000000000e+00
3.08319561351139670e+00 1.02835390539918556e+01 5.71771106808069678e-03
5.00000000000000000e-01 9.28930378374992571e+00 0.00000000000000000e+00
1.50000000000020162e+00 9.28930378374992571e+00 0.00000000000000000e+00
6.63115371224763273e-01 8.28930378374972676e+00 0.00000000000000000e+00
1.67305522861091838e+00 7.34609475870851369e+00 -4.73796777925658386e-01
5.00000000000000000e-01 7.28930378374952515e+00 0.00000000000000000e+00
5.00000000000000000e-01 5.50000000000100631e+00 0.00000000000000000e+00
1.02893037837501282e+01 1.02893037837501282e+01 0.00000000000000000e+00
9.28930378374992749e+00 1.02893037837501282e+01 0.00000000000000000e+00
8.28930378374972499e+00 1.02893037837501282e+01 0.00000000000000000e+00
7.28930378374952515e+00 1.02893037837501282e+01 0.00000000000000000e+00
6.28930378374932353e+00 1.02893037837501282e+01 0.00000000000000000e+00
5.28930378374912280e+00 1.02893037837501282e+01 0.00000000000000000e+00
1.02893037837501282e+01 9.28930378374992571e+00 0.00000000000000000e+00
9.28930378374992749e+00 9.28930378374992571e+00 0.00000000000000000e+00
8.28930378374972499e+00 9.28930378374992571e+00 0.00000000000000000e+00
1.02873043232922097e+01 8.28930378374972676e+00 0.00000000000000000e+00
9.28323999457108684e+00 8.28930378374972676e+00 0.00000000000000000e+00
1.02872873946562162e+01 7.28930378374952515e+00 0.00000000000000000e+00
5.00000000000000000e-01 5.00000000000000000e-01 0.00000000000000000e+00
1.50000000000020162e+00 5.00000000000000000e-01 0.00000000000000000e+00
2.50000000000040279e+00 5.00000000000000000e-01 0.00000000000000000e+00
3.50000000000060396e+00 5.00000000000000000e-01 0.00000000000000000e+00
4.50000000000080469e+00 5.00000000000000000e-01 0.00000000000000000e+00
5.50000000000100631e+00 5.00000000000000000e-01 0.00000000000000000e+00
6.50000000000120703e+00 5.00000000000000000e-01 0.00000000000000000e+00
7.50000000000140865e+00 5.00000000000000000e-01 0.00000000000000000e+00
8.50000000000160938e+00 5.01825321747223718e-01 0.00000000000000000e+00
5.01025042611939142e-01 1.50000000000020117e+00 0.00000000000000000e+00
1.50307241995451291e+00 1.50000000000020117e+00 0.00000000000000000e+00
2.50436277548516140e+00 1.50000000000020117e+00 0.00000000000000000e+00
3.50551220628577642e+00 1.50000000000020117e+00 0.00000000000000000e+00
4.50666161189956682e+00 1.50000000000020117e+00 0.00000000000000000e+00
5.50790174854796266e+00 1.50000000000020117e+00 0.00000000000000000e+00
5.00000000000000000e-01 2.50000000000040234e+00 0.00000000000000000e+00
1.50000000000020162e+00 2.50000000000040234e+00 0.00000000000000000e+00
2.50000000000040279e+00 2.50000000000040234e+00 0.00000000000000000e+00
5.00000000000000000e-01 3.50000000000060396e+00 0.00000000000000000e+00
1.50000000000020162e+00 3.50425744443866627e+00 0.00000000000000000e+00
5.00000000000000000e-01 4.50000000000080469e+00 0.00000000000000000e+00
9.50000000000181011e+00 5.00000000000000000e-01 0.00000000000000000e+00
1.01107622747941530e+01 1.50926878531374742e+00 -5.00188220854550392e-01
1.02855919301884047e+01 3.26455456124567300e+00 1.06045246829225559e-03
4.08104265118148390e+00 7.35234892073581925e+00 -4.55632911927915218e-01
4.95709863680928997e+00 9.15027711914820685e+00 -4.55632911927915218e-01
2.95000337567993176e+00 7.35451849646223277e+00 -4.73796777925658386e-01
6.06103657662354678e+00 9.12029705714342498e+00 -4.55632911927915218e-01
2.59046805577652606e+00 9.26031599830943719e+00 -1.87874368612755194e-01
4.52107339704922939e+00 8.25033162808127685e+00 -4.55632911927915218e-01
7.45045693467456438e+00 7.39025883610158552e+00 -4.55682717008655980e-01
4.74090054568178054e+00 6.42637039478022931e+00 -4.55632911927915218e-01
3.84419600486436508e+00 9.16094824101060112e+00 -4.54577572268622054e-01
4.20811035602487848e+00 1.02874440876533271e+01 -7.55817132244411809e-04
5.87390329294572489e+00 6.45578844622078840e+00 -4.46648375779915840e-01
4.28596039968496711e+00 5.53569361259966541e+00 -4.55632911927915218e-01
2.05480954209600331e+00 5.54501078152599902e+00 -4.63780062881337440e-01
9.14749349001557910e+00 7.28930378374952515e+00 0.00000000000000000e+00
7.24018037233887579e+00 4.68874276360399911e+00 -4.55682717008655980e-01
5.62096203741726974e+00 8.22233580947114362e+00 -4.55632911927915218e-01
7.28930378374952515e+00 9.28930378374992571e+00 0.00000000000000000e+00
8.27985421327822202e+00 8.28930378374972676e+00 0.00000000000000000e+00
3.18607175931692632e+00 5.56368943120979687e+00 -4.55632911927915218e-01
2.50475355717696146e+00 6.44587332386826528e+00 -4.55632911927915218e-01
9.28930378374992749e+00 6.28930378374932442e+00 0.00000000000000000e+00
7.00906439141969173e+00 6.48961427519626533e+00 -4.55577782003360576e-01
9.28930378374992749e+00 5.28930378374912280e+00 0.00000000000000000e+00
6.56680536342343224e+00 5.58707878136371150e+00 -4.55682717008655980e-01
5.58726942935543569e+00 3.50000000000060396e+00 0.00000000000000000e+00
5.43385478642393061e+00 5.55776949422570521e+00 -4.46648375779915840e-01
3.41010689917348753e+00 8.25572056167310109e+00 -4.55632911927915218e-01
2.50000000000040279e+00 3.50000000000060396e+00 0.00000000000000000e+00
2.24717321972918649e+00 8.17550939486673300e+00 -4.73796777925658386e-01
2.73930660812590610e+00 4.66900672660730631e+00 -4.55632911927915218e-01
9.12028565380597378e+00 3.98036613969000186e+00 -4.55682717008655980e-01
6.75404429213824642e+00 8.25180528401119773e+00 -4.46648375779915840e-01
1.02893037837501282e+01 6.28520148312562377e+00 0.00000000000000000e+00
3.62610250518467137e+00 6.46167213855525535e+00 -4.55632911927915218e-01
4.58726942935523407e+00 3.50000000000060396e+00 0.00000000000000000e+00
5.18093129154952514e+00 7.32435310212568780e+00 -4.55632911927915218e-01
6.31395179946752094e+00 7.35380739821587337e+00 -4.46648375779915840e-01
1.02893037837501282e+01 5.28117059013074819e+00 0.00000000000000000e+00
9.43819768979583706e+00 2.36380942099496050e+00 -5.00188220854550392e-01
7.68025584176208653e+00 5.58670355406889652e+00 -4.55682717008655980e-01
6.12325748714390450e+00 4.68213100926901848e+00 -4.46648375779915840e-01
4.50000000000080469e+00 2.50000000000040234e+00 0.00000000000000000e+00
6.50000000000120703e+00 2.50000000000040234e+00 0.00000000000000000e+00
5.50000000000100631e+00 2.50000000000040234e+00 0.00000000000000000e+00
1.50497852007136723e+00 4.50718090871387478e+00 1.64846229424515085e-05
3.84456846654337525e+00 4.63544314854019923e+00 -4.60917641809365064e-01
1.02893037837501282e+01 4.27593714783338985e+00 0.00000000000000000e+00
8.67854150895758281e+00 3.05900125367559461e+00 -5.00188220854550392e-01
6.58726942935563642e+00 3.51144270805407555e+00 0.00000000000000000e+00
8.12028565380577305e+00 6.48468672044701933e+00 -4.55682717008655980e-01
4.97883123765806701e+00 4.66692250974665246e+00 -4.46648375779915840e-01
1.35506577472373158e+00 6.38146234516217081e+00 -4.63780062881337440e-01
8.51405743022846018e+00 1.50813362368833204e+00 8.97122254682800112e-04
8.25785536169989243e+00 4.49294052488715945e+00 -4.55682717008655980e-01
7.50000000000140865e+00 2.50849278978318280e+00 0.00000000000000000e+00
6.50933927559046488e+00 1.50000000000020117e+00 0.00000000000000000e+00
3.50000000000060396e+00 2.50000000000040234e+00 0.00000000000000000e+00
3.50000000000060396e+00 3.50000000000060396e+00 0.00000000000000000e+00
7.51122328214148283e+00 1.50521780914021663e+00 4.15413344773351580e-04
7.58726942935583715e+00 3.51972463365984467e+00 0.00000000000000000e+00
