# n = 106
# s = 10.822965780538063
# x y theta(rad)
5.00000000000000888e-01 1.03229657805368920e+01 5.00314349159092857e-17
1.50000000000041833e+00 1.03229657805368902e+01 -1.00655748275895581e-15
2.50000000000083489e+00 1.03229657805368920e+01 -1.03161862526017051e-15
3.50000000000125144e+00 1.03229657805368920e+01 -1.05659032949209745e-18
4.50000000000166889e+00 1.03229657805368920e+01 -4.92198779152288310e-19
5.50000000000208544e+00 1.03229657805367747e+01 -4.10600348670702265e-16
6.50000000000250289e+00 1.03215882232353771e+01 5.38591055913228523e-17
7.50000000000292033e+00 1.03229657805368920e+01 2.96497086036479332e-16
5.00000000000000888e-01 9.32296578053647451e+00 9.88131039551181883e-17
1.50000000000041744e+00 9.32296578053647451e+00 -2.14748993754129068e-17
2.50000000000083400e+00 9.32296578053647451e+00 -5.96373313878084447e-16
3.50000000000125144e+00 9.32296578053647451e+00 -2.64554418701131766e-17
4.50000000000166800e+00 9.32296578053647451e+00 -6.25795836742462782e-17
5.50000000000208455e+00 9.32296578053635727e+00 6.26184021743346625e-16
6.50016813650868919e+00 9.32033590141441692e+00 -3.01822021493481187e-04
5.00000000000000888e-01 8.32296578053605884e+00 -7.80359204265385971e-17
1.50000000000041833e+00 8.32296578053605529e+00 1.10039082932027047e-15
2.50000000000083578e+00 8.32296578053605529e+00 -1.19711610722960168e-15
3.50000000000125322e+00 8.32296578053605884e+00 3.38942201628937362e-18
4.50000000000166889e+00 8.32296578053605884e+00 4.45161583569331359e-16
5.50000000000208100e+00 8.32296578053594160e+00 6.18750415395837751e-17
5.00000000000000888e-01 7.32296578053564051e+00 -1.09359788676962627e-16
1.50000000000041567e+00 7.32296578053564051e+00 1.21219392485887650e-15
2.50000000000083311e+00 7.32296578053563696e+00 -1.92587167859475431e-15
3.50000000000125144e+00 7.32296578053564406e+00 -1.97085685973893163e-15
4.50000000000166445e+00 7.32296578053564051e+00 4.29009243394887737e-16
5.00000000000000888e-01 6.32296578053522307e+00 1.17828762981906222e-15
1.50000000000041611e+00 6.32296578053522396e+00 1.20533177988909866e-15
2.50000000000083134e+00 6.32288924185075363e+00 1.33289277332771876e-15
3.50000000000125056e+00 6.32296578053522307e+00 6.20616528822580497e-15
5.00000000000000888e-01 5.32296578053480651e+00 1.13556355898451435e-15
1.50000000000041611e+00 5.32296578053480740e+00 1.16913350926629259e-15
2.50306794934952315e+00 5.31982129250164704e+00 6.15487876421078571e-03
5.00000000000000888e-01 4.32296578053438996e+00 1.07798984265854252e-15
1.50000000000041744e+00 4.32296578053439084e+00 1.16556517888359439e-15
5.00000000000000888e-01 3.32296578053397296e+00 -2.59290335071306180e-17
1.03229657805369008e+01 5.00000000000000111e-01 -1.81489247215047126e-16
9.32296578053648517e+00 5.00000000000000111e-01 2.52107323300901444e-17
8.32296578053606773e+00 5.00000000000000111e-01 2.54913260204966021e-17
7.32296578053565117e+00 5.00000000000000111e-01 -6.90680151807735099e-17
6.32296578053523461e+00 5.00000000000000111e-01 -3.12542711786629978e-17
5.32296578053481806e+00 5.00000000000000111e-01 -2.62028084494290057e-17
4.32296578053440150e+00 5.00000000000000111e-01 -6.65730201523464584e-17
3.32296578053398450e+00 5.00000000000000111e-01 -1.66957450034745695e-17
2.32296578053356750e+00 5.00000000000000111e-01 -3.73299870222348330e-17
1.03229657805369008e+01 1.50000000000041656e+00 -9.04903610484367215e-18
9.32296578053648517e+00 1.50000000000041656e+00 9.63317239365975674e-17
8.32296578053606773e+00 1.50000000000041700e+00 -6.40046325052536251e-17
7.32296578053565117e+00 1.50000000000041656e+00 2.42148809893518389e-17
6.32296578053523461e+00 1.50000000000041656e+00 2.56356704467180359e-16
5.32296578053481806e+00 1.50000000000041656e+00 3.12960882359865664e-17
4.32296578053440150e+00 1.50000000000041656e+00 -1.17713716572050902e-16
3.32296578053398450e+00 1.50000000000041656e+00 -2.04706135439844419e-17
1.03202219748371284e+01 2.50000000000083356e+00 -1.33482166269828173e-16
9.31990813569040277e+00 2.50000000000083356e+00 1.30357282462035387e-16
8.31970151494577692e+00 2.50000000000083400e+00 2.25056641784869946e-16
7.31961669614920751e+00 2.50000000000083356e+00 5.40252568828838546e-17
6.31961287910819536e+00 2.50000000000083356e+00 4.13520596733625529e-16
5.31961287910777880e+00 2.50000000000083356e+00 -5.09324377216969094e-17
4.31961287910736225e+00 2.50000000000083356e+00 -2.82910912013704259e-16
1.03229657805368973e+01 3.50000000000125011e+00 3.95706133071501111e-17
9.32296578053648162e+00 3.50000000000125011e+00 4.16489888783928917e-16
8.32296578053606417e+00 3.50000000000125056e+00 1.29558304497686496e-16
7.32296578053564673e+00 3.50000000000125011e+00 2.39667165020696481e-16
6.32296578053523017e+00 3.50000000000125011e+00 2.46021318956455905e-16
5.32296578053481362e+00 3.50000000000125011e+00 2.26172257081608166e-16
1.03229657805368973e+01 4.50000000000166711e+00 -2.36868854293777452e-17
9.32296578053648162e+00 4.50000000000166711e+00 -6.40530135857824065e-17
8.32296578053606240e+00 4.50000000000166711e+00 2.94732224762348111e-16
7.32296578053564673e+00 4.50000000000166711e+00 3.00920387664674414e-16
6.32296578053523017e+00 4.50000000000166711e+00 1.08624668814672321e-16
1.03229657805366806e+01 5.50000000000208367e+00 1.10818792991052813e-16
9.32296578053647984e+00 5.50000000000208367e+00 7.79035404329206499e-17
8.32296578053606240e+00 5.50000000000208367e+00 1.63907553156050632e-16
7.32296578053564673e+00 5.50000000000208367e+00 1.45514109923360113e-16
1.03229657805368937e+01 6.50000000000250022e+00 5.09442930250529716e-16
9.32296578053626313e+00 6.50000000000250022e+00 1.37668504391418266e-16
8.32296578053584568e+00 6.50000000000250022e+00 1.20050585127372579e-16
1.03229657805368937e+01 7.50000000000291767e+00 -1.14708031198322515e-16
9.32296578053647629e+00 7.50000000000291767e+00 1.68181870435945009e-16
1.03229657805380626e+01 8.50000000000333600e+00 -6.18721841521622350e-17
1.03228124906929146e+01 1.03208898833058811e+01 -1.44242188913540944e-04
5.00000000000000000e-01 5.00000000000000111e-01 3.73340624111969570e-17
5.00000000000000888e-01 1.50000000000041656e+00 1.63724057165967780e-17
8.80674262804906149e+00 1.01342186468394573e+01 5.57023007676486825e-01
9.50245902265352704e+00 9.38942938414603034e+00 5.57023007676486825e-01
1.34963991688069562e+00 2.43408718806310098e+00 4.34972303497140111e-01
1.66413349881158279e+00 1.47753792735910539e+00 4.34972303497140111e-01
2.05194057957681419e+00 3.29576030601754866e+00 4.34972303497212220e-01
2.47332586365332174e+00 2.38887859247129164e+00 4.34972303497212220e-01
2.75364588246131303e+00 4.15871472388090080e+00 4.34972303497212220e-01
3.17503116653785433e+00 3.25183301033465932e+00 4.34972303497212220e-01
3.66474571769183743e+00 4.57102200365700106e+00 4.34972303497211887e-01
4.08613415736533447e+00 3.66413349881243322e+00 4.34972303497212276e-01
4.36342361851526839e+00 5.44049182600293424e+00 4.34972303497150325e-01
4.78480890259180924e+00 4.53361011245669410e+00 4.34972303497150270e-01
5.06572428121137630e+00 6.30216494395738724e+00 4.34972303497150381e-01
5.48710956528791804e+00 5.39528323041114621e+00 4.34972303497150325e-01
5.77524951310637302e+00 7.15120078404770876e+00 4.67899129004470560e-01
6.21022509283912960e+00 6.25057928243995775e+00 4.67899129004470560e-01
6.68128974258789654e+00 7.64329414208102786e+00 5.31134187021354398e-01
7.32296578053542913e+00 6.64663097725281826e+00 1.53792162005426501e-16
7.36622784782267459e+00 8.45161454804639867e+00 5.31134187021354398e-01
8.06790790257130652e+00 7.69082212045566482e+00 5.70368250506904095e-01
8.07643344960431619e+00 9.30714099088688585e+00 4.34972303497008550e-01
8.78887400932343255e+00 8.53549897638470512e+00 4.34972303497008550e-01
