# n = 108
# s = 10.904821012323140
# x y theta(rad)
5.00000000000000000e-01 1.04048210123231399e+01 0.00000000000000000e+00
1.50000000000020961e+00 1.04048210123231399e+01 0.00000000000000000e+00
2.50000000000041922e+00 1.04048210123231399e+01 0.00000000000000000e+00
3.50000000000062883e+00 1.04048210123231399e+01 0.00000000000000000e+00
4.50000000000083933e+00 1.04048210123231399e+01 0.00000000000000000e+00
5.50000000000104894e+00 1.04048210123231399e+01 0.00000000000000000e+00
6.50000000000125766e+00 1.04048210123231399e+01 0.00000000000000000e+00
7.50000000000146905e+00 1.04048210123231399e+01 0.00000000000000000e+00
5.00000000000000000e-01 9.40482101232293033e+00 0.00000000000000000e+00
1.50000000000020961e+00 9.40482101232293033e+00 0.00000000000000000e+00
2.50000000000041922e+00 9.40482101232293033e+00 0.00000000000000000e+00
3.50000000000062883e+00 9.40482101232293033e+00 0.00000000000000000e+00
4.50000000000083933e+00 9.40482101232293033e+00 0.00000000000000000e+00
5.50000000000104894e+00 9.40482101232293033e+00 0.00000000000000000e+00
6.66490293288975977e+00 9.23991807943442822e+00 4.38155852640861765e-01
5.00000000000000000e-01 8.40482101232272072e+00 0.00000000000000000e+00
1.50000000000020961e+00 8.40482101232272072e+00 0.00000000000000000e+00
2.50000000000041922e+00 8.40482101232272072e+00 0.00000000000000000e+00
3.50000000000062883e+00 8.40482101232272072e+00 0.00000000000000000e+00
4.50000000000083933e+00 8.40482101232272072e+00 0.00000000000000000e+00
5.98464109243513231e+00 8.33643271229730942e+00 4.69266015809503556e-01
5.00000000000000000e-01 7.40482101232250933e+00 0.00000000000000000e+00
1.50000000000020961e+00 7.40482101232250933e+00 0.00000000000000000e+00
2.50000000000041922e+00 7.40482101232250933e+00 0.00000000000000000e+00
3.90408237485323539e+00 7.19840084586873807e+00 -7.41326016747584360e-01
5.28271743672966831e+00 7.49193899775946548e+00 5.60397801269302165e-01
5.00000000000000000e-01 6.40482101232230061e+00 0.00000000000000000e+00
1.50000000000020961e+00 6.40482101232230061e+00 0.00000000000000000e+00
2.53076558086603498e+00 5.74411229801949386e+00 -7.41326016747584360e-01
3.25198831760493157e+00 6.43961208789980688e+00 -7.41326016747584360e-01
5.00000000000000000e-01 5.40482101232209100e+00 0.00000000000000000e+00
1.70642016645398087e+00 5.14302379885908589e+00 -7.41326016747584360e-01
2.43860819533164275e+00 4.46187454714162701e+00 -7.41326016747584360e-01
5.00000000000000000e-01 4.40482101232188139e+00 0.00000000000000000e+00
1.57324984629240561e+00 3.83078070555309669e+00 -6.54024735941318935e-01
6.96955128632492205e-01 3.20786588368917780e+00 -6.15745053412335208e-01
1.04048210123231399e+01 5.00000000000000000e-01 0.00000000000000000e+00
9.40482101232293033e+00 5.00000000000000000e-01 0.00000000000000000e+00
8.40482101232272072e+00 5.00000000000000000e-01 0.00000000000000000e+00
7.40482101232251022e+00 5.00000000000000000e-01 0.00000000000000000e+00
6.40482101232230061e+00 5.00000000000000000e-01 0.00000000000000000e+00
5.40482101232209100e+00 5.00000000000000000e-01 0.00000000000000000e+00
4.40482101232188139e+00 5.00000000000000000e-01 0.00000000000000000e+00
3.40482101232167089e+00 5.00000000000000000e-01 0.00000000000000000e+00
2.40482101232146128e+00 5.00000000000000000e-01 0.00000000000000000e+00
1.04048210123231399e+01 1.50000000000020961e+00 0.00000000000000000e+00
9.40482101232293033e+00 1.50000000000020961e+00 0.00000000000000000e+00
8.40482101232272072e+00 1.50000000000020961e+00 0.00000000000000000e+00
7.40482101232251022e+00 1.50000000000020961e+00 0.00000000000000000e+00
6.40482101232230061e+00 1.50000000000020961e+00 0.00000000000000000e+00
5.40482101232209100e+00 1.50000000000020961e+00 0.00000000000000000e+00
4.40482101232188139e+00 1.50000000000020961e+00 0.00000000000000000e+00
3.40482101232167089e+00 1.50000000000020961e+00 0.00000000000000000e+00
1.04048210123231399e+01 2.50000000000041922e+00 0.00000000000000000e+00
9.40482101232293033e+00 2.50000000000041922e+00 0.00000000000000000e+00
8.40482101232272072e+00 2.50000000000041922e+00 0.00000000000000000e+00
7.40482101232251022e+00 2.50000000000041922e+00 0.00000000000000000e+00
6.40482101232230061e+00 2.50000000000041922e+00 0.00000000000000000e+00
5.40482101232209100e+00 2.50000000000041922e+00 0.00000000000000000e+00
4.40482101232188139e+00 2.50000000000041922e+00 0.00000000000000000e+00
1.04048210123231399e+01 3.50000000000062972e+00 0.00000000000000000e+00
9.40482101232293033e+00 3.50000000000062972e+00 0.00000000000000000e+00
8.40482101232272072e+00 3.50000000000062972e+00 0.00000000000000000e+00
7.40482101232251022e+00 3.50000000000062972e+00 0.00000000000000000e+00
6.40482101232230061e+00 3.50000000000062972e+00 0.00000000000000000e+00
5.40482101232209100e+00 3.50000000000062972e+00 0.00000000000000000e+00
1.03988237933582219e+01 4.50000000000083844e+00 0.00000000000000000e+00
9.39282379333374351e+00 4.50000000000083844e+00 0.00000000000000000e+00
8.39008374763473164e+00 4.50000000000083844e+00 0.00000000000000000e+00
7.39008374763452114e+00 4.50000000000083844e+00 0.00000000000000000e+00
6.39008374763431153e+00 4.50000000000083844e+00 0.00000000000000000e+00
1.04048210123231399e+01 5.50000000000104805e+00 0.00000000000000000e+00
9.40482101232293033e+00 5.50000000000104805e+00 0.00000000000000000e+00
8.40482101232272072e+00 5.50000000000104805e+00 0.00000000000000000e+00
7.40482101232251022e+00 5.50000000000104805e+00 0.00000000000000000e+00
1.04048210123231399e+01 6.50000000000125855e+00 0.00000000000000000e+00
9.40482101232293033e+00 6.50000000000125855e+00 0.00000000000000000e+00
8.23991807943421861e+00 6.66490293288975977e+00 4.38155852640861765e-01
1.04048210123231399e+01 7.50000000000146816e+00 0.00000000000000000e+00
8.92017991988884518e+00 7.56838830002688034e+00 4.69266015809503834e-01
9.62148397004162348e+00 8.41264946677587311e+00 5.54424921700036100e-01
5.00000000000000000e-01 5.00000000000000000e-01 0.00000000000000000e+00
1.48359940174436034e+00 1.27033844315203481e+00 -6.15745053412335208e-01
2.25608987481541412e+00 1.94877242203928702e+00 -6.15745053412335208e-01
3.40482101232167089e+00 2.60227935745256289e+00 0.00000000000000000e+00
4.40482101232188139e+00 3.50000000000062972e+00 0.00000000000000000e+00
4.39008374763389231e+00 4.50000000000083844e+00 -5.09011473519145272e-16
5.39008374763410192e+00 4.50000000000083844e+00 0.00000000000000000e+00
5.34061240597246645e+00 5.50000000000104805e+00 0.00000000000000000e+00
6.34061240597267606e+00 5.50000000000104805e+00 0.00000000000000000e+00
7.07357828379967568e+00 6.64616784632859225e+00 4.69266015809503556e-01
7.75718885085089482e+00 7.54304878845262028e+00 4.38155852640861765e-01
8.43813997560285323e+00 8.44517473542714825e+00 4.69266015809503834e-01
9.21079267971937199e+00 9.38933136325750439e+00 4.46628875257506885e-01
6.96955128632492205e-01 1.88988255733013943e+00 -6.15745053412335208e-01
1.46944560170354777e+00 2.56831653621739164e+00 -6.15745053412335208e-01
2.33870604715164987e+00 3.18562714863505558e+00 -6.54024735941318935e-01
3.19840084586789963e+00 3.81087701223562014e+00 -7.41326016747584360e-01
3.29136397682087622e+00 5.06875644801442338e+00 -7.06631975482380326e-01
4.01152483274689597e+00 5.78833478383160038e+00 -7.41326016747584360e-01
4.66361888999520158e+00 6.54712354180053158e+00 -7.41326016747584360e-01
5.93924540147123015e+00 6.67206611290049789e+00 4.69266015809503667e-01
6.62134651738237956e+00 7.53806830570929698e+00 4.69266015809503556e-01
7.30473815164024654e+00 8.43538103143072959e+00 4.38155852640861765e-01
7.98590820918555622e+00 9.33707519480785209e+00 4.69266015809503834e-01
8.66700292265410610e+00 1.02378180896707107e+01 4.46977962939589579e-01
1.04048210123231399e+01 9.40482101232293033e+00 0.00000000000000000e+00
1.03298247854697784e+01 1.04048210123231399e+01 0.00000000000000000e+00
