# n = 110
# s = 10.996783396634358
# x y theta(rad)
5.00000000000001776e-01 1.04967833966343580e+01 3.39897047116189193e-17
1.04967833966343580e+01 5.00000000000000000e-01 -0.00000000000000000e+00
5.00000000000001776e-01 5.00000000000000000e-01 4.08987639605122260e-17
1.50000000000020428e+00 5.00000000000000000e-01 4.08805962308272058e-17
2.50000000000040679e+00 5.00000000000000000e-01 1.32778321068673090e-21
3.50000000000060574e+00 5.00000000000000000e-01 1.32778321068673090e-21
5.00000000000001776e-01 1.50000000000020250e+00 8.63656692627201967e-21
1.50000000000020428e+00 1.50000000000020250e+00 4.09017233962552648e-17
2.50000000000040679e+00 1.50000000000020250e+00 1.32777997951246311e-21
5.00000000000001776e-01 2.50000000000040368e+00 8.63636013111888141e-21
1.50000000000020428e+00 2.50000000000040368e+00 1.32783167830074768e-21
5.54045274994548365e-01 3.50000000000060574e+00 3.33988647979004602e-20
1.04967833966343580e+01 1.04967833966343580e+01 3.80790973650162201e-17
9.49678339663415549e+00 1.04967833966343580e+01 -5.06991839412760548e-18
8.49678339663395477e+00 1.04967833966343580e+01 -4.93737268529447025e-17
7.49678339663375226e+00 1.04967833966343580e+01 5.03808647953604924e-17
6.49678339663355064e+00 1.04967833966343580e+01 7.50441083056235907e-17
5.49678339663334903e+00 1.04967833966343580e+01 1.20829249925825943e-16
4.49678339663314741e+00 1.04967833966343580e+01 1.33189789966871135e-16
3.49678339663294580e+00 1.04967833966343580e+01 1.19787822917176781e-16
2.49678339663274507e+00 1.04967833966343580e+01 1.37743439091310253e-16
1.04967833966343580e+01 9.49678339663415549e+00 3.82491169433646992e-17
9.49678339663415549e+00 9.49678339663415549e+00 3.82489038898309010e-17
8.49678339663395477e+00 9.49678339663415549e+00 4.84562632368105660e-17
7.49678339663375226e+00 9.49678339663415549e+00 8.73879546221391757e-17
6.49678339663355064e+00 9.49678339663415549e+00 -1.16854115525261026e-16
5.49678339663334903e+00 9.49678339663415549e+00 -1.34105272495535626e-16
4.49678339663314741e+00 9.49678339663415549e+00 -1.34105696012009253e-16
3.49678339663294491e+00 9.49678339663415549e+00 -1.34105696012009253e-16
1.04967833966343580e+01 8.49678339663395299e+00 -1.12788025420520809e-17
9.49678339663415549e+00 8.49678339663395299e+00 -4.09019277906459221e-17
8.49678339663395477e+00 8.49678339663395299e+00 8.62391850752547133e-18
7.49678339663375226e+00 8.49678339663395299e+00 3.07611306456995371e-18
6.49678339663355064e+00 8.49678339663395477e+00 -2.57495795476501087e-16
5.49678339663334903e+00 8.49678339663395299e+00 -4.41675106496781333e-16
4.49678339663314830e+00 8.49678339663395299e+00 -1.24584935122569306e-17
1.04967833966343580e+01 7.49678339663375137e+00 3.33605990027111023e-17
9.49678339663415549e+00 7.49678339663375226e+00 3.46441790773302831e-17
8.49678339663395477e+00 7.49678339663375226e+00 4.33187597284246822e-17
7.49678339663375226e+00 7.49678339663375226e+00 -5.26692224867679902e-16
6.49678339663355064e+00 7.49678339663375226e+00 -2.18489452435949056e-16
5.49678339663334992e+00 7.49678339663375226e+00 -4.78754820795785585e-16
4.49678339663314830e+00 7.49678339663375226e+00 -4.28080651222748137e-16
1.04967833966343580e+01 6.49678339663354976e+00 1.04589751803117944e-16
9.49678339663415549e+00 6.49678339663354976e+00 8.65926397952850838e-17
8.49678339663395477e+00 6.49678339663354976e+00 1.83738335607355457e-17
7.49678339663375226e+00 6.49678339663354976e+00 2.46035080096303793e-17
6.49678339663355064e+00 6.49678339663355064e+00 -1.27191912030645563e-16
5.49678339663334814e+00 6.49678339663355064e+00 1.04696793193972782e-15
1.04967833966343580e+01 5.49678339663334814e+00 5.07205975793835213e-17
9.49678339663415727e+00 5.49678339663334814e+00 8.32701442878497472e-17
8.49678339663395477e+00 5.49678339663334814e+00 2.65718319938894256e-16
7.49678339663375226e+00 5.49678339663334814e+00 1.01806615300005173e-16
6.49678339663355153e+00 5.49678339663334903e+00 -1.28770750257033546e-16
5.48465927909773399e+00 5.49678339663334903e+00 6.96959824227077458e-16
1.04967833966343580e+01 4.49678339663314652e+00 -0.00000000000000000e+00
9.49678339663415549e+00 4.49678339663314652e+00 -0.00000000000000000e+00
8.49678339663395477e+00 4.49678339663314652e+00 1.33359738126978670e-16
7.49678339663375315e+00 4.49678339663314652e+00 -1.75659704304846533e-16
1.04967833966343580e+01 3.49678339663294446e+00 1.68944612309923470e-21
9.49678339663415549e+00 3.49678339663294491e+00 -0.00000000000000000e+00
1.04967833966343580e+01 2.49678339663274285e+00 1.34170018845081174e-17
4.49678339663314652e+00 6.49678339663355064e+00 7.26248364041114145e-16
4.48465927909753237e+00 5.49678339663334814e+00 7.45369542703300701e-16
6.48465927909793649e+00 4.49678339663314652e+00 -1.83196957619139744e-16
5.35815103279330351e+00 4.49678339663314741e+00 7.08006617207369344e-16
1.57488112318424633e+00 9.72139413522024043e+00 4.54974632620393726e-01
6.69827969883309393e-01 9.29097468845197660e+00 4.59238502772353729e-01
2.43590806789245384e+00 9.01785143845948767e+00 4.34070420105962251e-01
1.53282093017675614e+00 8.58827940389894096e+00 4.34070420105962251e-01
6.63914298157065375e-01 8.08497206114088307e+00 4.34070420105962251e-01
1.54540290913631218e+00 7.39119968257558924e+00 4.79748010918565837e-01
2.42299824243445450e+00 7.89898565530001573e+00 4.53611118687843984e-01
3.33057591743251269e+00 8.33057591743352077e+00 4.43618423367890258e-01
6.74333452887276863e-01 6.89881164662458701e+00 4.79748010918565837e-01
2.42662502509235090e+00 6.72101587228892683e+00 5.14489969038579020e-01
3.33057591743251091e+00 7.22340696052477949e+00 4.43618423367890258e-01
6.82506763042605158e-01 5.73575849034921514e+00 5.20844198476964504e-01
1.55608120797772109e+00 6.22892496352927871e+00 5.14489969038579242e-01
3.27665233416799051e+00 6.05280219071354253e+00 5.14489969038578909e-01
5.00000000000001776e-01 4.50000000000080735e+00 3.33988647979004602e-20
1.53556469993873357e+00 5.06862037319424630e+00 5.14489969038578798e-01
2.40610851705336337e+00 5.56071128195389441e+00 5.14489969038578687e-01
1.68131736293760348e+00 3.98778261440715687e+00 5.14489969038578909e-01
2.54564105815471287e+00 4.49087736120402958e+00 5.14489969038578909e-01
3.41618487526934356e+00 4.98296826996367681e+00 5.14489969038579020e-01
9.73549405936909906e+00 1.56959147102954866e+00 -4.93674156261850405e-01
9.28348829628710526e+00 6.77231143525198753e-01 -4.93674156261850405e-01
9.02518413160762734e+00 2.43722545826371784e+00 -4.17417542044666967e-01
8.57269596107069809e+00 1.54396865741805200e+00 -4.17417542044666967e-01
8.09978258158028197e+00 6.59770000411221247e-01 -4.17417542044666967e-01
7.40274097848088353e+00 1.55229302653029411e+00 -4.60998677408609170e-01
7.87464541443354449e+00 2.43446036214495942e+00 -4.60998677408609170e-01
8.32655767531956315e+00 3.32655767531855329e+00 -4.60998677408609170e-01
6.93063514980279738e+00 6.70225721314391620e-01 -4.60998677408609170e-01
6.72681451266430130e+00 2.44028192815846579e+00 -4.90713386078328928e-01
7.20183670598325776e+00 3.32797965897925874e+00 -4.77012445225278303e-01
5.78367164299220260e+00 6.76626054252272624e-01 -4.90713386078328984e-01
6.25492685533246462e+00 1.55862295041605048e+00 -4.90713386078328928e-01
6.09120722419536254e+00 3.37264322152921681e+00 -4.91430446292408729e-01
4.67662605425307998e+00 7.26682215336521331e-01 -4.90713386078328928e-01
5.14788126659334111e+00 1.60867911150030007e+00 -4.90713386078328928e-01
5.61931968818002048e+00 2.49098447045044891e+00 -4.91430446292408729e-01
3.99359399605089305e+00 1.57031817792118389e+00 -4.90713386078328928e-01
4.46454741000804667e+00 2.45247632642239610e+00 -4.90713386078328928e-01
4.93655432042739672e+00 3.33447769332473953e+00 -4.91430446292408729e-01
4.16870888237121395e+00 4.24786214096210557e+00 5.61405877882724003e-01
3.30394641781929810e+00 3.74451171161566387e+00 5.61405877882724003e-01
2.43238690748517250e+00 3.25167627482448784e+00 5.61717550417318523e-01
3.30492665074407821e+00 2.40402347152907714e+00 -4.90132364816906252e-01
