# n = 123
# s = 11.601384658385687
# x y theta(rad)
5.00000000000000000e-01 1.11013846583856868e+01 -4.93653664742740405e-17
1.50000000000085620e+00 1.11013846583856868e+01 -2.00696136422098677e-17
2.50000000000171241e+00 1.11013846583856868e+01 4.30504168705656189e-17
9.10138465838397437e+00 4.50000000000342215e+00 4.69654763364386823e-16
4.50000000000342215e+00 1.11013846583856868e+01 -4.19114668703588915e-17
5.50000000000427658e+00 1.11013846583856868e+01 -2.26454599660439874e-19
6.50000000000513189e+00 1.11013846583856868e+01 1.14923614622018916e-19
7.50000000000598721e+00 1.11013846583856868e+01 0.00000000000000000e+00
5.45860023090163793e-01 1.01013846583848323e+01 -1.59577245435245154e-16
1.55358502320559566e+00 1.01013846583848306e+01 -1.26140676056960009e-17
2.56358502331928406e+00 1.01013846583848341e+01 -1.18524919457352309e-15
3.50000000000256506e+00 1.11013846583856868e+01 4.30504168705656189e-17
4.60122818011528345e+00 1.01013846583848323e+01 -2.86233608700909442e-18
5.60901794707029566e+00 1.01013846583848323e+01 -5.04528625571030167e-17
6.61189835621017430e+00 1.00214207793659753e+01 -5.35673961016152906e-03
5.00000000000000000e-01 9.10138465838397615e+00 3.82797887582425526e-17
1.50000000000085265e+00 9.10138465838397792e+00 -1.24637563311570273e-16
2.50000000000171241e+00 9.10138465838397792e+00 -1.30652103172370485e-16
3.57008502354893054e+00 1.01013846583848306e+01 4.86019609093764509e-18
4.50000000000342215e+00 9.10138465838397792e+00 -1.56140070186378049e-17
5.50000000000427658e+00 9.10138465838397792e+00 -1.06145121054371419e-16
5.00000000000000000e-01 8.10138465838311994e+00 2.71903553130826124e-17
1.50000000000085265e+00 8.10138465838311994e+00 -6.78388008351174930e-18
2.50000000000170886e+00 8.10138465838312172e+00 -1.14632388372932982e-16
3.50000000000256506e+00 9.10138465838397792e+00 -3.00184962868608247e-17
4.50000000000342215e+00 8.10138465838312172e+00 -6.44974664314849706e-17
5.00000000000000000e-01 7.10138465838226551e+00 -1.79701206620485882e-16
1.50000000000085620e+00 7.10138465838226551e+00 -2.25984382059968038e-16
2.50000000000171241e+00 7.10138465838226551e+00 -1.46948928893824476e-16
3.50000000000256506e+00 8.10138465838312172e+00 -6.78479493511185993e-17
5.00000000000000000e-01 6.10138465838140931e+00 2.82082836822023674e-17
1.50000000000085620e+00 6.10138465838140931e+00 -1.28636685577619989e-17
2.50000000000171241e+00 6.10138465838140931e+00 -1.36380976214911153e-16
5.59421613710750165e-01 5.10138465838055399e+00 -3.14361719994652638e-20
1.59944087656166545e+00 5.02100104338633191e+00 -2.42782847613325012e-02
5.00000000000000000e-01 4.10138465837969868e+00 -3.14394807219154759e-20
5.02041573588360990e-01 5.00000000000000000e-01 3.30872245021211070e-24
1.50236398300075180e+00 5.00026088530513668e-01 -5.15437621906712927e-05
5.00000000000000000e-01 1.50000000000085532e+00 -5.55111479225353768e-17
1.11013846583856868e+01 1.11013846583856868e+01 2.46323269110858929e-17
1.01013846583848306e+01 5.50000000000427747e+00 -7.75624287867792381e-17
1.11013846583856868e+01 1.01013846583848306e+01 -1.69406589450860068e-17
1.11013846583856868e+01 5.00000000000000000e-01 1.38777886349950693e-17
1.01013846583848306e+01 5.00000000000000000e-01 -4.42436594389639354e-17
9.10138465838397615e+00 5.00000000000000000e-01 4.42435591437185601e-17
8.10138465838311994e+00 5.00000000000000000e-01 -4.25920864199829461e-17
7.10138465838226463e+00 5.00000000000000000e-01 0.00000000000000000e+00
6.10138465838140931e+00 5.00000000000000000e-01 -3.70039060909959106e-17
5.10138465838055399e+00 5.00000000000000000e-01 -5.55111512312578270e-17
4.10138465837969779e+00 5.00000000000000000e-01 -5.28376439344823378e-17
3.10138465837884425e+00 5.00000000000000000e-01 5.75685369778811032e-17
7.10138465838226463e+00 1.50000000000085532e+00 -1.46396162341739981e-16
1.11013846583856868e+01 1.50000000000085532e+00 4.42322193247010707e-17
1.01013846583848306e+01 1.50000000000085532e+00 4.42435583161340508e-17
9.10138465838397615e+00 1.50000000000085532e+00 4.42454314730935257e-17
8.10138465838311994e+00 1.50000000000085532e+00 5.82196705023612654e-17
4.10138465837969779e+00 1.50000000000085532e+00 7.17415267538061941e-17
6.10138465838140931e+00 1.50000000000085532e+00 -9.08817983544125657e-17
5.10138465838055399e+00 1.50000000000085532e+00 7.17415267538061941e-17
1.11013846583856868e+01 2.50000000000171108e+00 5.94357588130633254e-17
1.01013846583848306e+01 2.50000000000171108e+00 4.42434672802224366e-17
3.50000000000256506e+00 7.10138465838226729e+00 -1.85456545978146789e-16
8.10138465838311994e+00 2.50000000000171108e+00 2.07249029530423981e-17
7.10138465838226463e+00 2.50000000000171063e+00 -5.72943429723784664e-16
6.10138465838140931e+00 2.50000000000171108e+00 -5.03680241719291862e-17
5.10138465838055399e+00 2.50000000000171108e+00 1.62304234990238952e-17
1.11013846583856868e+01 3.50000000000256639e+00 1.22784634838004207e-17
1.01013846583848306e+01 1.11013846583856868e+01 -3.08787712772151542e-17
9.10138465838397615e+00 2.50000000000171108e+00 -2.49294767304239516e-16
8.10138465838311994e+00 3.50000000000256684e+00 -5.49968405098263701e-16
7.10138465838226463e+00 3.50000000000256639e+00 -5.03680439688290539e-17
6.10138465838140931e+00 3.50000000000256639e+00 -5.03680440242638874e-17
1.11013846583856868e+01 4.50000000000342126e+00 -6.02769820443606625e-18
1.01013846583848306e+01 3.50000000000256595e+00 5.21203101957152963e-18
7.10138465838226463e+00 4.50000000000342215e+00 2.45639559913965118e-16
9.10138465838397615e+00 3.50000000000256639e+00 -8.97948988969564358e-18
8.10138465838311994e+00 4.50000000000342215e+00 3.81992956023271694e-16
1.11013846583856868e+01 5.50000000000427747e+00 3.87729331646045659e-18
1.01013846583848306e+01 4.50000000000342126e+00 -2.73328496677695258e-17
9.10138465838397615e+00 5.50000000000427747e+00 -6.37114366343053653e-17
8.10138465838311994e+00 5.50000000000427747e+00 2.76623930165111969e-16
1.11013846583856868e+01 6.50000000000513278e+00 3.16818446413935130e-20
1.01013846583848306e+01 6.50000000000513278e+00 1.88189103419325257e-17
9.10138465838397615e+00 6.50000000000513278e+00 6.41213178086939966e-17
1.11013846583856868e+01 7.50000000000598810e+00 1.13495350809645043e-17
1.01013846583848306e+01 7.50000000000598810e+00 7.43300566165690259e-17
1.11013846583856868e+01 8.50000000000684430e+00 9.54097849748697960e-18
7.98598329020300923e-01 2.75311340882874989e+00 -7.59771249828009032e-01
1.60048905856422152e+00 2.12807346570183231e+00 -7.41455648043022775e-01
2.29757283860358186e+00 1.40858316203682321e+00 -7.41469778410462244e-01
1.58451535114081210e+00 3.49932391152290734e+00 -7.41455648043022775e-01
2.32167046320286374e+00 2.82360016532981994e+00 -7.41455648043022775e-01
3.01875875899197155e+00 2.10412400239441055e+00 -7.41455648043022775e-01
2.40356316002460346e+00 4.10628497760042777e+00 -7.43998164479168667e-01
3.16357605337812942e+00 3.42597507032257864e+00 -7.84680641053982275e-01
3.86239316942772515e+00 2.70710018846124534e+00 -7.89716389765081961e-01
3.02639586306921871e+00 4.94757825493247605e+00 7.41455648043022886e-01
3.76575671803222534e+00 4.26869961157939404e+00 7.41455648043022886e-01
4.46194422575739846e+00 3.55028444200756788e+00 7.41455648043022886e-01
3.72194043798351171e+00 5.66907525655415423e+00 7.41004471266879849e-01
4.46128670082952361e+00 4.98987743104194426e+00 7.41455648043022886e-01
5.15747420855469674e+00 4.27146226147011721e+00 7.41455648043022886e-01
4.45974533908884219e+00 6.34442339242318987e+00 7.41455648043022886e-01
5.19877295165285336e+00 5.66523957822540769e+00 7.41455648043022886e-01
5.89496045937802648e+00 4.94682440865358153e+00 7.41455648043022886e-01
8.80609502196210769e+00 1.07803788914877536e+01 7.28310797102163954e-01
9.47331447585316511e+00 1.00008920146453697e+01 7.41455648043022664e-01
1.01944922953157153e+01 9.30536203184807320e+00 7.41455648043022664e-01
8.05083972945147330e+00 9.96996302762108044e+00 7.41455648043022664e-01
8.77778449305586683e+00 9.27971419518282126e+00 7.41455648043022664e-01
9.49896231251841527e+00 8.58418421238552298e+00 7.41455648043022664e-01
7.44065739059295606e+00 9.13755297573579739e+00 7.76716278251400105e-01
8.17342580599568436e+00 8.43979492160895894e+00 7.84681356068413050e-01
8.89427976308106771e+00 7.74529071293086169e+00 7.83088598779099310e-01
6.60633188196961374e+00 8.52314726554672397e+00 -7.41455648043021665e-01
7.33268504680664446e+00 7.83562794035384602e+00 -7.41455648043021665e-01
8.05273674222365088e+00 7.14122749652464428e+00 -7.41455648043021665e-01
5.87462246329077153e+00 7.82768301944631162e+00 -7.54734683843638732e-01
6.60878477731838920e+00 7.14098657658418823e+00 -7.44169954270015421e-01
7.33064798696119890e+00 6.44514520429770865e+00 -7.39408486842720869e-01
5.19844876526407162e+00 7.07875216640282812e+00 -7.44169954270015421e-01
5.93483746755113284e+00 6.40219258500100352e+00 -7.44169954270015421e-01
6.65670796693506528e+00 5.70635912975967319e+00 -7.39408486842720869e-01
