# n = 126
# s = 11.773585291697831
# x y theta(rad)
5.00000000000001776e-01 1.12735852916978310e+01 -1.29426634340457092e-17
1.50000000000020783e+00 1.12735852916978310e+01 6.30482232766746150e-21
2.50000000000041389e+00 1.12067186830403607e+01 -1.30209267658108959e-17
5.00000000000001776e-01 1.02735852916976249e+01 4.25678360652223635e-17
1.50000000000020783e+00 1.02735852916976249e+01 -1.82713729635111879e-16
5.00000000000001776e-01 9.27358529169742063e+00 0.00000000000000000e+00
1.50000000000020783e+00 9.27358529169742063e+00 -1.07610522236521732e-18
9.43049959298333462e-01 8.27358529169721457e+00 5.06648125188729451e-23
5.00000000000001776e-01 7.27358529169701029e+00 5.06389631247306630e-23
1.12724371882634333e+01 1.12735852916978310e+01 -5.16521485329060398e-17
1.02691744288612519e+01 1.12735852916978310e+01 3.06011043136775451e-18
9.26790248024106766e+00 1.12735852916978310e+01 1.87675502214543134e-17
8.26493026741587933e+00 1.12735852916978310e+01 5.35933588369101232e-17
7.26189124840920019e+00 1.12735852916978310e+01 0.00000000000000000e+00
6.25990966909188540e+00 1.12735852916978310e+01 2.95466652981954036e-23
5.23953993276773922e+00 1.12735852916978310e+01 0.00000000000000000e+00
3.50000000000061817e+00 1.12735852916978310e+01 -1.60566928487703083e-17
1.12735852916978310e+01 1.02735852916976249e+01 4.32331348317122459e-17
1.02735852916976249e+01 1.02735852916976249e+01 -2.71801522304937103e-18
9.27358529169742241e+00 1.02735852916976249e+01 3.24595895062565089e-17
8.27358529169721635e+00 1.02735852916976249e+01 5.06389940147566630e-17
7.27358529169701207e+00 1.02735852916976249e+01 -1.58483338589852316e-18
6.27358529169680779e+00 1.02735852916976249e+01 -2.11448044083867699e-23
5.26543183188417530e+00 1.02735852916976249e+01 2.58493941422821148e-26
1.12735852916978310e+01 9.27358529169742063e+00 4.42434398487645935e-17
1.02735852916976267e+01 9.27358529169742241e+00 5.40556581995919928e-16
9.27358529169742241e+00 9.27358529169742063e+00 5.83418283942833139e-16
8.27358529169721635e+00 9.27358529169742063e+00 2.73596447960046125e-16
1.12735852916978310e+01 8.27358529169721457e+00 4.28278412820427233e-16
1.02735852916976267e+01 8.27358529169721812e+00 5.40318756418220741e-16
1.12735852916978310e+01 7.27358529169701029e+00 -1.91903784529934285e-17
5.45102312282834234e-01 5.00000000000001332e-01 -2.62077394028549376e-15
1.54944132931004930e+00 5.00000000000003997e-01 -2.70080534858880263e-15
2.55515273539107568e+00 5.00000000000002220e-01 2.28704530710972646e-17
3.55912967412497672e+00 5.00000000000002220e-01 3.46305526879538334e-17
4.60841266581626741e+00 5.00000000000002220e-01 0.00000000000000000e+00
5.65173873928666115e+00 5.00000000000002220e-01 1.75471674406597689e-16
6.67353510940384176e+00 5.00000000000002220e-01 -1.29246970711410574e-26
7.74174380503004134e+00 5.00000000000002220e-01 0.00000000000000000e+00
5.44794312296017935e-01 1.50000000000020561e+00 -2.62077372106742219e-15
1.55022482420879015e+00 1.50000000000020650e+00 -2.65656169742522941e-15
2.55455112484773217e+00 1.50000000000020650e+00 2.69359491411627340e-17
3.56068443234117638e+00 1.50000000000020650e+00 -1.00974195868289511e-28
4.56484024289071311e+00 1.50000000000020650e+00 0.00000000000000000e+00
5.56923163158649626e+00 1.50000000000020739e+00 1.75471674406698663e-16
6.57782627198857917e+00 1.50000000000020650e+00 3.07361311150131678e-18
8.27358529169721457e+00 1.50000000000020650e+00 -1.46367330282488465e-17
5.00000000000001776e-01 2.50000000000040901e+00 1.18441380241659803e-18
1.50000000000020783e+00 2.50000000000041167e+00 -2.66456236415670732e-15
2.50000000000041389e+00 2.50000000000041167e+00 4.99266630103005257e-17
3.50000000000061817e+00 2.50000000000041167e+00 1.61558713389263218e-27
4.50000000000082245e+00 2.50000000000041167e+00 4.94885612992738340e-17
5.50000000000102673e+00 2.50000000000041167e+00 1.75471674404679180e-16
6.50815345981366011e+00 2.50000000000041167e+00 2.59360830323691901e-17
5.00000000000001776e-01 3.50000000000061684e+00 -2.71050540597021212e-20
1.50000000000020783e+00 3.50000000000061684e+00 0.00000000000000000e+00
2.50000000000041389e+00 3.50000000000061684e+00 0.00000000000000000e+00
3.50000000000061817e+00 3.50000000000061684e+00 1.61558713389263218e-27
5.00000000000001776e-01 4.50000000000082068e+00 -1.19636599952364958e-17
1.50000000000020783e+00 4.50000000000082068e+00 2.70041406381573449e-15
5.00000000000001776e-01 5.50000000000102496e+00 -8.89384595323834727e-19
1.12714291873070493e+01 5.00000000000002220e-01 0.00000000000000000e+00
1.01084487013865054e+01 5.00000000000002220e-01 -4.03896783473158044e-28
8.91875082595648827e+00 5.00000000000002220e-01 0.00000000000000000e+00
1.12735852916978310e+01 1.50000000000020650e+00 2.58493941422821148e-26
1.02735852916976249e+01 1.50000000000020650e+00 -4.38452445886092162e-17
9.27358529169742063e+00 1.50000000000020739e+00 -1.27581267935700739e-15
1.12726250125013863e+01 2.50000000000041167e+00 2.58493941422821148e-26
9.99907318016334656e+00 2.50000000000041167e+00 3.46455876722094071e-17
1.12735852916978310e+01 3.50000000000061684e+00 0.00000000000000000e+00
1.02735852916976249e+01 3.50000000000061684e+00 0.00000000000000000e+00
1.10153109159663884e+01 4.50000000000082068e+00 -8.31077973270744771e-17
1.12735852916978310e+01 5.50000000000102496e+00 -8.31077976372672068e-17
6.59306198115128517e+00 5.46960613287071595e+00 -4.12987715533058353e-01
1.00239163465052936e+01 5.45044522108301166e+00 -4.57733985110207797e-01
3.41854898157481202e+00 8.26614316269227878e+00 -4.12987715533058519e-01
1.80817206846088219e+00 7.29431969590285156e+00 -4.57733985110210184e-01
8.80371359832815514e+00 5.42554214183007488e+00 -4.57733985110207742e-01
6.19171434019593114e+00 4.55368033287380491e+00 -4.12987715533058242e-01
5.18052331054654935e+00 7.30397915882732107e+00 -4.12987715533057576e-01
4.65049238751506788e+00 3.65049238751486183e+00 -3.82516902746702525e-01
3.81989662253016604e+00 9.18206896268918982e+00 -4.12987715533058519e-01
7.54885461911608857e+00 2.48264030376843037e+00 8.51261337481899888e-02
7.12309290418276753e+00 9.12309290418317609e+00 -3.82516902746702525e-01
4.22473067258174506e+00 1.02909449879296080e+01 8.51261337481925978e-02
2.73455746066737682e+00 4.65863672047716904e+00 -4.12987715533058408e-01
8.35503631012302250e+00 4.50744212900576002e+00 -4.12987715533056965e-01
5.48525861307743323e+00 5.47044147628248645e+00 -3.82516902746702470e-01
9.03902783103045770e+00 8.11494857122086799e+00 -4.12987715533060462e-01
9.22696901088806065e+00 6.33179133675458772e+00 -4.57733985110207742e-01
2.54661628080977032e+00 6.44179395494345108e+00 -4.57733985110210184e-01
6.02403427013209392e+00 9.11794582103595452e+00 -4.12987715533058908e-01
6.99440962210663919e+00 6.38553193286762699e+00 -4.12987715533058353e-01
2.03602564098691552e+00 5.55264684009027931e+00 -5.09607104621886742e-01
6.28832667862040218e+00 7.30314381541555058e+00 -3.82516902746702470e-01
2.96987169336967405e+00 7.34804314986796392e+00 -4.57733985110210184e-01
7.27003342782011419e+00 4.52293460085226684e+00 -4.12987715533057020e-01
5.58187095150190338e+00 8.21990495882422856e+00 -4.12987715533058908e-01
8.71827287651612792e+00 2.64993330984998199e+00 -3.71996555527850326e-01
7.85985950414431400e+00 8.18988522380613126e+00 -4.12987715533058353e-01
4.90489950483307524e+00 9.16657649084268122e+00 -4.12987715533058519e-01
6.73122152638274240e+00 8.20285411912191265e+00 -3.82516902746702470e-01
1.35095533362324360e+00 6.37665058472884283e+00 -5.09607104621886742e-01
8.00651081816410937e+00 3.56837030026941893e+00 -4.12987715533056965e-01
7.43657294073683062e+00 7.28357279507935296e+00 -4.12987715533058353e-01
2.67067086869295878e+00 9.10662627480901143e+00 -4.50370963254690726e-01
5.04236376531509300e+00 4.57073117257612616e+00 -3.82516902746702470e-01
6.86868578686475928e+00 3.60700880085535625e+00 -4.12987715533057020e-01
4.77917566959119444e+00 6.38805335883041003e+00 -4.12987715533057576e-01
8.53683095081314214e+00 7.24321369178768215e+00 -4.12987715533060462e-01
3.94520001077004245e+00 4.56990844280732311e+00 -4.12987715533057576e-01
9.73755965071092078e+00 7.22093845160775771e+00 -5.09607104621890183e-01
3.66004090429217221e+00 6.43668402863713496e+00 -4.12987715533058297e-01
9.11186714457573643e+00 3.59276119518294790e+00 -4.14594244985274363e-01
4.33701235096100302e+00 5.49001249661868407e+00 -4.12987715533057576e-01
1.04226299580745909e+01 6.39693470696919597e+00 -5.09607104621890183e-01
9.50701909427826841e+00 4.59032677537618738e+00 -4.57733985110207742e-01
4.50355186387772033e+00 8.25065069084577019e+00 -4.12987715533058519e-01
4.10220422292236542e+00 7.33472489084885915e+00 -4.12987715533058297e-01
3.05372796747348829e+00 1.00354048377760048e+01 -4.50317637083657962e-01
7.67138106877546910e+00 5.43886040084917965e+00 -4.12987715533058408e-01
2.26656619741956256e+00 8.18325851632185142e+00 -4.57733985110210184e-01
5.88679264584891726e+00 6.38679264584901851e+00 -3.82516902746702470e-01
8.11354438740566053e+00 6.33690126306090384e+00 -4.12987715533060462e-01
3.25869326333681819e+00 5.52075822864022214e+00 -4.12987715533058297e-01
5.74955102156573883e+00 3.65563947066207895e+00 -4.12987715533058297e-01
