# n = 127
# s = 11.810878787595932
# x y theta(rad)
5.00000000000000000e-01 1.13095432928590096e+01 -0.00000000000000000e+00
1.50000000000060929e+00 1.13108787875954757e+01 4.44089209850062616e-16
2.50000000000121858e+00 1.13108787875950529e+01 8.88178419700125232e-16
3.50000000000182787e+00 1.13096799877466179e+01 8.88178419700125232e-16
4.50000000000243716e+00 1.13091360431505183e+01 1.77635683940025046e-15
5.50000000000304734e+00 1.13085523225023774e+01 1.77635683940025046e-15
6.50000000000365663e+00 1.13108787875959305e+01 2.22044604925031308e-15
7.91210274051956652e+00 1.11190481215963324e+01 5.77158267568140815e-01
9.29843618257631555e+00 1.13083088938720522e+01 -1.53185957052492938e-06
5.00000000092782670e-01 1.03068639976534673e+01 -1.84682713566530765e-10
1.50284886286130259e+00 1.03108787875935608e+01 -1.16218146217761387e-12
2.50485383974399056e+00 1.03069929192021075e+01 -3.84197687125498177e-04
3.50678901870135462e+00 1.03061123775476684e+01 -3.58962774179349964e-04
4.50919866066503694e+00 1.03036332492814324e+01 -5.29460938991199725e-04
5.51318670577711156e+00 1.03036672827483713e+01 -8.24746316216984354e-05
7.21124209071374977e+00 1.03486599260774739e+01 6.08581395586698326e-01
8.46425971423657764e+00 1.02852717335610340e+01 5.77158267566356020e-01
5.00000000000664357e-01 9.30452184369195301e+00 -9.32365296080206463e-13
1.50000000000255795e+00 9.31087878759235466e+00 -1.11688436277290748e-12
2.50000000000414957e+00 9.30366308129957353e+00 -2.02038386021285987e-12
3.50000000000535039e+00 9.30351126362267955e+00 -2.68629563038302877e-12
4.66953586057149472e+00 8.68413196684254451e+00 4.57951639374051256e-01
5.56443332088609210e+00 9.13042816809790381e+00 4.57951639374625241e-01
6.54561920065469316e+00 9.52519268669623287e+00 5.74190329360452667e-01
5.00000000000428102e-01 8.30195573892509664e+00 -1.12576614696990873e-13
1.50000000000239631e+00 8.31087878759036691e+00 7.28306304154102691e-13
2.50349033261496601e+00 8.29959773817641278e+00 -1.03709848046307229e-04
3.50617577547146198e+00 8.30120060733663045e+00 4.57871347915528304e-04
5.20209517537964850e+00 7.83175361084069088e+00 4.57951639373423092e-01
6.09905515827978917e+00 8.27386534906730198e+00 4.57951639373825214e-01
5.00000000001131539e-01 7.29870026946912276e+00 4.90718576884319191e-13
1.50000000000394351e+00 7.31087878758911280e+00 9.93871651644440135e-13
2.51121522670207753e+00 6.50541839611504713e+00 4.57951639373110453e-01
3.32348791310831082e+00 7.11934442797891798e+00 4.57951639372936814e-01
4.30513519248549237e+00 7.38964187260196859e+00 4.57951639373040953e-01
6.69535860565746432e-01 5.71808958949944568e+00 4.57951639371190655e-01
1.57934615700531822e+00 6.13413050441233487e+00 4.57951639371618535e-01
3.42993543905937059e+00 5.84337881655096503e+00 4.57951639378900266e-01
4.32919397527687533e+00 6.28662351214925863e+00 4.57951639369245100e-01
5.59511010872867587e-01 4.55951101087892674e+00 1.27481851476913377e-01
1.62773765333236575e+00 4.96373513128201793e+00 4.56811016786100588e-01
2.53064278398272791e+00 5.40011730376774324e+00 4.57951639371845909e-01
5.00000000001794120e-01 3.50000000000588329e+00 2.20445883769571083e-12
1.64871610915143130e+00 3.84084244906226147e+00 4.84328122526661353e-01
5.00000000000884626e-01 2.50000000000408917e+00 1.51878509768721415e-12
1.13108787875953318e+01 5.00000000000001776e-01 4.44089209850062616e-16
1.03108787875926957e+01 5.00000000000225597e-01 -4.50306458787963493e-13
9.31087878759016263e+00 5.00000000000181188e-01 3.57935903139150469e-13
8.31087878758775744e+00 5.00000000000001776e-01 -6.66133814775093924e-16
7.31087878758533627e+00 5.00000000000238032e-01 -4.75175454539566999e-13
6.31087878758277476e+00 5.00000000000188294e-01 9.37028232783632120e-14
5.31087878758106502e+00 5.02573506831289762e-01 5.73763259126280900e-13
4.31087878757973630e+00 5.00000000000298428e-01 3.65485419706601533e-13
2.50000000008333956e+00 5.00000000020776270e-01 1.59081636752489430e-11
1.50000000006246736e+00 5.00000001812313855e-01 1.10116360474421526e-11
1.13108787875953993e+01 1.50000000000061107e+00 8.88178419700125232e-16
1.03108787875924186e+01 1.50000000000101963e+00 -8.16235967704415089e-13
9.31087878758998322e+00 1.50000000000093436e+00 6.31494856406789040e-13
8.31087878758780718e+00 1.50000000000061107e+00 -1.55431223447521916e-15
7.31087878758562937e+00 1.50000000000100009e+00 -7.84261544595210580e-13
6.31087878758342402e+00 1.50000000000114930e+00 5.37347943918575766e-14
5.19212516844344307e+00 2.25245469832083778e+00 4.57951639407544464e-01
4.35745124897600000e+00 1.67501990864696459e+00 4.59051340862466573e-01
3.38544794405784266e+00 1.33901803445367307e+00 4.93043232151645139e-01
1.13108787875950298e+01 2.50000000000122036e+00 1.77635683940025046e-15
1.03105366923030886e+01 2.50000000000196110e+00 -1.47437617670220789e-12
9.31032644220380767e+00 2.50000000001149836e+00 2.05466754721328471e-11
8.31014363525226685e+00 2.50000000000122569e+00 2.66453525910037570e-15
7.30523253508590820e+00 2.50000000000188827e+00 -1.32316380074826156e-12
6.09576361877062212e+00 2.69017516484200669e+00 4.57970559336377647e-01
4.34642571069047801e+00 2.95048622106405745e+00 4.57951639403874289e-01
3.44815677209049021e+00 2.50459019493667157e+00 4.63598915474822570e-01
1.13108093240830208e+01 3.50000000000182965e+00 2.22044604925031308e-15
1.03105344377214756e+01 3.50000000000266098e+00 -1.64823710235850740e-12
9.31032393004068481e+00 3.50000000001376677e+00 2.38640218697128148e-11
8.31014986304025527e+00 3.50000000000183675e+00 8.43769498715118971e-15
7.31006572911228503e+00 3.50000000000256684e+00 -1.47282186446773267e-12
6.14050896834380655e+00 3.83460412628983605e+00 4.57913821411498612e-01
5.24342649300586938e+00 3.39261806937381039e+00 4.57951639376701802e-01
1.13108787875953851e+01 4.50000000000244249e+00 -2.22044604925031308e-16
1.03108787875924541e+01 4.50000000000335731e+00 -1.82320825103943207e-12
9.31087878759049303e+00 4.50297541005291713e+00 -6.13509243407861504e-13
8.31087878758891563e+00 4.50000000000245315e+00 9.76996261670137756e-15
7.31087878758675025e+00 4.50000000000323475e+00 -1.58673074679427373e-12
6.14134292702009521e+00 4.95007818139393230e+00 4.57951639372734309e-01
1.13108787875956445e+01 5.50000000000305533e+00 -1.99840144432528177e-15
1.03108787875933778e+01 5.50000000000410516e+00 -2.09787742733169580e-12
9.31087878759113963e+00 5.50459333993178923e+00 -1.04405373235749721e-12
8.31087878758889431e+00 5.50000000000306422e+00 4.44089209850062616e-15
7.31087878758505205e+00 5.50000000000390621e+00 -1.71063163634244120e-12
1.13094039970678164e+01 6.50000000000366462e+00 -4.21884749357559485e-15
1.03063883107953895e+01 6.50629967391481756e+00 -6.26045537541308761e-04
9.30400844064976873e+00 6.50701803952986246e+00 1.52281581951019263e-04
8.30147700481886730e+00 6.50000000000367351e+00 -0.00000000000000000e+00
1.13098142159876254e+01 7.50000000000427569e+00 -2.66453525910037570e-15
1.03070833229717955e+01 7.50981962830844552e+00 -5.94345578952548692e-05
9.30394502385507494e+00 7.50982737797606603e+00 1.11935613624769559e-04
1.13108787875959287e+01 8.50000000000488498e+00 -1.11022302462515654e-15
9.73658016886177968e+00 8.70834302907592317e+00 6.08357286671514341e-01
1.13084198030112439e+01 1.13089462574921367e+01 -1.77099726981211347e-05
1.13089498895248450e+01 1.03050787988229366e+01 -7.73613273647999478e-05
1.03034683786259240e+01 1.13108787875959305e+01 -3.10862446895043831e-15
1.04884673175323293e+01 9.38475499551566905e+00 6.08581395586710538e-01
5.00000000020037305e-01 5.00000000000602185e-01 4.63629135083465371e-13
5.00000000020271784e-01 1.50000000000233236e+00 9.69002655892836628e-13
1.67080950425250663e+00 2.70461511588904102e+00 4.63598915474655593e-01
1.50000000220070717e+00 1.50000000571192693e+00 1.58513735470933170e-09
2.55349277234543948e+00 3.17531941940029228e+00 4.63598915474622064e-01
2.55309649810665285e+00 2.02699972170094611e+00 4.93043232153596023e-01
2.55350299543405868e+00 4.29650816727553142e+00 4.57951639382616849e-01
3.45046297833705040e+00 3.62374296666722806e+00 4.57951639382853326e-01
3.45046297832747406e+00 4.73861990552191159e+00 4.57951639379574615e-01
4.34742296122861749e+00 4.06585470491413936e+00 4.57951639380336228e-01
4.34742296121999150e+00 5.18073164376775708e+00 4.57951639379029718e-01
5.24438294412335626e+00 4.50796644315846962e+00 4.57951639374402308e-01
5.22847453775875426e+00 6.72987906448624784e+00 4.57951639371223518e-01
5.24438294411809558e+00 5.62284338201090605e+00 4.57951639370308694e-01
6.12771091834739678e+00 7.17311283954654400e+00 4.57951639355416606e-01
6.14134292702074269e+00 6.06495512024757666e+00 4.57951639359150953e-01
7.29427415130072010e+00 7.50000000001198863e+00 4.77573536272757337e-12
7.29873338190328091e+00 6.50000000000803624e+00 1.72395431263794308e-12
7.09779188735784139e+00 8.69139374875888926e+00 5.74190329361396135e-01
8.30081275982395006e+00 7.50000000000428102e+00 8.88178419700125232e-16
7.76354171380312952e+00 9.51467882012147115e+00 6.08581395586698992e-01
8.33791951607511450e+00 8.69608199645471380e+00 6.08581395586699880e-01
9.78700306821259680e+00 1.01147967911454959e+01 6.08581395586710538e-01
9.03629602856070413e+00 9.44298949635852480e+00 6.08581395586708540e-01
