# n = 130
# s = 11.905917042068230
# x y theta(rad)
5.10851197677146374e-01 1.14059170420682250e+01 -4.39104524766637934e-17
1.51085132711730985e+00 1.14059170420682250e+01 -3.80048498464909620e-17
2.51085132711973102e+00 1.14059170420682250e+01 5.85070281447640036e-18
3.51410132712217127e+00 1.14059170420682250e+01 5.39923421255394508e-17
4.51930561860864266e+00 1.14059170420682250e+01 1.15463194561016280e-14
5.53799008342011234e+00 1.13938757335473326e+01 -1.87859328278671585e-02
6.54680076678951650e+00 1.13552171309832399e+01 -6.44508258311537394e-08
7.54680122902959649e+00 1.14044998103003117e+01 6.44837275817594195e-08
8.55585818080689720e+00 1.14059170420682250e+01 3.00517125290458709e-16
5.10851198116268890e-01 1.04059170420680012e+01 1.37244005855144062e-21
1.51085132711950898e+00 1.04059170420680029e+01 -3.96113444042952582e-17
2.51085132711973102e+00 1.04059170420680012e+01 1.06602243656469877e-17
3.51085132712215575e+00 1.04059170420657985e+01 -4.40500772717723745e-12
4.51085132712458226e+00 1.04059170420680047e+01 2.87248488279630404e-15
5.51085132712700876e+00 1.03809832588982793e+01 -4.40458353599015529e-12
6.75129821453648482e+00 1.01288214451394971e+01 6.94025346514575259e-01
8.00446324654840780e+00 1.02041352736337139e+01 7.17202458168542778e-01
5.10851198116268890e-01 9.40591704206777734e+00 -4.32976317907459732e-17
1.51085132706783476e+00 9.40591704206777734e+00 -2.29339060915979595e-17
2.51157041318124818e+00 9.40591704206777734e+00 1.08620745409949360e-17
3.51873563620583418e+00 9.39285848740452600e+00 -8.32506535333176270e-03
4.87072882972625898e+00 9.20008886772486711e+00 7.25252201805065111e-01
6.12220118560783710e+00 9.31377329667930809e+00 7.11533321328604362e-01
7.41154309511810894e+00 9.36256367212880747e+00 7.17202458168542778e-01
5.00000000000005329e-01 8.40591704206755352e+00 -4.32976317907459732e-17
1.50000000000022915e+00 8.40591704206755352e+00 2.80389071025097113e-17
2.50000000000045119e+00 8.40591704206755352e+00 9.47743217706469853e-17
3.52501767001854382e+00 7.70314200948815753e+00 7.25252201805086205e-01
4.23498828581315401e+00 8.40974394495333222e+00 7.25252201805086205e-01
5.53788034085219216e+00 8.45514926015372659e+00 7.25252201805065111e-01
5.00000000000005329e-01 7.40591704206733237e+00 -4.40804027305722540e-17
1.50000000000022915e+00 7.40591704206733237e+00 -5.75953763004214582e-19
2.70582817434336320e+00 7.11975584142860818e+00 7.25252201805065111e-01
4.19105351353928235e+00 6.95721347031577864e+00 7.25252201805086205e-01
4.90102412933389253e+00 7.66381540578095333e+00 7.25252201805086205e-01
5.00000000000005329e-01 6.40591704206710855e+00 -4.90951258310413365e-19
1.50000000000022915e+00 6.40591704206710855e+00 -5.75913954937235468e-19
2.53593198910033024e+00 5.74501066424247231e+00 -7.57279366066426207e-01
3.37169193048440441e+00 6.37096959054490153e+00 7.29309178128251578e-01
5.00000000000005329e-01 5.40591704206688561e+00 0.00000000000000000e+00
1.70591203758735155e+00 5.13320593281936688e+00 -7.27258699672673536e-01
2.42887050507812141e+00 4.44136872113486270e+00 -7.27258699672673536e-01
5.02160711541606020e-01 4.40591704206666357e+00 -7.79815107650344081e-20
1.56987289775728023e+00 3.82237686798785292e+00 -6.58964187281214420e-01
6.97349535222420158e-01 3.20856750684402536e+00 -6.19081107839426381e-01
1.14059170420682303e+01 5.00000000000000000e-01 0.00000000000000000e+00
1.04059170420680065e+01 5.00000000000000000e-01 3.72231275648862454e-24
9.40591704206778445e+00 5.00000000000000000e-01 6.61744490042422140e-24
8.40591704206756063e+00 5.00000000000000000e-01 -8.98353454987998529e-17
7.40591704206733858e+00 5.00000000000000000e-01 1.65647339590352741e-17
6.40591704206711565e+00 5.00000000000000000e-01 1.65647307278610064e-17
5.40591704206689272e+00 5.00000000000000000e-01 1.19234918571021925e-17
4.40591704206666890e+00 5.00000000000000000e-01 1.31783978498809547e-17
3.40591704206644685e+00 5.00000000000000000e-01 1.00131409087919864e-18
2.40591704206622303e+00 5.00000000000000000e-01 -4.27921044952872531e-17
1.14059170420682303e+01 1.50000000000022293e+00 4.09533007144502221e-20
1.04059170420680065e+01 1.50000000000022293e+00 4.09533580867261370e-20
9.40591704206778445e+00 1.50000000000022382e+00 -1.10154940907542981e-16
8.40591704206756063e+00 1.50000000000022293e+00 5.04691560764657507e-17
7.40591704206733858e+00 1.50000000000022293e+00 -1.76649838877687048e-17
6.40591704206711565e+00 1.50000000000022293e+00 1.29368871284306748e-17
5.40591704206689272e+00 1.50000000000022293e+00 1.29368871284306748e-17
4.40591704206666890e+00 1.50000000000022293e+00 1.29368880590088639e-17
3.40591704206644685e+00 1.50000000000022293e+00 5.13186473528017703e-17
1.14059170420682303e+01 2.50000000000044587e+00 -1.29895144269528298e-17
1.04059170420680065e+01 2.50000000000044587e+00 -5.01201047797248851e-18
9.40591704206778445e+00 2.50000000000044587e+00 5.04691560764657507e-17
8.40591704206756063e+00 2.50000000000044631e+00 5.04691553526827147e-17
7.40591704206733858e+00 2.50000000000044587e+00 9.47178883039337441e-17
6.40591704206711565e+00 2.50000000000044587e+00 1.00870561304474886e-16
5.40591704206689272e+00 2.50000000000044587e+00 2.70648613303121561e-17
4.40591704206666890e+00 2.50000000000044587e+00 2.70649490259973709e-17
1.14059170420682303e+01 3.50000000000066924e+00 -7.20784506263394490e-22
1.04059170420680065e+01 3.50000000000066924e+00 5.55103902250942782e-17
9.40591704206778445e+00 3.50000000000066924e+00 5.55111379963680262e-17
8.40591704206756063e+00 3.50000000000066924e+00 5.55106747752249965e-17
7.40591704206733947e+00 3.50000000000066880e+00 5.55111644661476279e-17
6.40591704206711565e+00 3.50000000000066880e+00 1.11015155622023196e-16
5.40591704206689272e+00 3.50000000000066969e+00 -9.26091608670968693e-16
1.14059170420682303e+01 4.50000000000089173e+00 -1.80858474897738208e-17
1.04059170420680065e+01 4.50000000000089173e+00 -1.80858474897738208e-17
9.40591704206778445e+00 4.50000000000089173e+00 -2.04431401819825387e-17
8.40591704206756063e+00 4.50000000000089173e+00 -7.59525973473458571e-17
7.40591704206733858e+00 4.50000000000089173e+00 -2.03974004028308065e-17
6.40591704206711565e+00 4.50000000000089173e+00 -7.29986546470912101e-16
1.14059170420682303e+01 5.50000000000111466e+00 1.04909265682181368e-17
1.04059170420680065e+01 5.50000000000111466e+00 1.87888848359948901e-17
9.40591704206778445e+00 5.50000000000111466e+00 5.46859717340426876e-16
8.40591704206756063e+00 5.50000000000111466e+00 6.01783027706290219e-16
7.40591704206733858e+00 5.50000000000111466e+00 6.57232345532398482e-16
1.14059170420682303e+01 6.50000000000133760e+00 3.96469388132340275e-17
1.04059170420680083e+01 6.50000000000133760e+00 9.53451414820830246e-17
9.40591704206778445e+00 6.50000000000133760e+00 6.49890687462071834e-16
8.40591704206756063e+00 6.50000000000133760e+00 5.94214468824061447e-16
1.14059170420682303e+01 7.50000000000155964e+00 -2.14559555819301629e-17
1.04059170420680065e+01 7.50000000000155964e+00 -2.14559746587830399e-17
9.40591704206778445e+00 7.50000000000155964e+00 -2.14559935805395520e-17
1.14059170420682303e+01 8.50000000000178346e+00 -6.86393854237488423e-17
1.04059170420680065e+01 8.50000000000178346e+00 -2.14559938907322817e-17
1.14059170420682303e+01 9.50000000000200728e+00 -1.25767452008318514e-17
1.14059170420682303e+01 1.14059170420682250e+01 1.90201248305953141e-18
5.00000000000005329e-01 5.00000000000000000e-01 0.00000000000000000e+00
6.97349535222420158e-01 1.88874651696555418e+00 -6.19081107839426381e-01
1.48380233886401136e+00 1.26921971035579606e+00 -6.19081107839426381e-01
1.46831077646786667e+00 2.56729884906715755e+00 -6.19081107839426381e-01
2.25476358010945610e+00 1.94777204245739943e+00 -6.19081107839426381e-01
2.33910235177570591e+00 3.18244931263641728e+00 -6.58964187281214420e-01
3.40591704206644685e+00 2.59775027951209125e+00 3.22326449276445440e-17
3.20000500447932623e+00 3.80366231709943525e+00 -7.27258699672673536e-01
4.40591704206666890e+00 3.50000000000066924e+00 1.75987586188555789e-17
3.29486714658308522e+00 5.04633743800922829e+00 -6.92163329692447871e-01
4.40591704206666890e+00 4.50000000000089173e+00 1.14980038162564807e-17
4.21260710386295401e+00 5.69330993820483222e+00 5.87532220641852510e-01
5.40591704206689183e+00 4.50000000000089262e+00 -1.19844971228205512e-15
5.40591704206689094e+00 6.50000000000133848e+00 6.67744070600691681e-16
5.40591704206689361e+00 5.50000000000111555e+00 6.56871509496868150e-16
9.99600139323712256e+00 1.11989930958927992e+01 7.08768059320895261e-01
1.06485637468069605e+01 1.04380081620898526e+01 7.09115188555686227e-01
9.30816401693634532e+00 1.04635782037910197e+01 7.09115188555686338e-01
9.95980502009494728e+00 9.70505041886397102e+00 7.09115188555686338e-01
8.77244458460052456e+00 9.54703477207101692e+00 7.17202397722041640e-01
9.40591704206778267e+00 8.50000000000178169e+00 -1.44230025383676596e-15
8.17952442203037577e+00 8.70546316085071048e+00 7.17202397722041640e-01
8.40591704206756063e+00 7.50000000000155964e+00 -2.14561684258415304e-17
6.78418524923978428e+00 8.56047893202986643e+00 7.17202458168542778e-01
7.40591704206733858e+00 7.50000006450134915e+00 3.40549828054162966e-17
6.20008886772420453e+00 7.70582817434447165e+00 7.25252201805065111e-01
7.40591704206733947e+00 6.50000000000133848e+00 -1.21556768716251285e-17
6.40591704206711565e+00 6.50000000000133848e+00 6.57995522217874607e-16
6.40591704206711476e+00 5.50000000000111466e+00 7.12380119629284214e-16
