# n = 131
# s = 11.951105389416881
# x y theta(rad)
5.00000000000000000e-01 1.12724624848027517e+01 0.00000000000000000e+00
1.14447210487336157e+01 5.06766444438514263e-01 2.95638165942218624e-03
5.00000000000000000e-01 5.00000000000000000e-01 0.00000000000000000e+00
1.50000000000020162e+00 5.00000000000000000e-01 0.00000000000000000e+00
2.50000000000040279e+00 5.00000000000000000e-01 0.00000000000000000e+00
3.50000000000060396e+00 5.00000000000000000e-01 0.00000000000000000e+00
4.50000000000080558e+00 5.00000000000000000e-01 0.00000000000000000e+00
5.00000000000000000e-01 1.50000000000020162e+00 0.00000000000000000e+00
1.50000000000020162e+00 1.50000000000020162e+00 0.00000000000000000e+00
2.50000000000040279e+00 1.50000000000020162e+00 0.00000000000000000e+00
3.50000000000060396e+00 1.50000000000020162e+00 0.00000000000000000e+00
5.00000000000000000e-01 2.50000000000040279e+00 0.00000000000000000e+00
1.50000000000020162e+00 2.50000000000040279e+00 0.00000000000000000e+00
2.50000000000040279e+00 2.50000000000040279e+00 0.00000000000000000e+00
5.00000000000000000e-01 3.50000000000060396e+00 0.00000000000000000e+00
1.50000000000020162e+00 3.50000000000060396e+00 0.00000000000000000e+00
5.00000000000000000e-01 4.50000000000080558e+00 0.00000000000000000e+00
1.50000000000020162e+00 4.50000000000080558e+00 0.00000000000000000e+00
5.00000000000000000e-01 5.50000000000100719e+00 0.00000000000000000e+00
5.00000000000000000e-01 6.50000000000120792e+00 0.00000000000000000e+00
1.14511053894168811e+01 1.14511053894168811e+01 0.00000000000000000e+00
1.04511053894166785e+01 1.14511053894168811e+01 0.00000000000000000e+00
9.45110538941647960e+00 1.14511053894168811e+01 0.00000000000000000e+00
8.45110538941627709e+00 1.14511053894168811e+01 0.00000000000000000e+00
7.45110538941607725e+00 1.14511053894168811e+01 0.00000000000000000e+00
6.45110538941587563e+00 1.14511053894168811e+01 0.00000000000000000e+00
5.45110538941567491e+00 1.14511053894168811e+01 0.00000000000000000e+00
4.45110538941547329e+00 1.14511053894168811e+01 0.00000000000000000e+00
3.45110538941527167e+00 1.14511053894168811e+01 0.00000000000000000e+00
1.50000000000020162e+00 1.14511053894168811e+01 0.00000000000000000e+00
1.14511053894168811e+01 1.04511053894166803e+01 0.00000000000000000e+00
1.04511053894166785e+01 1.04511053894166803e+01 0.00000000000000000e+00
9.45110538941647960e+00 1.04511053894166803e+01 0.00000000000000000e+00
8.45110538941627709e+00 1.04511053894166803e+01 0.00000000000000000e+00
7.45110538941607725e+00 1.04511053894166803e+01 0.00000000000000000e+00
6.45110538941587563e+00 1.04511053894166803e+01 0.00000000000000000e+00
5.45110538941567491e+00 1.04511053894166803e+01 0.00000000000000000e+00
4.45110538941547329e+00 1.04511053894166803e+01 0.00000000000000000e+00
3.39476698943225319e+00 9.96628350227639714e+00 4.27409884443884613e-01
1.14511053894168811e+01 9.45110538941647960e+00 0.00000000000000000e+00
1.04511053894166785e+01 9.45110538941647960e+00 0.00000000000000000e+00
9.45110538941647960e+00 9.45110538941647960e+00 0.00000000000000000e+00
8.45110538941627709e+00 9.45110538941647960e+00 0.00000000000000000e+00
7.45110538941607725e+00 9.45110538941647960e+00 0.00000000000000000e+00
6.45110538941587563e+00 9.45110538941647960e+00 0.00000000000000000e+00
5.45110538941567491e+00 9.45110538941647960e+00 0.00000000000000000e+00
4.29223791649524244e+00 9.26884243505682903e+00 4.13885608190660337e-01
1.14511053894168811e+01 8.45110538941627709e+00 0.00000000000000000e+00
1.04511053894166785e+01 8.45110538941627709e+00 0.00000000000000000e+00
9.45110538941647960e+00 8.45110538941627709e+00 0.00000000000000000e+00
8.45110538941627709e+00 8.45110538941627709e+00 0.00000000000000000e+00
7.45110538941607725e+00 8.45110538941627709e+00 0.00000000000000000e+00
6.45110538941587563e+00 8.45110538941627709e+00 0.00000000000000000e+00
5.45110538941567491e+00 8.45110538941627709e+00 0.00000000000000000e+00
4.32352506347338394e+00 8.13657581978691447e+00 4.13885608190660337e-01
1.14511053894168811e+01 7.45110538941607725e+00 0.00000000000000000e+00
1.04511053894166785e+01 7.45110538941607725e+00 0.00000000000000000e+00
9.45110538941647960e+00 7.45110538941607725e+00 0.00000000000000000e+00
8.45110538941627709e+00 7.45110538941607725e+00 0.00000000000000000e+00
7.45110538941607725e+00 7.45110538941607725e+00 0.00000000000000000e+00
6.45110538941587563e+00 7.45110538941607725e+00 0.00000000000000000e+00
5.45110538941567491e+00 7.36613507875141771e+00 0.00000000000000000e+00
3.40795999974281960e+00 7.73440593767681595e+00 4.13885608190660337e-01
1.14511053894168811e+01 6.45110538941587563e+00 0.00000000000000000e+00
1.04511053894166785e+01 6.45110538941587563e+00 0.00000000000000000e+00
9.45110538941647960e+00 6.45110538941587563e+00 0.00000000000000000e+00
8.45110538941627709e+00 6.45110538941587563e+00 0.00000000000000000e+00
7.45110538941607725e+00 6.45110538941587563e+00 0.00000000000000000e+00
6.45110538941587563e+00 6.45110538941587563e+00 0.00000000000000000e+00
5.45110538941567491e+00 6.36613507875121609e+00 0.00000000000000000e+00
4.29223791649524244e+00 7.03061100273034167e+00 4.13885608190660337e-01
1.14511053894168811e+01 5.45110538941567491e+00 0.00000000000000000e+00
1.04511053894166785e+01 5.45110538941567491e+00 0.00000000000000000e+00
9.45110538941647960e+00 5.45110538941567491e+00 0.00000000000000000e+00
8.45110538941627709e+00 5.45110538941567491e+00 0.00000000000000000e+00
7.45110538941607725e+00 5.45110538941567491e+00 0.00000000000000000e+00
6.45110538941587563e+00 5.45110538941567491e+00 0.00000000000000000e+00
5.26017069183247354e+00 5.16188248191788812e+00 -5.71115665934493255e-01
4.36015229322629594e+00 5.96822131394778754e+00 4.13885608190660337e-01
1.14511053894168811e+01 4.45110538941547329e+00 0.00000000000000000e+00
1.04511053894166785e+01 4.45110538941547329e+00 0.00000000000000000e+00
9.45110538941647960e+00 4.45110538941547329e+00 0.00000000000000000e+00
8.45110538941627709e+00 4.45110538941547329e+00 0.00000000000000000e+00
1.14511053894168811e+01 3.45110538941527167e+00 0.00000000000000000e+00
1.04511053894166785e+01 3.45110538941527167e+00 0.00000000000000000e+00
1.14511053894168811e+01 2.45110538941507050e+00 0.00000000000000000e+00
4.50000000000080558e+00 1.50000000000020162e+00 0.00000000000000000e+00
5.50000000000100719e+00 5.00000000000000000e-01 0.00000000000000000e+00
5.05833917126881438e+00 4.10292916385589734e+00 -5.71115665934493255e-01
6.24927386885221647e+00 4.45110538941547329e+00 0.00000000000000000e+00
7.45110538941607725e+00 4.45110538941547329e+00 0.00000000000000000e+00
1.57550734196337405e+00 1.02854348457710181e+01 4.41360010984249207e-01
6.65670543645662249e-01 9.87025670420067591e+00 4.41360010984249207e-01
2.53254560200976764e+00 1.06749409415959100e+01 5.06983344471603092e-01
1.55386116690110931e+00 9.16890882860278467e+00 4.13885608190660337e-01
6.58867472920230846e-01 8.71990692775205822e+00 4.13885608190660337e-01
2.49317172384572361e+00 9.51702060001158401e+00 4.13885608190660337e-01
2.48091324973445770e+00 8.41941429228082683e+00 4.13885608190660337e-01
1.56217406253952884e+00 8.02447050213139867e+00 4.13885608190660337e-01
5.00000000000000000e-01 7.56103945483162576e+00 0.00000000000000000e+00
3.39647831346502205e+00 8.82158417439092446e+00 4.13885608190660337e-01
2.49239493601225481e+00 7.33223605556671831e+00 4.13885608190660337e-01
1.63639197083270282e+00 6.79446930511416536e+00 4.13885608190660337e-01
3.37667285276467855e+00 6.62844112062024315e+00 4.13885608190660337e-01
2.51175582754855409e+00 6.08705893581182966e+00 4.40672791581898871e-01
1.50000000000020162e+00 5.50000000000100719e+00 0.00000000000000000e+00
3.37755809437412902e+00 5.33129170972230781e+00 -7.54862233034448660e-01
2.50000000000040279e+00 4.50000000000080558e+00 0.00000000000000000e+00
1.06472699072538077e+01 1.54387579408592313e+00 -4.62351742851787428e-01
1.01577545555715538e+01 6.70530065607283454e-01 -4.62351742851787428e-01
9.95252076041228051e+00 2.39174450292615992e+00 -4.62351742851787428e-01
9.46300540873003015e+00 1.51839877444751981e+00 -4.62351742851787428e-01
8.92237051470204179e+00 6.70530065607283454e-01 -4.62351742851787428e-01
9.27464153645419032e+00 3.27464153645298106e+00 -4.89924613828416733e-01
8.77945780484337845e+00 2.39272879631183377e+00 -5.13038266179881686e-01
8.24082046401494495e+00 1.54840590727034311e+00 -5.13038266179881686e-01
7.74308290764302587e+00 6.81041944531041388e-01 -5.13038266179881686e-01
8.12594153575547651e+00 3.27006344488423029e+00 -5.13038266179881686e-01
7.58730419492704389e+00 2.42574055584273918e+00 -5.13038266179881686e-01
7.06198930506183853e+00 1.57391240537852362e+00 -5.13038266179881686e-01
6.56204096311178287e+00 5.00000000000000000e-01 0.00000000000000000e+00
6.96060898970531206e+00 3.35222357738858667e+00 -5.67188088968370696e-01
6.43565766650390092e+00 2.50096616758528834e+00 -5.67188088968370696e-01
5.89105653579372213e+00 1.66222585258416977e+00 -5.67188088968370696e-01
5.75461007272270653e+00 3.31317315018944303e+00 -5.45400640112573276e-01
5.21162631799685094e+00 2.45834028702216045e+00 -5.71115665934493255e-01
4.21638143884124972e+00 4.64247403173508744e+00 -5.71115665934493255e-01
4.53289243001136999e+00 3.25191276890595482e+00 -5.71115665934493255e-01
3.69093469758380532e+00 3.79145763678514580e+00 -5.71115665934493255e-01
3.50000000000060396e+00 2.50000000000040279e+00 0.00000000000000000e+00
2.50000000000040279e+00 3.50000000000060396e+00 0.00000000000000000e+00
