# n = 132
# s = 11.991327887694469
# x y theta(rad)
5.00000000000000000e-01 1.14913278876944673e+01 1.38622505641761435e-17
1.14913278876944656e+01 5.00000000000000000e-01 3.55618312575245454e-17
5.24337622561825256e-01 5.50134655035839604e+00 -2.69642895559751763e-03
5.00000000000000000e-01 4.50000000000083134e+00 -3.36877708617244059e-17
1.50000000000020783e+00 4.50000000000083134e+00 1.57846283786733377e-16
5.00000000000000000e-01 3.50000000000062350e+00 0.00000000000000000e+00
1.50000000000020783e+00 3.50000000000062350e+00 2.68583616566506040e-19
5.83694436769198077e-01 2.50000000000041567e+00 2.63461127784730607e-17
1.60883450501710890e+00 2.50000000000041567e+00 -3.50322284890589059e-17
5.00000000000000000e-01 1.50000000000020783e+00 2.19550939928314648e-17
1.50000000000020783e+00 1.50000000000020783e+00 1.63172426959068417e-17
2.50000000000041389e+00 1.50000000000020783e+00 -5.76991745636024248e-17
5.00000000000000000e-01 5.00000000000000000e-01 5.00901403688303049e-17
1.50000000000020783e+00 5.00000000000000000e-01 -8.67361737988403547e-19
2.50000000000041389e+00 5.00000000000000000e-01 1.64798730217796674e-17
3.50000000000062172e+00 5.00000000000000000e-01 -1.38777878078144568e-17
2.49132788769259861e+00 1.14913278876944638e+01 -1.45779791233342346e-15
3.49132788769280644e+00 1.14913278876944673e+01 -3.01037440764793079e-16
4.49132788769301339e+00 1.14913278876944673e+01 -3.13709378477475021e-16
5.49132788769322033e+00 1.14890915211409244e+01 -2.58659213942917995e-16
6.49132788769342817e+00 1.14887549286679018e+01 -2.49838174805528892e-16
7.49132788769363511e+00 1.14913278876944673e+01 1.43505472743902643e-16
8.49132788769384206e+00 1.14913278876944673e+01 -9.96345860920197238e-18
9.49132788769405167e+00 1.14913278876944673e+01 -1.31740240154639617e-16
1.04913278876942595e+01 1.14913278876944673e+01 -2.91040520524106561e-17
1.14913278876944656e+01 1.14913278876944673e+01 -7.41662048615865377e-17
3.49132788769280644e+00 1.04913278876942613e+01 -2.97972081999533949e-15
4.49132788769301339e+00 1.04913278876942577e+01 -2.22509993240940270e-15
5.49132788769322300e+00 1.04866029105521896e+01 -5.38168786491866497e-15
6.49132788769343083e+00 1.04873320379353565e+01 -2.32923177230949982e-16
7.49132788769363511e+00 1.04913278876942577e+01 -4.97917526261090068e-16
8.49132788769384206e+00 1.04913278876942595e+01 -4.67658585725519761e-17
9.49132788769405167e+00 1.04913278876942595e+01 -7.71813704520353968e-17
1.04913278876942595e+01 1.04913278876942595e+01 5.75124345643586423e-17
1.14913278876944656e+01 1.04913278876942595e+01 -2.95671646690814517e-17
4.49132788769301339e+00 9.49132788769404989e+00 -4.33659777463463583e-16
5.49132788769322211e+00 9.48550538426350265e+00 -7.29127592515066570e-16
6.49132788769342817e+00 9.48490780462786631e+00 -2.78427071716984756e-16
7.49132788769363511e+00 9.49132788769404989e+00 -2.40574822171023902e-16
8.49132788769384206e+00 9.49132788769405167e+00 -1.04706669412320918e-15
9.49132788769404989e+00 9.49132788769405167e+00 -3.05306366929825230e-16
1.04913278876942595e+01 9.49132788769405167e+00 -3.84341481869500928e-17
1.14913278876944656e+01 9.49132788769405167e+00 -2.95654368592168047e-17
4.49132788769300806e+00 8.49132788769384206e+00 -9.72229077966711600e-16
5.49132788769321589e+00 8.44211921461816139e+00 -1.75837625912631670e-15
6.49132788769342373e+00 8.48416794997728374e+00 5.24034374721702611e-15
7.49132788769363511e+00 8.49132788769384206e+00 1.96392641021281752e-17
8.49132788769384206e+00 8.49132788769384561e+00 1.80999538298872405e-16
9.49132788769405167e+00 8.49132788769384561e+00 2.30913929529209904e-16
1.04913278876942577e+01 8.49132788769384561e+00 -3.83754485414179541e-17
1.14913278876944656e+01 8.49132788769384561e+00 -3.02143401850164385e-17
5.49132788769321856e+00 7.43905212664783022e+00 5.27443750613228936e-15
6.49132788769342284e+00 7.48384330708190504e+00 -2.56251172484547988e-15
7.49132788769363067e+00 7.49132788769363600e+00 -4.70039706493668775e-17
8.49132788769383851e+00 7.49132788769363600e+00 8.86878556162652578e-16
9.49132788769404812e+00 7.49132788769363778e+00 -1.99640431123419327e-15
1.04913278876942577e+01 7.49132788769363511e+00 -2.02447974135566867e-15
1.14913278876944656e+01 7.49132788769363600e+00 -4.25235298853425228e-17
5.49132788769321056e+00 6.43768529237658882e+00 1.20585225263833320e-14
6.49132788769342728e+00 6.48384330708169720e+00 2.15443598007504936e-15
7.49132788769363422e+00 6.49132788769342728e+00 -1.83898480738937022e-15
8.49132788769384206e+00 6.49132788769342461e+00 -1.58725415506648120e-15
9.49132788769405167e+00 6.49132788769342906e+00 1.35848130138917981e-16
1.04913278876942595e+01 6.49132788769342728e+00 4.52754421572062625e-17
1.14913278876944673e+01 6.49132788769342728e+00 3.05068421225716311e-15
5.49132788769321412e+00 5.43555677370153401e+00 6.20060644975589906e-15
6.49132788769342017e+00 5.48384330708149204e+00 -2.60113050278106565e-15
7.49132788769363156e+00 5.49132788769321944e+00 -2.62224084554072987e-15
8.49132788769384028e+00 5.49132788769321856e+00 -4.69913483329601411e-15
9.49132788769404989e+00 5.49132788769321678e+00 8.37272997841217197e-16
1.04913278876942595e+01 5.49132788769322033e+00 2.78188302057707976e-16
1.14913278876944673e+01 5.49132788769321944e+00 3.08086956838081328e-15
8.49132788769383140e+00 4.49132788769301250e+00 -6.85773560881250331e-15
9.49132788769405167e+00 4.49132788769300895e+00 -3.99923496948269263e-16
1.04913278876942595e+01 4.49132788769301339e+00 5.67194675067182944e-17
1.14913278876944656e+01 4.49132788769301339e+00 3.19823759015462790e-17
1.04913278876942595e+01 3.49132788769280600e+00 6.55163211304796836e-17
1.14913278876944656e+01 3.49132788769280600e+00 9.45543499922422766e-17
1.14913278876944656e+01 2.49132788769259816e+00 9.45565499824789380e-17
4.40898603972048786e+00 5.35948098928034966e+00 -6.15490050939815209e-02
4.49132788769299918e+00 7.38616851055704782e+00 -2.56332624908244400e-15
4.49132788769300095e+00 6.38616851055683554e+00 6.23009680364373964e-15
6.85820724917439506e-01 1.02517693845201112e+01 5.39409197003052232e-01
1.55760924124217404e+00 1.07423854951768512e+01 5.39409197003052232e-01
1.55214589158381067e+00 9.53731028310592954e+00 4.15449722967620116e-01
2.42770157854787172e+00 1.00301815231409517e+01 4.15449722967620116e-01
2.45748596595830726e+00 8.84047516613180484e+00 4.09521461622924243e-01
3.33358695143703976e+00 9.33358695143828498e+00 4.09521461622924243e-01
3.36710878350024245e+00 8.14667988625445716e+00 4.36530120603174698e-01
6.59268171307177298e-01 9.08370682405542951e+00 4.15449722967620116e-01
6.57740936255768460e-01 7.96378206906291730e+00 4.09521461622924243e-01
1.56429573956221724e+00 8.38673385255334836e+00 4.09521461622924243e-01
6.64510850122406183e-01 6.84383304232001777e+00 4.36530120603174698e-01
1.56884644892165248e+00 7.27067853837134148e+00 4.36530120603174698e-01
2.47507062112208764e+00 7.69347606641526482e+00 4.36530120603174698e-01
1.51414520996063295e+00 6.13658760127825342e+00 4.41360645469078661e-01
2.42059286536995977e+00 6.56457982655693861e+00 4.36530120603174698e-01
3.32681703757039493e+00 6.98737735460086196e+00 4.36530120603174754e-01
2.35160988302295948e+00 5.42625744935994891e+00 4.41360645469078661e-01
3.25899883283504366e+00 5.85225714828243948e+00 4.36530120603174754e-01
2.65906053348030369e+00 3.51419003948672426e+00 -4.14638428970790063e-01
3.06269443188243962e+00 4.42911101575562949e+00 -4.14638428970790063e-01
3.27255155187613767e+00 2.42625444590963646e+00 -4.15485043047645441e-01
3.67618530562489454e+00 3.34117509429128789e+00 -4.15485043047647495e-01
4.07952972443618389e+00 4.25684190663585849e+00 -4.14352610664424081e-01
3.98109955173461216e+00 1.55483375501440602e+00 -4.15485043047645386e-01
4.38473330548336815e+00 2.46975440339605745e+00 -4.15485043047646996e-01
4.78836705923212502e+00 3.38467505177771022e+00 -4.15485043047646940e-01
5.19143525231955927e+00 4.30105422082063171e+00 -4.13270286071035553e-01
4.67899958007600958e+00 6.59277201065419760e-01 -4.15485043047646885e-01
5.08263333382476556e+00 1.57419784944707253e+00 -4.15485043047646940e-01
5.48626708757352244e+00 2.48911849782872396e+00 -4.15485043047644997e-01
5.88990084132227842e+00 3.40403914621037540e+00 -4.15485043047647606e-01
6.29775320251697224e+00 4.33176604856959457e+00 -3.88272488774875468e-01
5.77199054248269849e+00 6.59277201065419760e-01 -4.15485043047647662e-01
6.17562429623145537e+00 1.57419784944707164e+00 -4.15485043047647606e-01
6.57925804998021135e+00 2.48911849782872485e+00 -4.15485043047647606e-01
6.99397161469108930e+00 3.39915108766958696e+00 -4.15485043047647606e-01
6.86498150488938919e+00 6.59277201065419760e-01 -4.15485043047646163e-01
7.26861525863814517e+00 1.57419784944707164e+00 -4.15485043047646163e-01
7.68389944544269810e+00 2.48606478793324825e+00 -4.19387433831434120e-01
7.95797246729607899e+00 6.59277201065419760e-01 -4.15485043047646108e-01
8.37227289179869771e+00 1.56949205516425838e+00 -4.15485043047646108e-01
8.87090064226549302e+00 2.44250438772997480e+00 -4.15485043047646108e-01
9.33205068662863013e+00 3.33205068662738224e+00 -4.15485043047646052e-01
9.06506985370417695e+00 6.64668398632356272e-01 -4.37182504714053066e-01
9.56284352872474841e+00 1.53585321861957969e+00 -4.37182504714053066e-01
1.00235157711396212e+01 2.42437713820102640e+00 -4.37182504714053233e-01
7.43161081931277856e+00 4.43161081931216572e+00 -1.27958570728430643e-01
8.18236530887906355e+00 3.35871401321865815e+00 -4.19387433831434120e-01
1.07279924007702725e+01 1.56525981354602539e+00 -4.94346836710590265e-01
1.02676607411967691e+01 6.77367791034452438e-01 -4.94346836710590321e-01
