# n = 152
# s = 12.830764338143943
# x y theta(rad)
5.00000000000000000e-01 7.33076433814394335e+00 0.00000000000000000e+00
1.50000000000000000e+00 1.23307643381439433e+01 0.00000000000000000e+00
2.50000000000000000e+00 1.23307643381439433e+01 0.00000000000000000e+00
3.50000000000000000e+00 1.23307643381439433e+01 0.00000000000000000e+00
4.50000000000000000e+00 1.23307643381439433e+01 0.00000000000000000e+00
5.50000000000000000e+00 1.23307643381439433e+01 0.00000000000000000e+00
6.50000000000020606e+00 1.23307643381439433e+01 0.00000000000000000e+00
7.50000000000020606e+00 1.23307643381439433e+01 0.00000000000000000e+00
8.50000000000020606e+00 1.23307643381439433e+01 0.00000000000000000e+00
9.50000000000020606e+00 1.23307643381439433e+01 0.00000000000000000e+00
5.00000000000000000e-01 1.23307643381439433e+01 0.00000000000000000e+00
1.50000000000000000e+00 1.13307643381439433e+01 0.00000000000000000e+00
2.50000000000000000e+00 1.13307643381439433e+01 0.00000000000000000e+00
3.50000000000000000e+00 1.13307643381439433e+01 0.00000000000000000e+00
4.50000000000000000e+00 1.13307643381439433e+01 0.00000000000000000e+00
5.50000000061875927e+00 1.13307643381439433e+01 0.00000000000000000e+00
6.50000000061957017e+00 1.13307643381439433e+01 0.00000000000000000e+00
7.50000000061957017e+00 1.13307643381439433e+01 0.00000000000000000e+00
8.50000000061957017e+00 1.13307643381439433e+01 0.00000000000000000e+00
5.00000000000000000e-01 1.13307643381439433e+01 0.00000000000000000e+00
1.50000000000000000e+00 1.03307643381439433e+01 0.00000000000000000e+00
2.50000000000000000e+00 1.03307643381439433e+01 0.00000000000000000e+00
3.50000000000000000e+00 1.03307643381439433e+01 0.00000000000000000e+00
4.50000000000000000e+00 1.03307643381439433e+01 0.00000000000000000e+00
5.50000000081325080e+00 1.03307643376127984e+01 0.00000000000000000e+00
6.50000000081422424e+00 1.03307643376131555e+01 0.00000000000000000e+00
7.50000000081422691e+00 1.03307643374701659e+01 0.00000000000000000e+00
5.50000000007166445e+00 9.33076433761246982e+00 0.00000000000000000e+00
5.00000000000000000e-01 1.03307643381439433e+01 0.00000000000000000e+00
1.50000000000000000e+00 9.33076433814394335e+00 0.00000000000000000e+00
2.50000000000000000e+00 9.33076433814394335e+00 0.00000000000000000e+00
3.50000000003305001e+00 9.33076433814394335e+00 0.00000000000000000e+00
4.50000000006762058e+00 9.33076433814393980e+00 0.00000000000000000e+00
6.50000000007312284e+00 9.33076433698951391e+00 0.00000000000000000e+00
5.00000000000000000e-01 9.33076433814394335e+00 0.00000000000000000e+00
1.50000000000000000e+00 8.33076433814394335e+00 0.00000000000000000e+00
2.50000000000036193e+00 8.33076433807442740e+00 0.00000000000000000e+00
3.50000000003690026e+00 8.33076433814394335e+00 0.00000000000000000e+00
4.50000000007166445e+00 8.33076433814393980e+00 0.00000000000000000e+00
5.50000000007166445e+00 8.33076433761246982e+00 0.00000000000000000e+00
5.00000000000000000e-01 8.33076433814394335e+00 0.00000000000000000e+00
1.50000000000000000e+00 7.33076433814394335e+00 0.00000000000000000e+00
2.50000000000000000e+00 7.33076433807409700e+00 0.00000000000000000e+00
3.50000000000000000e+00 7.33076433807441408e+00 0.00000000000000000e+00
4.50000000000000000e+00 7.33076433814393980e+00 0.00000000000000000e+00
5.00000000000000000e-01 6.33076433814293615e+00 0.00000000000000000e+00
1.50000000000000000e+00 6.33076433814254269e+00 0.00000000000000000e+00
2.50000000000000000e+00 6.33076433807406591e+00 0.00000000000000000e+00
3.50000000000000000e+00 6.33076433803208705e+00 0.00000000000000000e+00
5.00000000000000000e-01 5.33076433814293615e+00 0.00000000000000000e+00
1.50000000000000000e+00 5.33076433814254269e+00 0.00000000000000000e+00
2.50000000000000000e+00 5.33076433807406591e+00 0.00000000000000000e+00
5.00000000000000000e-01 4.33076433814293615e+00 0.00000000000000000e+00
1.50000000000000000e+00 4.33076433814254269e+00 0.00000000000000000e+00
5.00000000000000000e-01 3.33076433814293615e+00 0.00000000000000000e+00
1.23307643381439433e+01 5.00000000000000000e-01 0.00000000000000000e+00
1.13307643381439433e+01 5.00000000000000000e-01 0.00000000000000000e+00
1.03307643381439433e+01 5.00000000000000000e-01 0.00000000000000000e+00
9.33076433814394335e+00 5.00000000000000000e-01 0.00000000000000000e+00
8.33076433814394335e+00 5.00000000000000000e-01 0.00000000000000000e+00
7.33076433814394335e+00 5.00000000000000000e-01 0.00000000000000000e+00
6.33076433813245387e+00 5.00000000000000000e-01 0.00000000000000000e+00
5.33076433813245387e+00 5.00000000000000000e-01 0.00000000000000000e+00
4.33076433813245387e+00 5.00000000000000000e-01 0.00000000000000000e+00
3.33076433813245343e+00 5.00000000000000000e-01 0.00000000000000000e+00
2.33076433813245343e+00 5.00000000000000000e-01 0.00000000000000000e+00
1.23307643381439433e+01 1.50000000000000000e+00 0.00000000000000000e+00
1.13307643381439433e+01 1.50000000000000000e+00 0.00000000000000000e+00
1.03307643381439433e+01 1.50000000000000000e+00 0.00000000000000000e+00
9.33076433814394335e+00 1.50000000000000000e+00 0.00000000000000000e+00
8.33076433814394335e+00 1.50000000000000000e+00 0.00000000000000000e+00
7.33076433814394335e+00 1.50000000000000000e+00 0.00000000000000000e+00
6.33076433813087913e+00 1.50000000000000000e+00 0.00000000000000000e+00
5.33076433813087824e+00 1.50000000000000000e+00 0.00000000000000000e+00
4.33076433813087824e+00 1.50000000000000000e+00 0.00000000000000000e+00
3.33076433813087824e+00 1.50000000000000000e+00 0.00000000000000000e+00
1.23307643381439433e+01 2.50000000000000000e+00 0.00000000000000000e+00
1.13307643381439433e+01 2.50000000000000000e+00 0.00000000000000000e+00
1.03307643381439433e+01 2.50000000000000000e+00 0.00000000000000000e+00
9.33076433814394335e+00 2.50000000000000000e+00 0.00000000000000000e+00
8.33076433814394335e+00 2.50000000000000000e+00 0.00000000000000000e+00
7.33076433814347883e+00 2.50000000000004929e+00 0.00000000000000000e+00
6.33076433814201156e+00 2.50000000000000000e+00 0.00000000000000000e+00
5.33076433814201156e+00 2.50000000000000000e+00 0.00000000000000000e+00
4.33076433814201156e+00 2.50000000000000000e+00 0.00000000000000000e+00
1.23307643381439433e+01 3.50000000000000000e+00 0.00000000000000000e+00
1.13307643381439433e+01 3.50000000000000000e+00 0.00000000000000000e+00
1.03307643381439433e+01 3.50000000000000000e+00 0.00000000000000000e+00
9.33076433814394335e+00 3.50000000000000000e+00 0.00000000000000000e+00
8.33076433814394335e+00 3.50000000000000000e+00 0.00000000000000000e+00
7.33076433814394335e+00 3.50000000000009859e+00 0.00000000000000000e+00
6.33076433814346640e+00 3.50000000000191536e+00 0.00000000000000000e+00
5.33076433814346640e+00 3.50000000000000000e+00 0.00000000000000000e+00
1.23307643381439433e+01 4.50000000000000000e+00 0.00000000000000000e+00
1.13307643381439433e+01 4.50000000000000000e+00 0.00000000000000000e+00
1.03307643381439433e+01 4.50000000000000000e+00 0.00000000000000000e+00
9.33076433814394335e+00 4.50000000000000000e+00 0.00000000000000000e+00
8.33076433814394335e+00 4.50000000000000000e+00 0.00000000000000000e+00
7.33076433814394335e+00 4.50000000000009859e+00 0.00000000000000000e+00
6.33076433795720828e+00 4.50000000000191580e+00 0.00000000000000000e+00
1.23307643381439433e+01 5.50000000000000000e+00 0.00000000000000000e+00
1.13307643381439433e+01 5.50000000000000000e+00 0.00000000000000000e+00
1.03307643381439433e+01 5.50000000000000000e+00 0.00000000000000000e+00
9.33076433814394335e+00 5.50000000000000000e+00 0.00000000000000000e+00
8.33076433802600391e+00 5.50000000000158895e+00 0.00000000000000000e+00
7.33076433795761329e+00 5.50000000000040767e+00 0.00000000000000000e+00
1.23307643381439433e+01 6.50000000000003730e+00 0.00000000000000000e+00
1.13307643381439433e+01 6.50000000000033751e+00 0.00000000000000000e+00
1.03307643381439433e+01 6.50000000000002665e+00 0.00000000000000000e+00
9.33076433814394335e+00 6.50000000000147349e+00 0.00000000000000000e+00
8.33076433814394335e+00 6.50000000000295852e+00 0.00000000000000000e+00
1.23307643381439433e+01 7.50000000000003730e+00 0.00000000000000000e+00
1.13307643381439433e+01 7.50000000000033751e+00 0.00000000000000000e+00
1.03307643381439433e+01 7.50000000000002665e+00 0.00000000000000000e+00
9.33076433814394335e+00 7.50000000000147349e+00 0.00000000000000000e+00
1.23307643381439433e+01 8.50000000000003730e+00 0.00000000000000000e+00
1.13307643381439433e+01 8.50000000000033751e+00 0.00000000000000000e+00
1.03307643381439433e+01 8.50000000000002665e+00 0.00000000000000000e+00
1.23307643381439433e+01 9.50000000000003730e+00 0.00000000000000000e+00
1.13307643381439433e+01 9.50000000000033751e+00 0.00000000000000000e+00
1.23307643381439433e+01 1.05000000000000373e+01 0.00000000000000000e+00
1.21496589649249209e+01 1.21496589649249209e+01 5.13371922778503742e-01
5.00000000000000000e-01 5.00000000000000000e-01 0.00000000000000000e+00
5.00000000000000000e-01 1.50000000000000000e+00 0.00000000000000000e+00
1.32227820773387372e+00 2.43989600608637636e+00 5.27945930929064389e-01
1.68969478392202999e+00 1.49654216924912786e+00 5.27945930929061835e-01
2.00472611974742465e+00 3.25471198207156043e+00 5.27945930923525819e-01
2.50848614038157214e+00 2.39086833787969333e+00 5.27945930923527484e-01
2.68630223772827081e+00 4.07102292194716053e+00 5.27945998130271876e-01
3.19021264352143330e+00 3.20692139417621691e+00 5.27945968259808662e-01
3.56213951596641687e+00 4.55421635771516975e+00 5.27945998130344374e-01
4.06626950139459176e+00 3.68973829554299693e+00 5.27945967851348397e-01
4.23346561873855531e+00 5.38810395964840705e+00 5.27945910359331139e-01
4.73722564222633480e+00 4.52426031087613811e+00 5.27945899570736787e-01
4.91591357956302133e+00 6.20292006106635885e+00 5.27945714461112936e-01
5.41967357732288235e+00 5.33907633371621859e+00 5.27945835060703694e-01
5.68283950713890285e+00 6.96673908628389693e+00 5.22654087035477111e-01
6.14696255194524888e+00 6.07699941380557984e+00 5.27945684753096112e-01
6.50447508307560618e+00 7.54379345642074295e+00 5.22654111371092966e-01
7.00380262783297258e+00 6.67704252359446837e+00 5.22653721188303555e-01
7.18755787946821201e+00 8.36135265187170340e+00 5.22654112297487150e-01
7.68674175251416436e+00 7.49485149936952766e+00 5.22654108608769152e-01
7.87065665080941557e+00 9.17888411741858157e+00 5.22654115720146750e-01
8.36983874666205097e+00 8.31238605564390376e+00 5.22654123690734940e-01
8.68283951867562998e+00 9.85117514986398746e+00 5.22654142625507245e-01
9.14792482390158312e+00 8.96503516522675881e+00 5.22654125713144846e-01
9.47392517617239704e+00 1.04849088659028133e+01 5.27903292068073737e-01
1.00934161404333604e+01 9.68177147896294343e+00 5.16125043755460089e-01
1.01374892347367869e+01 1.13321406023883373e+01 5.27904395077651301e-01
1.07590935172766944e+01 1.05369957832132854e+01 5.27875362162107842e-01
1.08199466450350830e+01 1.21469699851452706e+01 5.27904403099281772e-01
1.14424193705615309e+01 1.13523483648861010e+01 5.27904403179512483e-01
