# n = 152
# s = 12.830718800978985
# x y theta(rad)
5.00000000000000000e-01 7.33071880097798090e+00 0.00000000000000000e+00
1.50000000000020073e+00 1.23307188009789854e+01 0.00000000000000000e+00
2.50000000000040101e+00 1.23306832910567969e+01 0.00000000000000000e+00
3.50000000000060174e+00 1.23307188009789854e+01 0.00000000000000000e+00
4.50000000000080203e+00 1.23307188009789854e+01 0.00000000000000000e+00
5.50000000000100364e+00 1.23307188009789854e+01 0.00000000000000000e+00
6.50000000000120437e+00 1.23307188009789854e+01 0.00000000000000000e+00
7.50000000000140421e+00 1.23307188009789854e+01 0.00000000000000000e+00
8.50000000000160583e+00 1.23307188009789854e+01 0.00000000000000000e+00
9.50000000000180478e+00 1.23307188009789854e+01 0.00000000000000000e+00
5.00000000000000000e-01 1.23307188009789854e+01 0.00000000000000000e+00
1.50000000000020073e+00 1.13307188009787847e+01 0.00000000000000000e+00
2.50000000000040101e+00 1.13306738190638860e+01 0.00000000000000000e+00
3.50000000000060174e+00 1.13307188009787847e+01 0.00000000000000000e+00
4.50000000000080203e+00 1.13307188009787847e+01 0.00000000000000000e+00
5.50000000000100364e+00 1.13307188009787847e+01 0.00000000000000000e+00
6.50000000000120437e+00 1.13307188009787847e+01 0.00000000000000000e+00
7.50000000000140421e+00 1.13307188009787847e+01 0.00000000000000000e+00
8.50000000000160583e+00 1.13307188009787847e+01 0.00000000000000000e+00
5.00000000000000000e-01 1.13307188009787847e+01 0.00000000000000000e+00
1.50000000000020073e+00 1.03307188009785840e+01 0.00000000000000000e+00
2.50000000000040101e+00 1.03306630400890462e+01 0.00000000000000000e+00
3.50000000000060174e+00 1.03307188009785840e+01 0.00000000000000000e+00
4.50000000000080203e+00 1.03307188009785840e+01 0.00000000000000000e+00
5.50000000000100364e+00 1.03307188009785840e+01 0.00000000000000000e+00
6.50000000000120437e+00 1.03307188009785840e+01 0.00000000000000000e+00
7.50000000000140421e+00 1.03307188009785840e+01 0.00000000000000000e+00
5.50000000000100364e+00 9.33071880097838324e+00 0.00000000000000000e+00
5.00000000000000000e-01 1.03307188009785840e+01 0.00000000000000000e+00
1.50000000000020073e+00 9.33071880097838324e+00 0.00000000000000000e+00
2.50000000000040101e+00 9.33065693409458063e+00 0.00000000000000000e+00
3.50000000000060174e+00 9.33071880097838324e+00 0.00000000000000000e+00
4.50000000000080203e+00 9.33071880097838324e+00 0.00000000000000000e+00
6.50000000000120437e+00 9.33071880097838324e+00 0.00000000000000000e+00
5.00000000000000000e-01 9.33071880097838324e+00 0.00000000000000000e+00
1.50000000000020073e+00 8.33071880097818251e+00 0.00000000000000000e+00
2.50000000000040101e+00 8.33042274227294044e+00 0.00000000000000000e+00
3.50000000000060174e+00 8.33071880097818251e+00 0.00000000000000000e+00
4.50000000000080203e+00 8.33071880097818251e+00 0.00000000000000000e+00
5.50000000000100364e+00 8.33071880097818251e+00 0.00000000000000000e+00
5.00000000000000000e-01 8.33071880097818251e+00 0.00000000000000000e+00
1.50000000000020073e+00 7.33071880097798090e+00 0.00000000000000000e+00
2.50000000000040101e+00 7.32999586934463832e+00 0.00000000000000000e+00
3.50000000000060174e+00 7.33071880097798090e+00 0.00000000000000000e+00
4.50000000000080203e+00 7.33071880097798090e+00 0.00000000000000000e+00
5.00000000000000000e-01 6.33071880097778017e+00 0.00000000000000000e+00
1.50000000000020073e+00 6.33071880097778017e+00 0.00000000000000000e+00
2.50000000000040101e+00 6.32627881629373157e+00 0.00000000000000000e+00
3.50000000000060174e+00 6.33071880097778017e+00 0.00000000000000000e+00
5.00000000000000000e-01 5.33071880097757944e+00 0.00000000000000000e+00
1.50000000000020073e+00 5.33071880097757944e+00 0.00000000000000000e+00
2.51067593273480938e+00 5.32011619658014823e+00 1.96339347421162604e-03
5.00000000000000000e-01 4.33071880097737871e+00 0.00000000000000000e+00
1.50000000000020073e+00 4.33071880097737871e+00 0.00000000000000000e+00
5.00000000000000000e-01 3.33071880097717843e+00 0.00000000000000000e+00
1.23307188009789854e+01 5.00000000000000000e-01 0.00000000000000000e+00
1.13307188009787829e+01 5.00000000000000000e-01 0.00000000000000000e+00
1.03307188009785840e+01 5.00000000000000000e-01 0.00000000000000000e+00
9.33071880097838147e+00 5.00000000000000000e-01 0.00000000000000000e+00
8.33071880097818251e+00 5.00000000000000000e-01 0.00000000000000000e+00
7.33071880097798001e+00 5.00000000000000000e-01 0.00000000000000000e+00
6.33071880097777928e+00 5.00000000000000000e-01 0.00000000000000000e+00
5.33071880097757855e+00 5.00000000000000000e-01 0.00000000000000000e+00
4.33071880097737871e+00 5.00000000000000000e-01 0.00000000000000000e+00
3.33071880097717798e+00 5.00000000000000000e-01 0.00000000000000000e+00
2.33071880097697726e+00 5.00000000000000000e-01 0.00000000000000000e+00
1.23307188009789854e+01 1.50000000000020073e+00 0.00000000000000000e+00
1.13307188009787829e+01 1.50000000000020073e+00 0.00000000000000000e+00
1.03307188009785840e+01 1.50000000000020073e+00 0.00000000000000000e+00
9.33071880097838147e+00 1.50000000000020073e+00 0.00000000000000000e+00
8.33071880097818251e+00 1.50000000000020073e+00 0.00000000000000000e+00
7.33071880097798001e+00 1.50000000000020073e+00 0.00000000000000000e+00
6.33071880097777928e+00 1.50000000000020073e+00 0.00000000000000000e+00
5.33071880097757855e+00 1.50000000000020073e+00 0.00000000000000000e+00
4.33071880097737871e+00 1.50000000000020073e+00 0.00000000000000000e+00
3.33071880097717798e+00 1.50000000000020073e+00 0.00000000000000000e+00
1.23307075876341194e+01 2.50000000000040146e+00 0.00000000000000000e+00
1.13306965517495009e+01 2.50000000000040146e+00 0.00000000000000000e+00
1.03305819945134729e+01 2.50000000000040146e+00 0.00000000000000000e+00
9.33049510416167749e+00 2.50000000000040146e+00 0.00000000000000000e+00
8.32987705103140996e+00 2.50000000000040146e+00 0.00000000000000000e+00
7.32962658448544868e+00 2.50000000000040146e+00 0.00000000000000000e+00
6.32937051112354521e+00 2.50000000000040146e+00 0.00000000000000000e+00
5.32924588227394569e+00 2.50000000000040146e+00 0.00000000000000000e+00
4.32895379104168665e+00 2.50017915236956867e+00 -3.24260746625480776e-04
1.23307188009789854e+01 3.50000000000060218e+00 0.00000000000000000e+00
1.13307188009787829e+01 3.50000000000060218e+00 0.00000000000000000e+00
1.03307188009785840e+01 3.50000000000060218e+00 0.00000000000000000e+00
9.33071880097838147e+00 3.50000000000060218e+00 0.00000000000000000e+00
8.33071880097818251e+00 3.50000000000060218e+00 0.00000000000000000e+00
7.33071880097798001e+00 3.50000000000060218e+00 0.00000000000000000e+00
6.33071880097777928e+00 3.50000000000060218e+00 0.00000000000000000e+00
5.33071880097757855e+00 3.50000000000060218e+00 0.00000000000000000e+00
1.23307188009789854e+01 4.50000000000080291e+00 0.00000000000000000e+00
1.13307188009787829e+01 4.50000000000080291e+00 0.00000000000000000e+00
1.03307188009785840e+01 4.50000000000080291e+00 0.00000000000000000e+00
9.33071880097838147e+00 4.50000000000080291e+00 0.00000000000000000e+00
8.33071880097818251e+00 4.50000000000080291e+00 0.00000000000000000e+00
6.33071880097777928e+00 4.50000000000080291e+00 0.00000000000000000e+00
7.33071880097798001e+00 4.50000000000080291e+00 0.00000000000000000e+00
1.23307188009789854e+01 5.50000000000100364e+00 0.00000000000000000e+00
1.13307188009787829e+01 5.50000000000100364e+00 0.00000000000000000e+00
1.03307188009785840e+01 5.50000000000100364e+00 0.00000000000000000e+00
9.33071880097838147e+00 5.50000000000100364e+00 0.00000000000000000e+00
8.33071880097818251e+00 5.50000000000100364e+00 0.00000000000000000e+00
7.33071880097798001e+00 5.50000000000100364e+00 0.00000000000000000e+00
1.23307188009789854e+01 6.50000000000120437e+00 0.00000000000000000e+00
1.13307188009787829e+01 6.50000000000120437e+00 0.00000000000000000e+00
1.03307188009785840e+01 6.50000000000120437e+00 0.00000000000000000e+00
9.33071880097838147e+00 6.50000000000120437e+00 0.00000000000000000e+00
8.33071880097818251e+00 6.50000000000120437e+00 0.00000000000000000e+00
1.23307188009789854e+01 7.50000000000140510e+00 0.00000000000000000e+00
1.13307188009787829e+01 7.50000000000140510e+00 0.00000000000000000e+00
1.03307188009785840e+01 7.50000000000140510e+00 0.00000000000000000e+00
9.33071880097838147e+00 7.50000000000140510e+00 0.00000000000000000e+00
1.23307188009789854e+01 8.50000000000160583e+00 0.00000000000000000e+00
1.13307188009787829e+01 8.50000000000160583e+00 0.00000000000000000e+00
1.03307188009785840e+01 8.50000000000160583e+00 0.00000000000000000e+00
1.23307188009789854e+01 9.50000000000180655e+00 0.00000000000000000e+00
1.13307188009787829e+01 9.50000000000180655e+00 0.00000000000000000e+00
1.23307188009789854e+01 1.05000000000020073e+01 0.00000000000000000e+00
1.21890264766607856e+01 1.21263823200129828e+01 3.38562719644518506e-01
7.21783271376000179e-01 5.00000000000000000e-01 0.00000000000000000e+00
5.00000000000000000e-01 1.50000000000020073e+00 0.00000000000000000e+00
1.32236787075508389e+00 2.43987394494858290e+00 5.27641141073645681e-01
1.69161555042146095e+00 1.49764281336582883e+00 5.27641141073645681e-01
2.00485423373728899e+00 3.25484200685123426e+00 5.27641141073645681e-01
2.50835093022209277e+00 2.39084485602879582e+00 5.27641141073645681e-01
2.68541886843364619e+00 4.07310774235377160e+00 5.27641141073645681e-01
3.19022303399116813e+00 3.20686698286119976e+00 5.27641141073645681e-01
3.55921422332675208e+00 4.55979078254383374e+00 5.27641141073645681e-01
4.06407849198350135e+00 3.69344688651262976e+00 5.27641141073645681e-01
4.23382411052413676e+00 5.38827482714134209e+00 5.27641141073645681e-01
4.73732080700894098e+00 4.52427767631890276e+00 5.27641141073645681e-01
4.91631047350634276e+00 6.20324288904399346e+00 5.27641141073645681e-01
5.41980716999114609e+00 5.33924573822155590e+00 5.27641141073645681e-01
5.68374692365452372e+00 6.96501166223222512e+00 5.27641141073645681e-01
6.14697187732425920e+00 6.07754604342957361e+00 5.27641141073645681e-01
6.50306573012605238e+00 7.54517611541166300e+00 5.27641141073645681e-01
7.00656242661085660e+00 6.68117896458922456e+00 5.27641141073645681e-01
7.18555209310825749e+00 8.36014417731431436e+00 5.27641141073645681e-01
7.68904878959306082e+00 7.49614702649187681e+00 5.27641141073645681e-01
7.86803845609046260e+00 9.17511223921696661e+00 5.27641141073645681e-01
8.37153515257526593e+00 8.31111508839452817e+00 5.27641141073645681e-01
8.68374692365512502e+00 9.85404653542953746e+00 5.27641141073645681e-01
9.14697187732486228e+00 8.96658091662688683e+00 5.27641141073645681e-01
9.45479371271017399e+00 1.05170454655846353e+01 5.27641141073645681e-01
9.97635479860213081e+00 9.66357538696591689e+00 5.27641141073645681e-01
1.01372800756923773e+01 1.13320135274872875e+01 5.27641141073645681e-01
1.06828864724740029e+01 1.04925559193812017e+01 5.27641141073645681e-01
1.08207699911292927e+01 1.21463056983095949e+01 5.31363283355424709e-01
1.13982103189414623e+01 1.13257608650651598e+01 5.31363283355424709e-01
