# n = 154
# s = 12.931663721169976
# x y theta(rad)
1.24316637211699756e+01 1.23887193123751089e+01 4.18715294917855803e-17
1.14316637211697518e+01 1.23886889912070757e+01 -4.71782505344237096e-17
1.04316637211695280e+01 1.24316637211699756e+01 -4.70543742858708924e-17
5.00000000000000000e-01 1.24316637211699756e+01 1.00630862560930495e-16
1.50000000000022382e+00 1.24316637211699756e+01 -6.61493222046633195e-17
2.50000000000044942e+00 1.24316637211699756e+01 6.91068298383885825e-16
3.50000000000067324e+00 1.24316637211699756e+01 8.45621078428239144e-18
4.50000000000089884e+00 1.24316637211699756e+01 -5.55182451321910818e-17
5.50000000000112355e+00 1.24316637211699756e+01 -8.39621408965825211e-19
6.50000000000134737e+00 1.24316637211699756e+01 -9.07680238211255280e-18
7.50000000000157296e+00 1.24316637211699756e+01 1.74832894269207929e-19
8.50000000000179767e+00 1.24316637211699756e+01 5.52935869943376966e-17
5.00000000000000000e-01 1.14316637211697518e+01 1.00456787364102386e-16
1.50000000000022382e+00 1.14316637211697518e+01 1.67661689661140596e-16
2.50000000000044764e+00 1.14316637211697518e+01 8.70782027457709513e-17
3.50000000000067324e+00 1.14316637211697518e+01 3.98961252460087434e-16
4.50000000000089884e+00 1.14316637211697518e+01 -3.01283600565422542e-17
5.50000000000112355e+00 1.14316637211697518e+01 -8.55285367368199670e-17
6.50000000000134737e+00 1.14316637211697518e+01 1.23455052062314274e-19
7.50000000000157296e+00 1.14316637211697518e+01 3.00696696275276620e-20
5.00000000000000000e-01 1.04316637211695280e+01 5.55111379963680262e-17
1.50000000000022382e+00 1.04316637211695280e+01 6.26652798466570683e-16
2.50000000000044942e+00 1.04316637211695280e+01 -9.68297625054574196e-18
3.50000000000067324e+00 1.04316637211695280e+01 -2.91254729435955860e-18
4.50000000000089884e+00 1.04316637211695280e+01 -8.56333369015152557e-17
5.50000000000112355e+00 1.04316637211695280e+01 -1.64595955317531790e-16
6.50000000000134737e+00 1.04316637211695280e+01 4.04628122301590017e-16
5.00000000000000000e-01 9.43166372116930063e+00 5.55111379963680262e-17
1.50000000000022560e+00 9.43166372116930418e+00 5.55105291914371871e-17
2.50000000000044942e+00 9.43166372116930418e+00 4.55475772094335014e-17
3.50000000000067502e+00 9.43166372116930063e+00 4.50327797137745966e-17
4.50000000000089884e+00 9.43166372116930063e+00 -1.41144170495417862e-16
5.50000000000112355e+00 9.43166372116930063e+00 -4.84050721831335380e-17
5.00000000000000000e-01 8.43166372116907681e+00 5.06234534882452937e-21
1.50000000000022560e+00 8.43166372116907681e+00 2.50198838240014456e-17
2.50000000000044942e+00 8.43166372116907681e+00 3.93043115077589996e-17
3.50000000000067502e+00 8.43166372116907681e+00 3.06726740738746102e-17
4.50000000000089884e+00 8.43166372116907681e+00 -1.41143217583352201e-16
5.00000000000000000e-01 7.43166372116885299e+00 4.44982624972687176e-17
1.50000000000022560e+00 7.43166372116885299e+00 -4.98812609338059160e-18
2.50000000000044942e+00 7.43166372116885388e+00 2.69356461717231022e-18
3.50000000000067324e+00 7.43166372116885299e+00 -3.24594892973945582e-17
5.00000000000000000e-01 6.43166372116862828e+00 -8.14908353026815082e-17
1.50000000000022560e+00 6.43166372116862917e+00 8.48600818474557850e-17
2.50000000000044942e+00 6.43166372116862828e+00 -6.39326961955989127e-17
5.00000000000000000e-01 5.43166372116840446e+00 1.65436122510605535e-22
1.50000000000022560e+00 5.43166372116840446e+00 5.52017128902690900e-17
5.00000000000000000e-01 4.43166372116817797e+00 5.55111413050904764e-17
5.00000000000000000e-01 5.01845999592692493e-01 2.20508773718620426e-19
1.50000000000022560e+00 5.00013863640603518e-01 2.20503603839791970e-19
2.50000000000044942e+00 5.00000000000000000e-01 2.20505464996170214e-19
1.24316637211699756e+01 5.00000000000000000e-01 5.12183672967728353e-17
1.14316637211697518e+01 5.00000000000000000e-01 -6.74812027505172210e-17
1.04316637211695280e+01 5.00000000000000000e-01 -6.42616305180036254e-17
9.43166372116930063e+00 5.00000000000000000e-01 -1.00178586671766101e-17
8.43166372116907681e+00 5.00000000000000000e-01 1.36948286782828308e-17
7.43166372116885299e+00 5.00000000000000000e-01 6.43575633323817398e-18
6.43166372116862828e+00 5.00000000000000000e-01 -3.53500730207109704e-17
5.43166372116840268e+00 5.00000000000000000e-01 8.41315474860333812e-18
4.43166372116817797e+00 5.00000000000000000e-01 -3.75133951679984534e-17
1.24316637211699756e+01 1.50000000000022382e+00 -9.26794717991596577e-18
1.14316637211697518e+01 1.50000000000022382e+00 4.65803231643490728e-17
1.04316637211695280e+01 1.50000000000022382e+00 -6.66684678133866662e-17
9.43166372116930063e+00 1.50000000000022382e+00 8.72988402753217945e-18
8.43166372116907681e+00 1.50000000000022382e+00 6.59089041752779908e-17
7.43166372116885299e+00 1.50000000000022382e+00 -4.62776450732386990e-17
6.43166372116862739e+00 1.50000000000022382e+00 -4.62772215567650719e-17
5.43166372116840268e+00 1.50000000000022382e+00 -4.62772215567650719e-17
1.24316637211699756e+01 2.50000000000044942e+00 -5.20467651383128742e-17
1.14316637211697518e+01 2.50000000000044942e+00 8.45777976617033588e-17
1.04316637211695280e+01 2.50000000000044942e+00 8.73374310038578693e-17
9.43166372116930063e+00 2.50000000000044942e+00 6.88908836660867552e-17
8.43166372116907681e+00 2.50000000000044942e+00 4.04542935608653842e-17
7.43166372116885299e+00 2.50000000000044942e+00 2.70708341810685371e-16
6.43166372116862739e+00 2.50000000000044942e+00 -8.68355322524783867e-17
1.24316637211699756e+01 3.50000000000067324e+00 -5.17045638276221368e-17
1.14316637211697518e+01 3.50000000000067324e+00 8.45676332663363072e-17
1.04316637211695280e+01 3.50000000000067502e+00 4.14769794485686622e-17
9.43166372116930063e+00 3.50000000000067502e+00 6.20444097214418875e-17
8.43166372116907681e+00 3.50000000000067502e+00 7.65277277295984576e-17
7.43166372116885299e+00 3.50000000000067502e+00 9.27674675177116915e-17
1.24316637211699756e+01 4.50000000000089884e+00 7.38546421527637026e-17
1.14316637211697518e+01 4.50000000000089884e+00 9.14042603832971486e-17
1.04316637211695280e+01 4.50000000000089884e+00 -1.00260285543109162e-16
9.43166372116930063e+00 4.50000000000089884e+00 -1.30465480442197512e-16
8.43166372116907681e+00 4.50000000000089884e+00 -9.07993891666086142e-17
1.24316637211699756e+01 5.50000000000112355e+00 2.38727765855161750e-17
1.14316637211697518e+01 5.50000000000112355e+00 9.34947376971207618e-17
1.04316637211695280e+01 5.50000000000112355e+00 1.82224381958128713e-17
9.43166372116930418e+00 5.50000000000112355e+00 -2.64557612064198269e-16
1.24316637211699756e+01 6.50000000000134737e+00 2.38761647172042180e-17
1.14316637211697518e+01 6.50000000000134737e+00 4.81898884573096487e-18
1.04316637211695280e+01 6.50000000000134737e+00 -7.51509276828176066e-17
1.24316637211699756e+01 7.50000000000157208e+00 2.38761647172042180e-17
1.14316637211697518e+01 7.50000000000157208e+00 1.07759531549692089e-17
1.24316637211699756e+01 8.50000000000179767e+00 5.51124282557210350e-19
8.58427464228217474e+00 6.58279600321703739e+00 -2.91012765786471062e-01
7.58142608621457370e+00 6.71982752190544197e+00 -2.91012765786471062e-01
6.59275329538500277e+00 6.90418793713217216e+00 -2.91012765786471062e-01
9.52092445317348179e+00 7.33724167425388085e+00 -3.41705462416624417e-01
8.53330513030023496e+00 7.64508705772685992e+00 -2.71182480747294452e-01
7.55702263768202886e+00 7.86682047863092659e+00 -2.71182480747294452e-01
6.59643080922756120e+00 8.14498872138936747e+00 -2.71182480747294452e-01
1.04421150778075749e+01 8.10603262848695394e+00 -2.73252396651121332e-01
9.49021997259244898e+00 8.41898855959662029e+00 -2.71182480747294452e-01
8.52624313828361124e+00 8.68498190648233503e+00 -2.71182480747294452e-01
7.55298272910889690e+00 8.91758489536534427e+00 -2.71182480747294452e-01
6.59881147166104132e+00 9.21884609181780945e+00 -2.71182480747294452e-01
1.13795329040032023e+01 8.88215174566570553e+00 -2.72652938164073655e-01
1.04373424623776714e+01 9.22880331071604587e+00 -2.71182480747294452e-01
9.46479973126544039e+00 9.46398758189421585e+00 -2.71182480747294452e-01
8.50082289695659910e+00 9.72998092877993059e+00 -2.71182480747294452e-01
7.53684604818364523e+00 9.99597422364236721e+00 -2.71182480747294452e-01
1.23182653897433454e+01 9.66213200478368250e+00 -2.64708391778692154e-01
1.13762153821647374e+01 1.00090472873511303e+01 -2.64708391778692098e-01
1.04122301754805413e+01 1.02750416269381510e+01 -2.64708391778692098e-01
9.43987920855098395e+00 1.05101739166962673e+01 -2.64708391778692098e-01
8.47589432427652412e+00 1.07761694456820933e+01 -2.64708391778692098e-01
1.23179311111046985e+01 1.07896635804373027e+01 -2.65659455332966976e-01
1.13540172343287971e+01 1.10559054091341373e+01 -2.65659455332967032e-01
1.03889561886616839e+01 1.13179311111044747e+01 -2.65659455332967032e-01
9.41464292016497595e+00 1.15564473754695314e+01 -2.71185452563550922e-01
4.34738907888780091e+00 6.34886771795294003e+00 -2.91012765786471006e-01
5.32428963552531176e+00 6.12520312092400232e+00 -2.91012765786471006e-01
6.31298670492652025e+00 5.94092376502534592e+00 -2.91012765786471006e-01
3.41073926799649385e+00 5.59442204691609657e+00 -3.41705462416625194e-01
4.39835859086974423e+00 5.28657666344311750e+00 -2.71182480747294508e-01
5.36233543964269899e+00 5.02058336858068266e+00 -2.71182480747294508e-01
6.32579025749231150e+00 4.75271247810764308e+00 -2.71182480747294563e-01
2.48954864336240433e+00 4.82563109268302526e+00 -2.73252396651122165e-01
3.44144374857752666e+00 4.51267516157335891e+00 -2.71182480747294508e-01
4.40542058288636795e+00 4.24668181468764416e+00 -2.71182480747294508e-01
5.36939743165932182e+00 3.98068851982520755e+00 -2.71182480747294508e-01
6.33285224950893610e+00 3.71281762935216975e+00 -2.71182480747294508e-01
1.55213081716677337e+00 4.04951197550427366e+00 -2.72652938164072989e-01
2.49432125879230426e+00 3.70286041045393333e+00 -2.71182480747294563e-01
3.46686398990453526e+00 3.46767613927576157e+00 -2.71182480747294563e-01
4.43084082421337655e+00 3.20168279239004683e+00 -2.71182480747294563e-01
5.39481767298633130e+00 2.93568949752761199e+00 -2.71182480747294563e-01
6.13398331426630250e-01 3.26953171638629669e+00 -2.64708391778689822e-01
1.55544833900523827e+00 2.92261643381884895e+00 -2.64708391778689822e-01
2.51943354568943434e+00 2.65662209423182638e+00 -2.64708391778689822e-01
3.49178451261898992e+00 2.42148980447371009e+00 -2.64708391778689822e-01
4.45576939689345153e+00 2.15549427548788586e+00 -2.64708391778689822e-01
6.13732610065277129e-01 2.14200014073267297e+00 -2.65659455332968253e-01
1.56950134292419463e+00 1.84582291261718012e+00 -2.65659455332968253e-01
2.54270753250829173e+00 1.61373261006550273e+00 -2.65659455332968253e-01
3.51702080100499970e+00 1.37521634570044426e+00 -2.71185452563551810e-01
5.50000000000112355e+00 8.36636891118618564e+00 -1.65015570652293775e-16
5.60400606044157268e+00 7.08829980438258200e+00 -2.91012765786471062e-01
4.62628517467335953e+00 7.30922555296823617e+00 -2.91012765786471062e-01
7.43166372116885299e+00 4.56529480998379000e+00 -9.01934618161748988e-17
7.30171687590499641e+00 5.75675492599117167e+00 -2.91012765786471006e-01
8.30537854649661966e+00 5.62243816820173947e+00 -2.91012765786471062e-01
