# n = 155
# s = 12.955619592137850
# x y theta(rad)
5.00000000000001665e-01 1.24556195921378468e+01 3.80283911999290680e-17
1.21410480262602505e+01 5.00000000000001665e-01 -7.03635431606319365e-17
1.24556195921378450e+01 1.50000000000023803e+00 -1.78475081196211905e-17
5.00000000000001665e-01 5.00000000000001665e-01 3.26277553539126530e-16
1.50000000000023626e+00 5.00000000000001665e-01 3.46347281336142126e-16
2.50000000000047073e+00 5.00000000000001665e-01 -5.07171625985968471e-17
3.50000000000070655e+00 5.00000000000001665e-01 2.88807183521410166e-16
4.50000000000094058e+00 5.00000000000001665e-01 -5.02082644417736227e-17
5.50000000000117684e+00 5.00000000000000777e-01 -1.64167233501361030e-15
5.00000000000002554e-01 1.50000000000023714e+00 2.43990377551869752e-16
1.50000000000023714e+00 1.50000000000023803e+00 2.64574758717132514e-16
2.50000000000047073e+00 1.50000000000023714e+00 1.94512260144243677e-17
3.50000000000070788e+00 1.50000000000023803e+00 -2.46551878178395224e-17
4.50000000000094236e+00 1.50000000000023714e+00 2.53819197237843769e-17
5.00000000000001665e-01 2.50000000000047162e+00 3.67989113251520620e-16
1.50000000000023626e+00 2.50000000000047251e+00 5.78764907676620696e-16
2.50000000000047162e+00 2.50000000000047251e+00 5.57411181553540368e-16
3.50000000000070388e+00 2.50000000000047251e+00 1.56125178070101055e-15
5.00000000000001665e-01 3.50000000000070610e+00 2.15709644224274983e-17
1.50000000000023626e+00 3.50000000000070743e+00 7.61808730386853325e-17
2.50000000000046896e+00 3.50000000000070477e+00 4.31136710347032476e-15
5.00000000000000777e-01 4.50000000000094147e+00 -1.50630672848369536e-15
1.50000000000023626e+00 4.50000000000093792e+00 6.72444087695149190e-17
5.00000000000001665e-01 5.50000000000117595e+00 -3.20517272817989858e-17
1.50000000000023626e+00 5.50000000000117240e+00 -4.33821206754755013e-17
5.00000000000001665e-01 6.50000000000141132e+00 -3.09569366397765416e-17
1.50000000000023626e+00 6.50000000000140776e+00 -5.31758813956777210e-17
5.00000000000001665e-01 7.50000000000164579e+00 -2.24772898048137409e-17
1.24556195921378450e+01 1.24528967073807078e+01 9.77408258495682247e-17
1.14556195921376069e+01 1.24556195921378432e+01 3.41314164006737403e-15
1.04556195921373689e+01 1.24556195921378450e+01 3.37794456945945021e-15
9.45561959213713799e+00 1.24556195921378450e+01 -3.19087274085624621e-15
8.45561959213688752e+00 1.24550742225789346e+01 2.77996600928097034e-14
7.45561959213664149e+00 1.24556195921378450e+01 3.41388875963601107e-15
6.45561959213643988e+00 1.24556195921378468e+01 1.64628246894047140e-17
5.45561959213620451e+00 1.24556195921378468e+01 7.03420619325939445e-17
4.45561959213597003e+00 1.24556195921378468e+01 -7.15998039219788320e-18
3.45561959213573555e+00 1.24556195921378468e+01 2.88432547578087536e-17
2.45561959213550107e+00 1.24556195921378468e+01 2.35099076708114585e-16
1.24556195921378450e+01 1.14521034806402522e+01 -1.05921087433486115e-14
1.14556195921376105e+01 1.14556195921376069e+01 -1.02164330098741006e-16
1.04556195921373742e+01 1.14556195921376105e+01 3.38630642930335481e-15
9.45561959213713799e+00 1.14556195921376105e+01 2.37717632537648660e-15
8.45561959213690173e+00 1.14550721600222154e+01 2.35236699785116237e-15
7.45561959213666992e+00 1.14556195921376105e+01 3.38692273046508529e-15
6.45561959213641501e+00 1.14556195921376034e+01 1.28744759960535861e-14
5.45561959213620451e+00 1.14556195921376105e+01 -7.88860006899635399e-16
4.45561959213597003e+00 1.14556195921376105e+01 -1.44108346025371848e-16
3.45561959213573555e+00 1.14556195921376105e+01 -1.42294592369503229e-16
1.24556195921378485e+01 1.04513034827250824e+01 -2.29436568394841157e-15
1.14556195921376140e+01 1.04556195921373725e+01 -2.26846876987246386e-15
1.04556195921373778e+01 1.04556195921373760e+01 -1.48948546712809793e-15
9.45561959213714154e+00 1.04556195921373760e+01 2.33758830011742401e-15
8.45561959213690884e+00 1.04550712550746727e+01 3.86190380592522893e-17
7.45561959213667436e+00 1.04556195921373760e+01 1.42778180885098639e-17
6.45561959213643988e+00 1.04556195921373618e+01 -2.74938677468838070e-15
5.45561959213620451e+00 1.04556195921373760e+01 -1.72719175361214207e-16
4.45561959213597003e+00 1.04556195921373760e+01 -1.54399607317280858e-16
1.24556195921378450e+01 9.45063034530051205e+00 3.54526056347513053e-15
1.14556195921376123e+01 9.45561959213713799e+00 -2.29458275628580048e-15
1.04556195921373813e+01 9.45561959213713799e+00 3.56061877315146075e-15
9.45561959213714331e+00 9.45561959213714154e+00 -4.82847689926025326e-16
8.45561959213691239e+00 9.45507103719902808e+00 3.58616742551823914e-15
7.43897697585523421e+00 9.45561959213713443e+00 3.46142688278876894e-15
6.43597078212725915e+00 9.45561959213714154e+00 -1.60359472203997895e-17
5.43484653074705903e+00 9.45561959213714154e+00 -1.87024823570339837e-16
4.43170440564996326e+00 9.45561959213714154e+00 -8.74278192136653437e-17
1.24556195921378468e+01 8.44977245515007169e+00 4.42938940982561213e-17
1.14556195921376105e+01 8.45561959213690173e+00 -3.32492616891278645e-15
1.04556195921373742e+01 8.45561959213690528e+00 -3.48111729826075630e-15
9.45561959213713621e+00 8.45561959213690706e+00 3.19226426779571235e-15
8.45561959213689818e+00 8.45507103719879360e+00 3.20737351208112004e-15
7.45561959213667347e+00 8.45561959213691239e+00 -1.16259156164619022e-14
6.45561959213643721e+00 8.45561959213689818e+00 -1.49787278398914574e-14
5.45561959213620185e+00 8.45561959213689818e+00 -1.52543931434932047e-14
1.24556195921378450e+01 7.44912576146163197e+00 4.12154959946101016e-15
1.14556195921376123e+01 7.45561959213666814e+00 -3.36362211878249301e-15
1.04556195921373778e+01 7.45561959213667880e+00 -2.62967268886173160e-15
9.45561959213714331e+00 7.45561959213667702e+00 -4.38262117645541208e-15
8.45561959213690528e+00 7.45507103719856001e+00 -6.12201075763944509e-16
7.45561959213666992e+00 7.45561959213666992e+00 3.54273116481045849e-15
6.45561959213643277e+00 7.45561959213667080e+00 2.08178244125196331e-16
5.45561959213620096e+00 7.45561959213666903e+00 -5.64864037899026134e-15
1.24556195921378450e+01 6.44633253474866930e+00 -5.42318499733780723e-17
1.14556195921376105e+01 6.45561959213643277e+00 1.30713075273316980e-16
1.04556195921373760e+01 6.45561959213644343e+00 5.53247170519893044e-16
9.45561959213713799e+00 6.45561959213644165e+00 -4.37051365425946415e-15
8.45561959213690528e+00 6.45507103719832642e+00 -1.13017439786150298e-15
1.24556195921378450e+01 5.44581693730677241e+00 -7.56154666670982740e-16
1.14556195921376105e+01 5.45561959213619829e+00 -2.67863406481082165e-16
1.04556195921373760e+01 5.45561959213620895e+00 -2.66301915228382390e-16
1.24556195921378450e+01 4.44529693858780028e+00 2.14983420179325804e-17
1.14556195921376087e+01 4.45561959213596381e+00 3.69746886990668319e-17
1.24515877821225516e+01 3.44485939915192274e+00 -2.33788918835125192e-04
6.51503671895176772e+00 5.15036718950358963e-01 -3.05446384443286006e-02
4.45561959213595937e+00 8.45561959213690528e+00 -1.10219778449661607e-16
4.45561959213596914e+00 7.45561959213667169e+00 5.83939898169296608e-16
7.45561959213667080e+00 6.45561959213643544e+00 -1.11222295385309329e-15
2.65274752534660996e+00 5.88236092646391118e+00 -3.90730510179462809e-01
2.65274752534660996e+00 4.80084850500959082e+00 -3.90730510179462809e-01
3.53633343835455971e+00 4.31950957947944314e+00 -3.91536430378349953e-01
3.91594422380221729e+00 5.24854557499153795e+00 -3.84323950867988429e-01
4.23004558623167082e+00 6.20019994017158549e+00 -3.84323950867988429e-01
5.37224102519651669e+00 6.38178815540239519e+00 -1.61350909232292311e-01
6.41800731476189323e+00 6.41800731476189235e+00 -7.83744740224806558e-02
6.69332494655092591e-01 1.11721700279968950e+01 4.57058598864979349e-01
1.54148595084623619e+00 1.16647239012340371e+01 4.57058598864979404e-01
6.65717431494429301e-01 9.95004874825524688e+00 4.41556658878677455e-01
1.52582933321159953e+00 1.04704300396252563e+01 4.41556658878677455e-01
2.39888505659550066e+00 1.09634276394444310e+01 4.41556658878677455e-01
6.86620797002022054e-01 8.73716650555219054e+00 5.44099429622286301e-01
1.54221461292958750e+00 9.25481428362815528e+00 5.44099429622286301e-01
2.39780842885715462e+00 9.77246206170411646e+00 5.44099429622286301e-01
3.26899879513371472e+00 1.02643310909984002e+01 5.44099429622286412e-01
1.53498356666403879e+00 8.08166048523981395e+00 5.44099429622286190e-01
2.39057738259160502e+00 8.59930826331577514e+00 5.44099429622286301e-01
3.26703054340254750e+00 9.08990959726215841e+00 5.40243793485932877e-01
2.34177588484298305e+00 7.40100368491566929e+00 5.44099429622286301e-01
3.45561959213572489e+00 7.85677827788552552e+00 -1.23498776829493827e-16
3.33053588618397267e+00 6.69332334041653798e+00 -4.32187578006654971e-01
1.09798415038969033e+01 6.28011574117612770e-01 -3.07889215325049481e-01
1.12966830603038257e+01 1.57660049302594452e+00 -3.07889215325049481e-01
1.15992011179531254e+01 2.53017461389199472e+00 -3.07068285647755290e-01
9.87117420237467869e+00 6.27744590114371337e-01 -3.07068285647755290e-01
1.02276421230479535e+01 1.56378088755718725e+00 -3.07068285647755290e-01
1.05444873825320187e+01 2.51238145129985302e+00 -3.07068285647755290e-01
1.08467527419992678e+01 3.46560527206106661e+00 -3.07068285647755290e-01
8.71642216819669180e+00 6.27744590114371337e-01 -3.07068285647755290e-01
9.11471257491469089e+00 1.55051906121295335e+00 -3.07068285647755290e-01
9.47118049558796393e+00 2.48655535865577004e+00 -3.07068285647755290e-01
9.78802575507203088e+00 3.43515592239843581e+00 -3.07068285647755290e-01
1.00895849002542111e+01 4.38860368229134767e+00 -3.07068285647755290e-01
7.63147037749638901e+00 6.23111338919733693e-01 -2.93022891873353453e-01
7.95849533686049515e+00 1.56896802044288108e+00 -2.93022891873353453e-01
8.35724326167071929e+00 2.49318532026887230e+00 -2.93022891873353453e-01
8.71398242061355432e+00 3.43007699452398196e+00 -2.93022891873353453e-01
9.03092243669433437e+00 4.37897638260206179e+00 -2.93022891873353453e-01
9.33250825321740862e+00 5.33250825321647781e+00 -2.93022891873353508e-01
6.85032005748736239e+00 1.58310329036882003e+00 -3.12623111200533155e-01
7.20460161635433938e+00 2.51953053399549542e+00 -3.12623111200533155e-01
7.60271666738932161e+00 3.44178981932878525e+00 -3.12623111200533099e-01
7.95908744583902550e+00 4.37754178078080791e+00 -3.12623111200533155e-01
8.27590966260189376e+00 5.32607671581829933e+00 -3.12623111200533099e-01
6.11324495639277643e+00 2.54550467436326056e+00 -3.26957298089753823e-01
6.46733345174604235e+00 3.48136262525455553e+00 -3.26957298089753823e-01
6.86504337511955676e+00 4.40242729732228710e+00 -3.26957298089753823e-01
7.22121098252022886e+00 5.33758016161695714e+00 -3.26957298089753823e-01
5.70531256330836367e+00 1.62790673531097685e+00 -3.26957298089753823e-01
5.37667643156326580e+00 3.46569080892537862e+00 -3.84323950867988318e-01
5.73063430943888807e+00 4.40122579711663597e+00 -3.84323950867988318e-01
6.12722343731734576e+00 5.31951920804990941e+00 -3.84323950867988318e-01
4.64633928525668516e+00 4.38736197342347367e+00 -3.84323950867988373e-01
5.02127177495281796e+00 5.31441409071285698e+00 -3.84323950867988429e-01
4.97009687738126171e+00 2.55143787784998688e+00 -3.84323950867988318e-01
4.25070231246024033e+00 3.43415254711471363e+00 -4.50591259719368253e-01
