# n = 156
# s = 12.982082698519303
# x y theta(rad)
5.00000000000000000e-01 1.24820826985193030e+01 0.00000000000000000e+00
1.24820826985193030e+01 5.00000000000000000e-01 0.00000000000000000e+00
5.00000000000000000e-01 6.50000000000120703e+00 0.00000000000000000e+00
5.00000000000000000e-01 5.50000000000100542e+00 0.00000000000000000e+00
5.00000000000000000e-01 4.50000000000080469e+00 0.00000000000000000e+00
1.50000000000020162e+00 4.50000000000080469e+00 0.00000000000000000e+00
5.00000000000000000e-01 3.50000000000060352e+00 0.00000000000000000e+00
1.50000000000020162e+00 3.50000000000060352e+00 0.00000000000000000e+00
5.27450562656993860e-01 2.50000000000040234e+00 0.00000000000000000e+00
1.52745056265719548e+00 2.50000000000040234e+00 0.00000000000000000e+00
2.55735606449208852e+00 2.56360625003028364e+00 3.24187500000000031e-02
5.00000000000000000e-01 1.50000000000020073e+00 0.00000000000000000e+00
1.50000000000020162e+00 1.50000000000020073e+00 0.00000000000000000e+00
2.50000000000040234e+00 1.50000000000020073e+00 0.00000000000000000e+00
3.50000000000060352e+00 1.50000000000020073e+00 0.00000000000000000e+00
5.00000000000000000e-01 5.00000000000000000e-01 0.00000000000000000e+00
1.50000000000020162e+00 5.00000000000000000e-01 0.00000000000000000e+00
2.50000000000040234e+00 5.00000000000000000e-01 0.00000000000000000e+00
3.50000000000060352e+00 5.00000000000000000e-01 0.00000000000000000e+00
4.50000000000080469e+00 5.00000000000000000e-01 0.00000000000000000e+00
2.48208269851729213e+00 1.24820826985193030e+01 0.00000000000000000e+00
3.48208269851749286e+00 1.24820826985193030e+01 0.00000000000000000e+00
4.48208269851769447e+00 1.24783817377027262e+01 0.00000000000000000e+00
5.48208269851789609e+00 1.24820826985193030e+01 0.00000000000000000e+00
6.48208269851809682e+00 1.24820826985193030e+01 0.00000000000000000e+00
7.48208269851829844e+00 1.24820826985193030e+01 0.00000000000000000e+00
8.48208269851849828e+00 1.24820826985193030e+01 0.00000000000000000e+00
9.48208269851869900e+00 1.24820826985193030e+01 0.00000000000000000e+00
1.04820826985188997e+01 1.24820826985193030e+01 0.00000000000000000e+00
1.14820826985191022e+01 1.24820826985193030e+01 0.00000000000000000e+00
1.24820826985193030e+01 1.24820826985193030e+01 0.00000000000000000e+00
3.48208269851749286e+00 1.14820826985191005e+01 0.00000000000000000e+00
4.48208269851769447e+00 1.14783817377025237e+01 0.00000000000000000e+00
5.48208269851789609e+00 1.14820826985191005e+01 0.00000000000000000e+00
6.48208269851809682e+00 1.14820826985191005e+01 0.00000000000000000e+00
7.48208269851829844e+00 1.14820826985191005e+01 0.00000000000000000e+00
8.48208269851849828e+00 1.14820826985191005e+01 0.00000000000000000e+00
9.48208269851869900e+00 1.14820826985191005e+01 0.00000000000000000e+00
1.04820826985188997e+01 1.14820826985191005e+01 0.00000000000000000e+00
1.14820826985191022e+01 1.14820826985191005e+01 0.00000000000000000e+00
1.24820826985193030e+01 1.14820826985191005e+01 0.00000000000000000e+00
4.48208269851769447e+00 1.04783817377023247e+01 0.00000000000000000e+00
5.48208269851789609e+00 1.04820826985189015e+01 0.00000000000000000e+00
6.48208269851809682e+00 1.04820826985189015e+01 0.00000000000000000e+00
7.48208269851829844e+00 1.04796274001424017e+01 0.00000000000000000e+00
8.48208269851849828e+00 1.04820826985189015e+01 0.00000000000000000e+00
9.48208269851869900e+00 1.04820826985189015e+01 0.00000000000000000e+00
1.04820826985188997e+01 1.04820826985189015e+01 0.00000000000000000e+00
1.14820826985191022e+01 1.04820826985189015e+01 0.00000000000000000e+00
1.24820826985193030e+01 1.04820826985189015e+01 0.00000000000000000e+00
4.48208269851769447e+00 9.47838173770212222e+00 0.00000000000000000e+00
5.48208269851789609e+00 9.48208269851869900e+00 0.00000000000000000e+00
6.48208269851809682e+00 9.48208269851869900e+00 0.00000000000000000e+00
7.48208269851829844e+00 9.47962740014219918e+00 0.00000000000000000e+00
8.48208269851849828e+00 9.48208269851869900e+00 0.00000000000000000e+00
9.48208269851869900e+00 9.48208269851869900e+00 0.00000000000000000e+00
1.04820826985188997e+01 9.48208269851869900e+00 0.00000000000000000e+00
1.14820826985191022e+01 9.48208269851869900e+00 0.00000000000000000e+00
1.24820826985193030e+01 9.48208269851869900e+00 0.00000000000000000e+00
5.48208269851789609e+00 8.48208269851849650e+00 0.00000000000000000e+00
6.48208269851809682e+00 8.48208269851849650e+00 0.00000000000000000e+00
7.48208269851829844e+00 8.47962740014199667e+00 0.00000000000000000e+00
8.48208269851849828e+00 8.48208269851849650e+00 0.00000000000000000e+00
9.48208269851869900e+00 8.48208269851849650e+00 0.00000000000000000e+00
1.04820826985188997e+01 8.48208269851849650e+00 0.00000000000000000e+00
1.14820826985191022e+01 8.48208269851849650e+00 0.00000000000000000e+00
1.24820826985193030e+01 8.48208269851849650e+00 0.00000000000000000e+00
5.48208269851789609e+00 7.48208269851829755e+00 0.00000000000000000e+00
6.48208269851809682e+00 7.48208269851829755e+00 0.00000000000000000e+00
7.48208269851829844e+00 7.47962740014179683e+00 0.00000000000000000e+00
8.48208269851849828e+00 7.48208269851829755e+00 0.00000000000000000e+00
9.48208269851869900e+00 7.48208269851829755e+00 0.00000000000000000e+00
1.04820826985188997e+01 7.48208269851829755e+00 0.00000000000000000e+00
1.14820826985191022e+01 7.48208269851829755e+00 0.00000000000000000e+00
1.24820826985193030e+01 7.48208269851829755e+00 0.00000000000000000e+00
5.48208269851789609e+00 6.48208269851809682e+00 0.00000000000000000e+00
6.48208269851809682e+00 6.48208269851809682e+00 0.00000000000000000e+00
7.48208269851829844e+00 6.47962740014159522e+00 0.00000000000000000e+00
8.48208269851849828e+00 6.48208269851809682e+00 0.00000000000000000e+00
9.48208269851869900e+00 6.48208269851809682e+00 0.00000000000000000e+00
1.04820826985188997e+01 6.48208269851809682e+00 0.00000000000000000e+00
1.14820826985191022e+01 6.48208269851809682e+00 0.00000000000000000e+00
1.24820826985193030e+01 6.48208269851809682e+00 0.00000000000000000e+00
5.48208269851789609e+00 5.48208269851789520e+00 0.00000000000000000e+00
6.48208269851809682e+00 5.48208269851789520e+00 0.00000000000000000e+00
7.48208269851829844e+00 5.47962740014139449e+00 0.00000000000000000e+00
8.48208269851849828e+00 5.48208269851789520e+00 0.00000000000000000e+00
9.48208269851869900e+00 5.48208269851789520e+00 0.00000000000000000e+00
1.04820826985188997e+01 5.48208269851789520e+00 0.00000000000000000e+00
1.14820826985191022e+01 5.48208269851789520e+00 0.00000000000000000e+00
1.24820826985193030e+01 5.48208269851789520e+00 0.00000000000000000e+00
9.48208269851869900e+00 4.48208269851769447e+00 0.00000000000000000e+00
1.04820826985188997e+01 4.48208269851769447e+00 0.00000000000000000e+00
1.14820826985191022e+01 4.48208269851769447e+00 0.00000000000000000e+00
1.24820826985193030e+01 4.48208269851769447e+00 0.00000000000000000e+00
1.14820826985191022e+01 3.48208269851749286e+00 0.00000000000000000e+00
1.24820826985193030e+01 3.48208269851749286e+00 0.00000000000000000e+00
1.24820826985193030e+01 2.48208269851729124e+00 0.00000000000000000e+00
2.55795716473467039e+00 5.01803516711893760e+00 4.93199317579956054e-01
2.50000000000040234e+00 3.84090066627175641e+00 0.00000000000000000e+00
1.67713450084718119e+00 5.67989113362279152e+00 4.93199317579956054e-01
4.48208269851769447e+00 8.43761548605277412e+00 0.00000000000000000e+00
4.48208269851769447e+00 7.43761548605257250e+00 0.00000000000000000e+00
4.48208269851769447e+00 6.43761548605237177e+00 0.00000000000000000e+00
4.48208269851769447e+00 5.43761548605217016e+00 0.00000000000000000e+00
6.80149759421494693e-01 1.12369210807388065e+01 5.08386590028498175e-01
1.55600325669275907e+00 1.17195217605717126e+01 5.08386590028498175e-01
1.54375535893038318e+00 1.05246303878801726e+01 4.19118265802299717e-01
2.42272791460594128e+00 1.10089691393244138e+01 4.19118265802299717e-01
2.43413478101674396e+00 9.82748045941543324e+00 4.67033452547051919e-01
3.31050905419854402e+00 1.03105090541999544e+01 4.67033452547051919e-01
3.32345696842974325e+00 9.15571683225426725e+00 4.84988319001496249e-01
6.60201657285408139e-01 1.00505744372299581e+01 4.19118265802299717e-01
6.71573644318948837e-01 8.88088344775304606e+00 4.67033452547051919e-01
1.55269792296438158e+00 9.35449190491521421e+00 4.67033452547051919e-01
6.77134500846979570e-01 7.73391305224124537e+00 4.93199317579956054e-01
1.55795716473446966e+00 8.20735939004791604e+00 4.93199317579956054e-01
2.43877982862195886e+00 8.68080572785459026e+00 4.93199317579956054e-01
1.53542882190111385e+00 7.05994799516945459e+00 4.93199317579956054e-01
2.41625148578860216e+00 7.53339433297612704e+00 4.93199317579956054e-01
3.29707414967609136e+00 8.00684067078280037e+00 4.93199317579956054e-01
2.42412553378302409e+00 6.40232436661455839e+00 4.93199317579956054e-01
3.30494819767051284e+00 6.87577070442123084e+00 4.93199317579956054e-01
3.30494819767051284e+00 5.74046840011070536e+00 4.93199317579956054e-01
3.59919567957090614e+00 3.46976989276881786e+00 -4.04845677166456364e-01
3.98974636540851391e+00 4.39035843126957648e+00 -4.04845677166456364e-01
4.24430463694323201e+00 2.43898841906421460e+00 -4.10254502384421849e-01
4.64109260851178451e+00 3.36114644667677531e+00 -4.02438219035641809e-01
5.03164101718986068e+00 4.28172963559172981e+00 -4.02438219035641809e-01
4.95465300750614634e+00 1.56496770787135375e+00 -4.10254502384421849e-01
5.35461873069237626e+00 2.48434742319311841e+00 -4.05015949035780753e-01
5.74684900605188265e+00 3.40561365914250036e+00 -4.02438219035641809e-01
6.13739741472995792e+00 4.32619684805745397e+00 -4.02438219035641809e-01
5.65518851683613555e+00 6.55142407008784566e-01 -3.99634275661241323e-01
6.05444463431990521e+00 1.57204836937817216e+00 -3.99634275661241323e-01
6.44632928596433707e+00 2.49206776017571041e+00 -3.99634275661241323e-01
6.83687790404622397e+00 3.41265144102969709e+00 -3.99634275661241323e-01
7.24233039036947357e+00 4.32694029150890902e+00 -3.99634275661241323e-01
6.75812344736518522e+00 6.51704943351544053e-01 -3.86913328358050923e-01
7.15005464412254721e+00 1.57183453604319201e+00 -3.86913328358050923e-01
7.54064262862606416e+00 2.49251142226192623e+00 -3.86913328358050923e-01
7.94621456189608111e+00 3.40708307965577539e+00 -3.86913328358050923e-01
7.85530748806855517e+00 6.55426491623093632e-01 -4.00703425848180472e-01
8.24629866016433688e+00 1.57770781827282036e+00 -4.04183340743026920e-01
8.65172213874230955e+00 2.49193240248734771e+00 -4.04183340743026920e-01
8.94133517374158515e+00 6.55426491623093632e-01 -4.00703425848180472e-01
9.34677912667578070e+00 1.56969894296671342e+00 -4.00703425848180472e-01
9.75838311187832907e+00 2.48136186522975155e+00 -4.00703425848180472e-01
1.03266562068958070e+01 3.32665620689439878e+00 -4.00703425848180472e-01
1.00465928951572501e+01 6.61452530045969489e-01 -4.24089853185826371e-01
1.04580843272383515e+01 1.57286615805701047e+00 -4.24089853185826371e-01
1.10246076403849287e+01 2.41428490251877026e+00 -4.24089853185826371e-01
8.33037775516695511e+00 4.33037775516614953e+00 -3.86913328358050923e-01
9.06329649412632854e+00 3.40352605300707811e+00 -4.04183340743026920e-01
1.17355291663926717e+01 1.54644905144570100e+00 -5.62535030769557465e-01
1.11437895677401269e+01 6.61452530045969489e-01 -4.24089853185826371e-01
