# n = 172
# s = 13.618988956901944
# x y theta(rad)
5.00000000000000000e-01 1.31189889569019442e+01 0.00000000000000000e+00
1.50000000000020162e+00 1.31189889569019442e+01 0.00000000000000000e+00
2.50000000000040323e+00 1.31189889569019442e+01 0.00000000000000000e+00
3.50000000000060529e+00 1.31189889569019442e+01 0.00000000000000000e+00
4.50000000000080647e+00 1.31189889569019442e+01 0.00000000000000000e+00
5.50000000000100897e+00 1.31189889569019442e+01 0.00000000000000000e+00
6.50000000000120970e+00 1.31189889569019442e+01 0.00000000000000000e+00
7.50000000000141220e+00 1.31189889569019442e+01 0.00000000000000000e+00
8.50000000000161293e+00 1.31189889569019442e+01 0.00000000000000000e+00
9.50000000000181544e+00 1.31189889569019442e+01 0.00000000000000000e+00
5.00001386454209218e-01 1.21189889569017417e+01 0.00000000000000000e+00
1.50127014994555630e+00 1.21189889569017417e+01 0.00000000000000000e+00
2.50186173242297638e+00 1.21189889569017417e+01 0.00000000000000000e+00
3.50271719547351079e+00 1.21189889569017417e+01 0.00000000000000000e+00
4.50571719568990936e+00 1.21189889569017417e+01 0.00000000000000000e+00
5.50656089599072462e+00 1.21189889569017417e+01 0.00000000000000000e+00
6.50756089671379723e+00 1.21189889569017417e+01 0.00000000000000000e+00
7.51132527348827406e+00 1.21189889569017417e+01 0.00000000000000000e+00
8.51470210962116880e+00 1.20305407100044341e+01 -6.43287432289465708e-03
5.00000000000000000e-01 1.11189889569015392e+01 0.00000000000000000e+00
1.50000000000020162e+00 1.11027118784874190e+01 0.00000000000000000e+00
2.50000000000040323e+00 1.11189889569015392e+01 0.00000000000000000e+00
3.50000000000060529e+00 1.11189889569015392e+01 0.00000000000000000e+00
4.50000000000080647e+00 1.11189889569015392e+01 0.00000000000000000e+00
5.50000000000100897e+00 1.11189889569015392e+01 0.00000000000000000e+00
6.50000000000120970e+00 1.11189889569015392e+01 0.00000000000000000e+00
7.50000000000141220e+00 1.11189889569015392e+01 0.00000000000000000e+00
5.00000000000000000e-01 1.01189889569013385e+01 0.00000000000000000e+00
1.50000000000020162e+00 1.00992110436504454e+01 0.00000000000000000e+00
2.50000000000040323e+00 1.01189889569013385e+01 0.00000000000000000e+00
3.50000000000060529e+00 1.01189889569013385e+01 0.00000000000000000e+00
4.50000000000080647e+00 1.01189889569013385e+01 0.00000000000000000e+00
5.50000000000100897e+00 1.01189889569013385e+01 0.00000000000000000e+00
6.50000000000120970e+00 1.01189889569013385e+01 0.00000000000000000e+00
5.00000000000000000e-01 9.11898895690113598e+00 0.00000000000000000e+00
1.50000000000020162e+00 9.09517062543235255e+00 0.00000000000000000e+00
2.50000000000040323e+00 9.11898895690113598e+00 0.00000000000000000e+00
3.50000000000060529e+00 9.11898895690113598e+00 0.00000000000000000e+00
4.50000000000080647e+00 9.11898895690113598e+00 0.00000000000000000e+00
5.50000000000100897e+00 9.11898895690113598e+00 0.00000000000000000e+00
5.00000000000000000e-01 8.11898895690093525e+00 0.00000000000000000e+00
1.50000000000020162e+00 8.09321122264837811e+00 0.00000000000000000e+00
2.50000000000040323e+00 8.11898895690093525e+00 0.00000000000000000e+00
3.50000000000060529e+00 8.11898895690093525e+00 0.00000000000000000e+00
4.50000000000080647e+00 8.11898895690093525e+00 0.00000000000000000e+00
5.00000000000000000e-01 7.11898895690073363e+00 0.00000000000000000e+00
1.50000000000020162e+00 7.08722250422999878e+00 0.00000000000000000e+00
2.50000000000040323e+00 7.11898895690073363e+00 0.00000000000000000e+00
3.50000000000060529e+00 7.11898895690073363e+00 0.00000000000000000e+00
5.00000000000000000e-01 6.11898895690053202e+00 0.00000000000000000e+00
1.50000000000020162e+00 6.00252684441604334e+00 0.00000000000000000e+00
2.50000000000040323e+00 6.11898895690053202e+00 0.00000000000000000e+00
5.00000000000000000e-01 5.11898895690032951e+00 0.00000000000000000e+00
1.50004507245856455e+00 5.00203997022475910e+00 -8.59893557194044188e-05
5.00000000000000000e-01 4.11898895690012878e+00 0.00000000000000000e+00
1.31189889569019424e+01 1.31177404000204625e+01 0.00000000000000000e+00
1.21189889569017417e+01 1.31189889569019442e+01 0.00000000000000000e+00
1.31173547834686293e+01 1.21172152496939631e+01 -6.85334676609107617e-04
5.00000000000000000e-01 5.00000000000000000e-01 0.00000000000000000e+00
1.50000000000020162e+00 5.00000000000000000e-01 0.00000000000000000e+00
5.00000000000000000e-01 1.50000000000020162e+00 0.00000000000000000e+00
1.31086746435470811e+01 5.00000000000000000e-01 0.00000000000000000e+00
1.20325243529901922e+01 5.00000000000000000e-01 0.00000000000000000e+00
1.10295243524850601e+01 5.00000000000000000e-01 0.00000000000000000e+00
1.00180405021181240e+01 5.00000000000000000e-01 0.00000000000000000e+00
9.00312698929021415e+00 5.00000000000000000e-01 0.00000000000000000e+00
7.99441488322759497e+00 5.00000000000000000e-01 0.00000000000000000e+00
6.96782670352517730e+00 5.00000000000000000e-01 0.00000000000000000e+00
5.96745754807967987e+00 5.00000000000000000e-01 0.00000000000000000e+00
4.96633029786773594e+00 5.00000000000000000e-01 0.00000000000000000e+00
3.96321611773389071e+00 5.00000000000000000e-01 0.00000000000000000e+00
2.96063679614767272e+00 5.01871516692300901e-01 -3.75007369228443944e-03
1.31189889569019424e+01 1.50000138646328818e+00 0.00000000000000000e+00
1.21189889569017417e+01 1.50000000000020162e+00 0.00000000000000000e+00
1.11189889569015410e+01 1.50000000000020162e+00 0.00000000000000000e+00
1.01189889569013385e+01 1.50000000000020162e+00 0.00000000000000000e+00
9.11898895690113598e+00 1.50000000000020162e+00 0.00000000000000000e+00
8.11898895690093525e+00 1.50000000000020162e+00 0.00000000000000000e+00
7.11898895690073363e+00 1.50000000000020162e+00 0.00000000000000000e+00
6.11898895690053202e+00 1.50000000000020162e+00 0.00000000000000000e+00
5.11898895690033040e+00 1.50000000000020162e+00 0.00000000000000000e+00
4.11898895690012878e+00 1.50000000000020162e+00 0.00000000000000000e+00
1.31189889569019424e+01 2.50086907719138551e+00 0.00000000000000000e+00
1.21189889569017417e+01 2.50000000000040323e+00 0.00000000000000000e+00
1.11189889569015410e+01 2.50000000000040323e+00 0.00000000000000000e+00
1.01189889569013385e+01 2.50000000000040323e+00 0.00000000000000000e+00
9.11898895690113598e+00 2.50000000000040323e+00 0.00000000000000000e+00
8.11898895690093525e+00 2.50000000000040323e+00 0.00000000000000000e+00
7.11898895690073363e+00 2.50000000000040323e+00 0.00000000000000000e+00
6.11898895690053202e+00 2.50000000000040323e+00 0.00000000000000000e+00
5.11898895690033040e+00 2.50000000000040323e+00 0.00000000000000000e+00
1.31189889569019424e+01 3.50208709626470505e+00 0.00000000000000000e+00
1.21189889569017417e+01 3.50000000000060485e+00 0.00000000000000000e+00
1.11189889569015410e+01 3.50000000000060485e+00 0.00000000000000000e+00
1.01189889569013385e+01 3.50000000000060485e+00 0.00000000000000000e+00
9.11898895690113598e+00 3.50000000000060485e+00 0.00000000000000000e+00
8.11898895690093525e+00 3.50000000000060485e+00 0.00000000000000000e+00
7.11898895690073363e+00 3.50000000000060485e+00 0.00000000000000000e+00
6.11898895690053202e+00 3.50000000000060485e+00 0.00000000000000000e+00
1.31189889569019424e+01 4.50494308174681990e+00 0.00000000000000000e+00
1.21189889569017417e+01 4.50000000000080647e+00 0.00000000000000000e+00
1.11189889569015410e+01 4.50000000000080647e+00 0.00000000000000000e+00
1.01189889569013385e+01 4.50000000000080647e+00 0.00000000000000000e+00
9.11898895690113598e+00 4.50000000000080647e+00 0.00000000000000000e+00
8.11898895690093525e+00 4.50000000000080647e+00 0.00000000000000000e+00
7.11898895690073363e+00 4.50000000000080647e+00 0.00000000000000000e+00
1.31189889569019424e+01 5.50598654366086038e+00 0.00000000000000000e+00
1.20932206256026760e+01 5.50000000000100808e+00 0.00000000000000000e+00
1.10867691724376360e+01 5.50000000000100808e+00 0.00000000000000000e+00
1.00748347131572569e+01 5.50000000000100808e+00 0.00000000000000000e+00
9.04266903866092875e+00 5.50000000000100808e+00 0.00000000000000000e+00
7.99872473091022496e+00 5.51209327229742740e+00 -2.05493153410560431e-02
1.31189889569019424e+01 6.50703370692728011e+00 0.00000000000000000e+00
1.21189889569017417e+01 6.50000000000120970e+00 0.00000000000000000e+00
1.11189889569015410e+01 6.50000000000120970e+00 0.00000000000000000e+00
1.01189889569013385e+01 6.50000000000120970e+00 0.00000000000000000e+00
9.11898895690113598e+00 6.50000000000120970e+00 0.00000000000000000e+00
1.31189889569019424e+01 7.50873249609339055e+00 0.00000000000000000e+00
1.21189889569017417e+01 7.50000000000141132e+00 0.00000000000000000e+00
1.11189889569015410e+01 7.50000000000141132e+00 0.00000000000000000e+00
1.01189889569013385e+01 7.50000000000141132e+00 0.00000000000000000e+00
1.31189889569019424e+01 8.50898092466436928e+00 0.00000000000000000e+00
1.21189889569017417e+01 8.50000000000161293e+00 0.00000000000000000e+00
1.11189889569015410e+01 8.50000000000161293e+00 0.00000000000000000e+00
1.31189889569019424e+01 9.50997792677641307e+00 0.00000000000000000e+00
1.21189889569017417e+01 9.50000000000181544e+00 0.00000000000000000e+00
1.30262940708604642e+01 1.05155507590494146e+01 -3.17254834731348252e-03
7.06838053523584087e-01 2.84889209126166287e+00 -7.57758154314236654e-01
1.51083647019632394e+00 2.19775272461859839e+00 -7.80688368992476733e-01
2.22823181762323674e+00 1.47770781686206298e+00 -7.80688368992476733e-01
1.60140899595698638e+00 3.51562905520066638e+00 -7.80688368992476733e-01
2.31183824982856834e+00 2.81186043182799006e+00 -7.80688368992476733e-01
3.01757996094314196e+00 2.10335990169966358e+00 -7.80688368992476733e-01
2.36890058515896396e+00 4.16293277800139805e+00 -7.80688368992476733e-01
3.09181557904947857e+00 3.44912866049272182e+00 -7.84880264735025368e-01
3.79764572669668787e+00 2.73976958863040121e+00 -7.83502380518742325e-01
3.01855344976058726e+00 4.93356861201728591e+00 7.80688368992476733e-01
3.72900798041729997e+00 4.22976258169631336e+00 7.80688368992476733e-01
4.43473734762882899e+00 3.52127568870688368e+00 7.80688368992476733e-01
3.70709893862263318e+00 5.65942811345883712e+00 7.80688368992476733e-01
4.43474969153187359e+00 4.93826311182464117e+00 7.80688368992476733e-01
5.14047905874340216e+00 4.22977621883521060e+00 7.80688368992476733e-01
4.43472441474674284e+00 6.34583776551828915e+00 7.80688368992476733e-01
5.14517894540345466e+00 5.64203173519731660e+00 7.80688368992476733e-01
5.86789118362558515e+00 4.91640124134253576e+00 7.80688368992476733e-01
5.14046612586131602e+00 7.05433829564661607e+00 7.80688368992476733e-01
5.85092065651802873e+00 6.35053226532564352e+00 7.80688368992476733e-01
6.55665002372955730e+00 5.64204537233621295e+00 7.80688368992476733e-01
5.72888595621141583e+00 7.88152614163479992e+00 7.80334588604674417e-01
6.48823544346290948e+00 7.13075351343903385e+00 7.85398163397448279e-01
7.19625195443462573e+00 6.41731164519170960e+00 7.80688368992476733e-01
1.07111646123578250e+01 1.28183599230983845e+01 7.75619195662277217e-01
1.14211310533765129e+01 1.21082586610501721e+01 7.80688368992476733e-01
1.21502916454891388e+01 1.13781949362569499e+01 7.80665968107388863e-01
1.00970195268713230e+01 1.20112990303084075e+01 7.80688368992476733e-01
1.08071285250739528e+01 1.13071507070733759e+01 7.80688368992476733e-01
1.15128715232657939e+01 1.05986773172669810e+01 7.80688368992476733e-01
9.44359353065726737e+00 1.12451197836690575e+01 -7.81904373232533478e-01
1.01833986665992899e+01 1.05136209773872551e+01 7.84880264735025368e-01
1.08916297507426432e+01 9.80478842943090179e+00 7.80855598906731840e-01
8.67913988528628089e+00 1.05940956078075903e+01 -7.80688368992476733e-01
9.38922637520562908e+00 9.88998097648464380e+00 -7.80688368992476733e-01
1.00949764748977699e+01 9.18148891432533887e+00 -7.80688368992476733e-01
7.94864028091876662e+00 9.91014671857980112e+00 -7.80688368992476733e-01
8.68072584507730305e+00 9.18423926537007063e+00 -7.80688368992476733e-01
9.38647594476944391e+00 8.47574720321076569e+00 -7.80688368992476733e-01
7.26687073178527676e+00 9.17792464282143428e+00 -7.80688368992476733e-01
7.97695722170462673e+00 8.47381001149848778e+00 -7.80688368992476733e-01
8.68570039531092242e+00 7.76235293699384687e+00 -7.80688368992476733e-01
6.55837020165694984e+00 8.47218293170686110e+00 -7.80688368992476733e-01
7.26845669157629981e+00 7.76806830038391460e+00 -7.80688368992476733e-01
7.97420679126844067e+00 7.05957623822461144e+00 -7.80688368992476733e-01
