# n = 175
# s = 13.767155163545121
# x y theta(rad)
1.32662918707497255e+01 1.32671551635451213e+01 0.00000000000000000e+00
1.22645564546973702e+01 1.32671551635451213e+01 0.00000000000000000e+00
1.12632576422372921e+01 1.32671551635451213e+01 0.00000000000000000e+00
1.02620607536842936e+01 1.32671551635451213e+01 0.00000000000000000e+00
9.26087295208327710e+00 1.32671551635451213e+01 0.00000000000000000e+00
1.32671551635451195e+01 1.22671551635449188e+01 0.00000000000000000e+00
1.22671551635449188e+01 1.22671551635449188e+01 0.00000000000000000e+00
1.12671551635447180e+01 1.22671551635449188e+01 0.00000000000000000e+00
1.02671551635445155e+01 1.22671551635449188e+01 0.00000000000000000e+00
1.32671551635451195e+01 1.12671551635447180e+01 0.00000000000000000e+00
1.22671551635449188e+01 1.12671551635447180e+01 0.00000000000000000e+00
1.12671551635447180e+01 1.12671551635447180e+01 0.00000000000000000e+00
1.32671551635451195e+01 1.02671551635445173e+01 0.00000000000000000e+00
1.22671551635449188e+01 1.02671551635445173e+01 0.00000000000000000e+00
1.32671551635451195e+01 9.26715516354431479e+00 0.00000000000000000e+00
1.32671551635451195e+01 8.26715516354411406e+00 0.00000000000000000e+00
1.32671551635451195e+01 7.26715516354391244e+00 0.00000000000000000e+00
5.00000000000000000e-01 5.00000000000000000e-01 0.00000000000000000e+00
5.00000000000000000e-01 1.50000000000020162e+00 0.00000000000000000e+00
5.00000000000000000e-01 2.50000000000040323e+00 0.00000000000000000e+00
5.00000000000000000e-01 3.50000000000060441e+00 0.00000000000000000e+00
5.00000000000000000e-01 4.50000000000080558e+00 0.00000000000000000e+00
1.50000000000020162e+00 5.00000000000000000e-01 0.00000000000000000e+00
1.50000000000020162e+00 1.50000000000020162e+00 0.00000000000000000e+00
1.50000000000020162e+00 2.50000000000040323e+00 0.00000000000000000e+00
1.50000000000020162e+00 3.50000000000060441e+00 0.00000000000000000e+00
2.50193915488012131e+00 5.00000000000000000e-01 0.00000000000000000e+00
2.50000000000040234e+00 1.50000000000020162e+00 0.00000000000000000e+00
2.50000000000040234e+00 2.50000000000040323e+00 0.00000000000000000e+00
3.50318173402904831e+00 5.01041558652193686e-01 3.75503251140261486e-04
3.50000000000060396e+00 1.50306920472268857e+00 0.00000000000000000e+00
4.50484208459414948e+00 5.00000000000000000e-01 0.00000000000000000e+00
5.50731422482859134e+00 5.00000000000000000e-01 0.00000000000000000e+00
6.50992022967105743e+00 5.00000000000000000e-01 0.00000000000000000e+00
8.96436954892200433e-01 1.32671551635451213e+01 0.00000000000000000e+00
1.90176322882184490e+00 1.32654881271717624e+01 -6.92050759214025025e-04
3.09674626852947110e+00 1.32187474965766327e+01 -1.06473761526626517e-02
4.25325294944712695e+00 1.32669296117882940e+01 -1.59663136474096421e-04
5.01469077631409910e-01 1.22671551635449188e+01 0.00000000000000000e+00
1.50446038875840937e+00 1.22625563292880866e+01 -6.01918675481664532e-04
2.72507932037281186e+00 1.20931275636048294e+01 -4.62000480637111632e-01
5.01468263770201261e-01 1.12671551635447180e+01 0.00000000000000000e+00
2.27967292161691670e+00 1.11917125055466311e+01 -4.63497826409134450e-01
5.00000000000000000e-01 1.02671551635445173e+01 0.00000000000000000e+00
1.32671551635451195e+01 5.00000000000000000e-01 0.00000000000000000e+00
1.22671551635449188e+01 5.00000000000000000e-01 0.00000000000000000e+00
1.12671551635447180e+01 5.00000000000000000e-01 0.00000000000000000e+00
1.02671551635445155e+01 5.00000000000000000e-01 0.00000000000000000e+00
9.26715516354431479e+00 5.00000000000000000e-01 0.00000000000000000e+00
7.51716505473020025e+00 5.00000000000000000e-01 0.00000000000000000e+00
1.32671551635451195e+01 1.50000000000020162e+00 0.00000000000000000e+00
1.22671551635449188e+01 1.50000000000020162e+00 0.00000000000000000e+00
1.05461945969961288e+01 1.50000000000020162e+00 0.00000000000000000e+00
9.54619459699592809e+00 1.50000000000020162e+00 0.00000000000000000e+00
8.51946639376516401e+00 1.49658583831469727e+00 1.39804617416079552e-02
1.32671551635451195e+01 2.50000000000040323e+00 0.00000000000000000e+00
1.22099330975323497e+01 3.04741372476753414e+00 -5.49313906995134382e-01
1.14058560826411366e+01 2.36411943639290101e+00 -5.64086813136048693e-01
9.50689931739378480e+00 2.50649015168767697e+00 1.39804617416079552e-02
1.30796625994070563e+01 3.68749256413866799e+00 -5.49313906995134382e-01
1.14915776192059660e+01 3.78927398933493631e+00 -5.49313906995134382e-01
1.06906250277485420e+01 3.10400301138253143e+00 -5.64086813136048693e-01
1.32671551635451195e+01 5.26715516354350921e+00 0.00000000000000000e+00
1.23613071210806744e+01 4.42935282870606972e+00 -5.49313906995134382e-01
1.32671551635451195e+01 6.26715516354371083e+00 0.00000000000000000e+00
1.22671551635449188e+01 7.05731736854087544e+00 0.00000000000000000e+00
1.20796625994068556e+01 5.77976538318083399e+00 -5.49313906995134382e-01
1.15108762917058662e+01 4.95546067172006133e+00 -5.49313906995134382e-01
1.06411467898311578e+01 4.31538183234892792e+00 -5.49313906995134382e-01
9.51906039997912146e+00 3.50675791493003208e+00 1.39804617416079552e-02
8.50694114063225726e+00 2.49650845269788135e+00 1.39804617416079552e-02
7.51153131630943349e+00 1.50000000000020162e+00 0.00000000000000000e+00
6.50979468129522587e+00 1.50000000000020162e+00 0.00000000000000000e+00
5.25399324693261072e+00 1.32671551635451213e+01 0.00000000000000000e+00
3.87455376437178467e+00 1.21480049660358471e+01 -4.61323155437260102e-01
3.42974624493023272e+00 1.12518003280004386e+01 -4.61803901139896222e-01
2.98392418275222804e+00 1.03561028848283971e+01 -4.62281101898294189e-01
1.67601763058540598e+00 1.03696334131684349e+01 -4.63483518223960944e-01
1.35028517377700830e+00 9.37475325903076850e+00 -5.26300943157604895e-01
5.00000000000000000e-01 8.50000000000161116e+00 0.00000000000000000e+00
6.25493614353909511e+00 1.32671551635451213e+01 0.00000000000000000e+00
6.25600177435413496e+00 1.22671551635449188e+01 0.00000000000000000e+00
5.03755315784438462e+00 1.20965308633900825e+01 -4.62771804457889291e-01
4.53867444485736549e+00 1.12278792665982063e+01 -4.62771804457889291e-01
4.09282584086662382e+00 1.03327706449246897e+01 -4.62771804457889291e-01
2.54355177958976153e+00 9.45768337717384711e+00 -4.62771804457889291e-01
2.03418115757798112e+00 8.56124799334482134e+00 -5.26300943157604895e-01
1.50115317253423708e+00 7.50200865284968366e+00 -6.28440035344358049e-04
5.00000000000000000e-01 7.50000000000140954e+00 0.00000000000000000e+00
8.25963863012233901e+00 1.32671551635451213e+01 0.00000000000000000e+00
7.25814262283375466e+00 1.32671551635451213e+01 0.00000000000000000e+00
7.25600177435433658e+00 1.22671551635449188e+01 0.00000000000000000e+00
5.72076631820232961e+00 1.12259618133306240e+01 -4.62771804457889291e-01
5.22468214223364669e+00 1.03559160060265274e+01 -4.62771804457889291e-01
3.65028478244582688e+00 9.43601186983649143e+00 -4.62771804457889291e-01
3.20385470175673914e+00 8.54119335021570514e+00 -4.62771804457889291e-01
2.70881930661176806e+00 7.67062430015624663e+00 -4.62771804457889291e-01
1.50000000000020162e+00 6.50129029284457616e+00 0.00000000000000000e+00
5.00000000000000000e-01 6.50000000000120881e+00 0.00000000000000000e+00
5.00000000000000000e-01 5.50000000000100719e+00 0.00000000000000000e+00
8.26715516354411406e+00 1.22671551635449188e+01 0.00000000000000000e+00
7.98990378212673580e+00 1.11034927998826909e+01 -4.51439695427788612e-01
6.86893391224025507e+00 1.10965308633898818e+01 -4.62771804457889291e-01
6.34628006158638680e+00 1.02397408188505246e+01 -4.62771804457889291e-01
5.85187184756600676e+00 9.36885886453850780e+00 -4.62771804457889291e-01
4.77992802349286094e+00 9.46026133939782099e+00 -4.62771804457889291e-01
4.33349794280377232e+00 8.56544281977703470e+00 -4.62771804457889291e-01
3.88706786211468458e+00 7.67062430015624663e+00 -4.62771804457889291e-01
2.50000000000040234e+00 6.50000000000120881e+00 0.00000000000000000e+00
1.50000000000020162e+00 5.50000000000100719e+00 0.00000000000000000e+00
1.50000000000020162e+00 4.50000000000080558e+00 0.00000000000000000e+00
9.26715516354431479e+00 1.22671551635449188e+01 0.00000000000000000e+00
9.09911446157029857e+00 1.10991144615707018e+01 -4.51439695427788612e-01
7.54540776309896888e+00 1.02050764612133040e+01 -4.56163138234859877e-01
7.02249284231171078e+00 9.34776313116882029e+00 -4.56163138234859877e-01
6.52791668824187710e+00 8.47654456005400192e+00 -4.56163138234859877e-01
5.40544176687691813e+00 8.47404034491772151e+00 -4.62771804457889291e-01
4.96112287025893828e+00 7.57816854348107238e+00 -4.62771804457889291e-01
3.50000000000060396e+00 6.51317258074373040e+00 0.00000000000000000e+00
3.50000000000060396e+00 5.50988172346628335e+00 0.00000000000000000e+00
2.50000000000040234e+00 5.50000000000100719e+00 0.00000000000000000e+00
2.50000000000040234e+00 4.50000000000080558e+00 0.00000000000000000e+00
1.02671551635445155e+01 1.12671551635447180e+01 0.00000000000000000e+00
8.66419042993605260e+00 1.01959337713243130e+01 -4.56332875804465077e-01
8.21612847459253004e+00 9.30189322941570040e+00 -4.56332875804465077e-01
7.69322041332887085e+00 8.44459387302565112e+00 -4.56332875804465077e-01
7.19864875772439561e+00 7.57338446581259284e+00 -4.56332875804465077e-01
6.08147685857696452e+00 7.58170649971566135e+00 -4.56163138234859877e-01
5.66783230745842204e+00 6.66783230745862365e+00 -4.50541749549792092e-01
4.50000000000080558e+00 6.50000000000120881e+00 0.00000000000000000e+00
4.50000000000080558e+00 5.50000000000100719e+00 0.00000000000000000e+00
3.50000000000060396e+00 4.50780542754094515e+00 0.00000000000000000e+00
2.50000000000040234e+00 3.50000000000060441e+00 0.00000000000000000e+00
9.78847284062042000e+00 1.01946058129645269e+01 -4.72911327168546169e-01
9.33898182404321453e+00 9.30129562988186898e+00 -4.72911327168546169e-01
8.89091954540345952e+00 8.40725445608343414e+00 -4.72911327168546169e-01
8.36796146966265297e+00 7.54983155353029733e+00 -4.76467046558460783e-01
7.87476427192961559e+00 6.65503920315888031e+00 -4.32836841671373096e-01
6.77338908843996279e+00 6.65550216819324447e+00 -4.32836841671373096e-01
6.50000000000120792e+00 5.50000000000100719e+00 0.00000000000000000e+00
5.50000000000100719e+00 5.50000000000100719e+00 0.00000000000000000e+00
4.50000000000080558e+00 4.50000000000080558e+00 0.00000000000000000e+00
3.50000000000060396e+00 3.50615089354087051e+00 0.00000000000000000e+00
3.50000000000060396e+00 2.50463140490676039e+00 0.00000000000000000e+00
1.12671551635447180e+01 1.02671551635445173e+01 0.00000000000000000e+00
1.04859813114493843e+01 9.34879192671191639e+00 -4.64579294211955263e-01
1.00379345855826259e+01 8.45478178614276210e+00 -4.64579294211955263e-01
9.56741365905169872e+00 7.52670802923692328e+00 -5.49313906995134382e-01
9.04531146420671384e+00 6.67382509580558203e+00 -5.49313906995134382e-01
7.52130294313121084e+00 5.50000000000100719e+00 0.00000000000000000e+00
6.50000000000120792e+00 4.50000000000080558e+00 0.00000000000000000e+00
5.50000000000100719e+00 4.50000000000080558e+00 0.00000000000000000e+00
5.50256722683668187e+00 3.50000000000060441e+00 0.00000000000000000e+00
4.50000000000080558e+00 3.50000000000060441e+00 0.00000000000000000e+00
4.50000000000080558e+00 2.50000000000040323e+00 0.00000000000000000e+00
1.22671551635449188e+01 9.26715516354431479e+00 0.00000000000000000e+00
1.11801790042048115e+01 8.50204938577844871e+00 -4.64579294211955263e-01
1.08040596783307397e+01 7.52666483655435137e+00 -5.49313906995134382e-01
1.02352733706297503e+01 6.70236012509357870e+00 -5.49313906995134382e-01
9.71317117578476186e+00 5.84947719166223656e+00 -5.49313906995134382e-01
8.52824408376205767e+00 5.49709950092894761e+00 1.39804617416079552e-02
7.50000000000140954e+00 4.50000000000080558e+00 0.00000000000000000e+00
6.50476461293658215e+00 3.50000000000060441e+00 0.00000000000000000e+00
6.50000000000120792e+00 2.50000000000040323e+00 0.00000000000000000e+00
5.50000000000100719e+00 2.50000000000040323e+00 0.00000000000000000e+00
4.50469256400878049e+00 1.50000000000020162e+00 0.00000000000000000e+00
1.22671551635449188e+01 8.05731736854107616e+00 0.00000000000000000e+00
1.12267796659755135e+01 6.30186757802582065e+00 -5.49313906995134382e-01
1.06579933582745241e+01 5.47756286656504798e+00 -5.49313906995134382e-01
9.68923905963307952e+00 4.69419638085433455e+00 -5.20383907468749518e-01
8.50694114063225726e+00 4.49670392192755664e+00 1.39804617416079552e-02
8.51568016470026556e+00 3.49672837086485755e+00 1.39804617416079552e-02
7.50694450738704511e+00 3.50000000000060441e+00 0.00000000000000000e+00
7.50000000000140954e+00 2.50000000000040323e+00 0.00000000000000000e+00
5.50723115866849167e+00 1.50000000000020162e+00 0.00000000000000000e+00
