# n = 177
# s = 13.822979734172032
# x y theta(rad)
5.00000000000000000e-01 1.33229797341720300e+01 0.00000000000000000e+00
1.50000000000020162e+00 1.33229797341720300e+01 0.00000000000000000e+00
2.50000000000040234e+00 1.33229797341720300e+01 0.00000000000000000e+00
3.50000000000060396e+00 1.33229797341720300e+01 0.00000000000000000e+00
4.50000000000080558e+00 1.33229797341720300e+01 0.00000000000000000e+00
5.50000000000100719e+00 1.33229797341720300e+01 0.00000000000000000e+00
6.50000000000120792e+00 1.33229797341720300e+01 0.00000000000000000e+00
7.50000000000140954e+00 1.33229797341720300e+01 0.00000000000000000e+00
8.50000000000161116e+00 1.33229797341720300e+01 0.00000000000000000e+00
9.50000000000181188e+00 1.33229797341720300e+01 0.00000000000000000e+00
1.05000000000020144e+01 1.33229797341720300e+01 0.00000000000000000e+00
5.00000000000000000e-01 1.23229797341718292e+01 0.00000000000000000e+00
1.50000000000020162e+00 1.23229797341718292e+01 0.00000000000000000e+00
2.50000000000040234e+00 1.23229797341718292e+01 0.00000000000000000e+00
3.50000000000060396e+00 1.23229797341718292e+01 0.00000000000000000e+00
4.50000000000080558e+00 1.23229797341718292e+01 0.00000000000000000e+00
5.50000000000100719e+00 1.23229797341718292e+01 0.00000000000000000e+00
6.50000000000120792e+00 1.23229797341718292e+01 0.00000000000000000e+00
7.50000000000140954e+00 1.23229797341718292e+01 0.00000000000000000e+00
8.50000000000161116e+00 1.23229797341718292e+01 0.00000000000000000e+00
9.50000000000181188e+00 1.23229797341718292e+01 0.00000000000000000e+00
5.00000000000000000e-01 1.13229797341716285e+01 0.00000000000000000e+00
1.50000000000020162e+00 1.13229797341716285e+01 0.00000000000000000e+00
2.50000000000040234e+00 1.13229797341716285e+01 0.00000000000000000e+00
3.50000000000060396e+00 1.13229797341716285e+01 0.00000000000000000e+00
4.50000000000080558e+00 1.13229797341716285e+01 0.00000000000000000e+00
5.50000000000100719e+00 1.13229797341716285e+01 0.00000000000000000e+00
6.50000000000120792e+00 1.13229797341716285e+01 0.00000000000000000e+00
7.50106019243775002e+00 1.13229797341716285e+01 0.00000000000000000e+00
8.50124532122884524e+00 1.13229797341716285e+01 0.00000000000000000e+00
5.00000000000000000e-01 1.03229797341714260e+01 0.00000000000000000e+00
1.50000000000020162e+00 1.03229797341714260e+01 0.00000000000000000e+00
2.50000000000040234e+00 1.03229797341714260e+01 0.00000000000000000e+00
3.50000000000060396e+00 1.03229797341714260e+01 0.00000000000000000e+00
4.50000000000080558e+00 1.03229797341714260e+01 0.00000000000000000e+00
5.50000000000100719e+00 1.03229797341714260e+01 0.00000000000000000e+00
6.50000000000120792e+00 1.03229797341714260e+01 0.00000000000000000e+00
7.50000000000140954e+00 1.03229797341714260e+01 0.00000000000000000e+00
5.00000000000000000e-01 9.32297973417122527e+00 0.00000000000000000e+00
1.50000000000020162e+00 9.32297973417122527e+00 0.00000000000000000e+00
2.50000000000040234e+00 9.32297973417122527e+00 0.00000000000000000e+00
3.50000000000060396e+00 9.32297973417122527e+00 0.00000000000000000e+00
4.50000000000080558e+00 9.32297973417122527e+00 0.00000000000000000e+00
5.50000000000100719e+00 9.32297973417122527e+00 0.00000000000000000e+00
6.50000000000120792e+00 9.32297973417122527e+00 0.00000000000000000e+00
5.00000000000000000e-01 8.32297973417102455e+00 0.00000000000000000e+00
1.50000000000020162e+00 8.32297973417102455e+00 0.00000000000000000e+00
2.50000000000040234e+00 8.32297973417102455e+00 0.00000000000000000e+00
3.50000000000060396e+00 8.32297973417102455e+00 0.00000000000000000e+00
4.50000000000080558e+00 8.32297973417102455e+00 0.00000000000000000e+00
5.50000000000100719e+00 8.32297973417102455e+00 0.00000000000000000e+00
5.00000000000000000e-01 7.32297973417082293e+00 0.00000000000000000e+00
1.50000000000020162e+00 7.32297973417082293e+00 0.00000000000000000e+00
2.50000000000040234e+00 7.32297973417082293e+00 0.00000000000000000e+00
3.50000000000060396e+00 7.32297973417082293e+00 0.00000000000000000e+00
4.50000000000080558e+00 7.32297973417082293e+00 0.00000000000000000e+00
5.00000000000000000e-01 6.32297973417062131e+00 0.00000000000000000e+00
1.50000000000020162e+00 6.32297973417062131e+00 0.00000000000000000e+00
2.50000000000040234e+00 6.32254315008582779e+00 0.00000000000000000e+00
3.50000000000060396e+00 6.32297973417062131e+00 0.00000000000000000e+00
5.00000000000000000e-01 5.32297973417041970e+00 0.00000000000000000e+00
1.50000000000020162e+00 5.32297973417041970e+00 0.00000000000000000e+00
2.50007215327159393e+00 5.32246952760408210e+00 1.44316956576841465e-04
5.00000000000000000e-01 4.32297973417021808e+00 0.00000000000000000e+00
1.50000000000020162e+00 4.32297973417021808e+00 0.00000000000000000e+00
5.00000000000000000e-01 3.32297973417001646e+00 0.00000000000000000e+00
1.33229797341720317e+01 5.00000000000000000e-01 0.00000000000000000e+00
1.23229797341718310e+01 5.00000000000000000e-01 0.00000000000000000e+00
1.13229797341716285e+01 5.00000000000000000e-01 0.00000000000000000e+00
1.03229797341714278e+01 5.00000000000000000e-01 0.00000000000000000e+00
9.32297973417122527e+00 5.00000000000000000e-01 0.00000000000000000e+00
8.32297973417102455e+00 5.00000000000000000e-01 0.00000000000000000e+00
7.32297973417082293e+00 5.00000000000000000e-01 0.00000000000000000e+00
6.32297973417062131e+00 5.00000000000000000e-01 0.00000000000000000e+00
5.32297973417042058e+00 5.00000000000000000e-01 0.00000000000000000e+00
4.32297973417021897e+00 5.00000000000000000e-01 0.00000000000000000e+00
3.32297973417001691e+00 5.00000000000000000e-01 0.00000000000000000e+00
2.32297973416981485e+00 5.00000000000000000e-01 0.00000000000000000e+00
1.33229797341720317e+01 1.50000000000020073e+00 0.00000000000000000e+00
1.23229797341718310e+01 1.50000000000020073e+00 0.00000000000000000e+00
1.13229797341716285e+01 1.50000000000020073e+00 0.00000000000000000e+00
1.03229797341714278e+01 1.50000000000020073e+00 0.00000000000000000e+00
9.32297973417122527e+00 1.50000000000020073e+00 0.00000000000000000e+00
8.32297973417102455e+00 1.50000000000020073e+00 0.00000000000000000e+00
7.32297973417082293e+00 1.50000000000020073e+00 0.00000000000000000e+00
6.32297973417062131e+00 1.50000000000020073e+00 0.00000000000000000e+00
5.32297973417042058e+00 1.50000000000020073e+00 0.00000000000000000e+00
4.32297973417021897e+00 1.50000000000020073e+00 0.00000000000000000e+00
3.32297973417001691e+00 1.50000000000020073e+00 0.00000000000000000e+00
1.33217908166813572e+01 2.50000000000040234e+00 0.00000000000000000e+00
1.23212357205439016e+01 2.50000000000040234e+00 0.00000000000000000e+00
1.13193594647318179e+01 2.50000000000040234e+00 0.00000000000000000e+00
1.03190466419270841e+01 2.50000000000040234e+00 0.00000000000000000e+00
9.31896950313565497e+00 2.50000000000040234e+00 0.00000000000000000e+00
8.31892091091377850e+00 2.50000000000040234e+00 0.00000000000000000e+00
7.31891104102596923e+00 2.50000000000040234e+00 0.00000000000000000e+00
6.31890890801197980e+00 2.50000000000040234e+00 0.00000000000000000e+00
5.31890890801177818e+00 2.50000000000040234e+00 0.00000000000000000e+00
4.31890890801157745e+00 2.50000000000040234e+00 0.00000000000000000e+00
1.33229797341720317e+01 3.50000000000060396e+00 0.00000000000000000e+00
1.23229797341718310e+01 3.50000000000060396e+00 0.00000000000000000e+00
1.13229797341716285e+01 3.50000000000060396e+00 0.00000000000000000e+00
1.03229797341714278e+01 3.50000000000060396e+00 0.00000000000000000e+00
9.32297973417122527e+00 3.50000000000060396e+00 0.00000000000000000e+00
8.32297973417102455e+00 3.50000000000060396e+00 0.00000000000000000e+00
7.32297973417082293e+00 3.50000000000060396e+00 0.00000000000000000e+00
6.32297973417062131e+00 3.50000000000060396e+00 0.00000000000000000e+00
5.32297973417042058e+00 3.50000000000060396e+00 0.00000000000000000e+00
1.33229797341720317e+01 4.50000000000080469e+00 0.00000000000000000e+00
1.23229797341718310e+01 4.50000000000080469e+00 0.00000000000000000e+00
1.13229797341716285e+01 4.50000000000080469e+00 0.00000000000000000e+00
1.03229797341714278e+01 4.50000000000080469e+00 0.00000000000000000e+00
9.32297973417122527e+00 4.50000000000080469e+00 0.00000000000000000e+00
8.32297973417102455e+00 4.50000000000080469e+00 0.00000000000000000e+00
7.32297973417082293e+00 4.50000000000080469e+00 0.00000000000000000e+00
6.32297973417062131e+00 4.50000000000080469e+00 0.00000000000000000e+00
1.33229797341720317e+01 5.50000000000100631e+00 0.00000000000000000e+00
1.23229797341718310e+01 5.50000000000100631e+00 0.00000000000000000e+00
1.13229797341716285e+01 5.50000000000100631e+00 0.00000000000000000e+00
1.03229797341714278e+01 5.50000000000100631e+00 0.00000000000000000e+00
9.32297973417122527e+00 5.50000000000100631e+00 0.00000000000000000e+00
8.32297973417102455e+00 5.50000000000100631e+00 0.00000000000000000e+00
7.32297973417082293e+00 5.50000000000100631e+00 0.00000000000000000e+00
1.33229797341720317e+01 6.50000000000120792e+00 0.00000000000000000e+00
1.23229797341718310e+01 6.50000000000120792e+00 0.00000000000000000e+00
1.13229797341716285e+01 6.50000000000120792e+00 0.00000000000000000e+00
1.03229797341714278e+01 6.50000000000120792e+00 0.00000000000000000e+00
9.32297973417122527e+00 6.50000000000120792e+00 0.00000000000000000e+00
8.32297973417102455e+00 6.50000000000120792e+00 0.00000000000000000e+00
1.33229797341720317e+01 7.50000000000140954e+00 0.00000000000000000e+00
1.23229797341718310e+01 7.50000000000140954e+00 0.00000000000000000e+00
1.13229797341716285e+01 7.50000000000140954e+00 0.00000000000000000e+00
1.03229797341714278e+01 7.50000000000140954e+00 0.00000000000000000e+00
9.32297973417122527e+00 7.50000000000140954e+00 0.00000000000000000e+00
1.33229797341720317e+01 8.50000000000161116e+00 0.00000000000000000e+00
1.23229797341718310e+01 8.50000000000161116e+00 0.00000000000000000e+00
1.13229797341716285e+01 8.50000000000161116e+00 0.00000000000000000e+00
1.03229797341714278e+01 8.50000000000161116e+00 0.00000000000000000e+00
1.33201843917487288e+01 9.50000000000181188e+00 0.00000000000000000e+00
1.23197901869923623e+01 9.50000000000181188e+00 0.00000000000000000e+00
1.13197524046000275e+01 9.50000000000181188e+00 0.00000000000000000e+00
1.33229797341720317e+01 1.05000000000020144e+01 0.00000000000000000e+00
1.23229797341718310e+01 1.05000000000020144e+01 0.00000000000000000e+00
1.33200808737453826e+01 1.15000000000022151e+01 0.00000000000000000e+00
1.32986315799074060e+01 1.32932214283475503e+01 1.89907883635867490e-02
5.00001066503699576e-01 5.00000000000000000e-01 0.00000000000000000e+00
5.00000000000000000e-01 1.50000000000020073e+00 0.00000000000000000e+00
1.17663519381989872e+01 1.31533958102516486e+01 4.57205522136371612e-01
1.24496681457324065e+01 1.23750191785331847e+01 4.57105522135376419e-01
1.34939914395364458e+00 2.43412714126307428e+00 4.35790593659433789e-01
1.66433191491371435e+00 1.47767562532516017e+00 4.35790593659433789e-01
2.05145335491777647e+00 3.29538918743577369e+00 4.35790593659433789e-01
2.47358059021637189e+00 2.38885259290714291e+00 4.35790593659433789e-01
2.75278217965822503e+00 4.15820903206815284e+00 4.35790593659433789e-01
3.17490941495682089e+00 3.25167243753952251e+00 4.35790593659433789e-01
3.66372692305879655e+00 4.57086957597045007e+00 4.35790593659433789e-01
4.08585415835739241e+00 3.66433298144181974e+00 4.35790593659433789e-01
4.36209837137467282e+00 5.44004051507976794e+00 4.35790593659433789e-01
4.78422560667326913e+00 4.53350392055113716e+00 4.35790593659433789e-01
5.06415258233880561e+00 6.30130256125246646e+00 4.35790593659433789e-01
5.48627981763740102e+00 5.39476596672383657e+00 4.35790593659433789e-01
5.76620679330293839e+00 7.16256460742516499e+00 4.35790593659433789e-01
6.18833402860153470e+00 6.25602801289653510e+00 4.35790593659433789e-01
6.67918019964422882e+00 7.57086850944335144e+00 4.35790593659433789e-01
7.10130743494282513e+00 6.66433191491472066e+00 4.35790593659433789e-01
7.37479759879570196e+00 8.44595388889646159e+00 4.35790593659433789e-01
7.79692483409429826e+00 7.53941729436783081e+00 4.35790593659433789e-01
8.07685180975983386e+00 9.30721593506915923e+00 4.35790593659433789e-01
8.49897904505843016e+00 8.40067934054052756e+00 4.35790593659433789e-01
8.80674583110403653e+00 1.01342546744208928e+01 5.56885160120646816e-01
9.27127925179076229e+00 9.24549457657307805e+00 5.56885160120646816e-01
9.66639623688328520e+00 1.06455417299021242e+01 5.56885160120646816e-01
1.01310573633166143e+01 9.75675985472618557e+00 5.56683132020269422e-01
1.03450570304784488e+01 1.14486863762449342e+01 5.55651089177435664e-01
1.10165325723328351e+01 1.06885268612636235e+01 5.55651089177435664e-01
1.10600753133197660e+01 1.22994039878155235e+01 4.35790593659433789e-01
1.17461296781232534e+01 1.15157646157163107e+01 4.35790593659433789e-01
