# n = 180
# s = 13.916993522480432
# x y theta(rad)
5.00000000000000000e-01 1.34169935224804320e+01 0.00000000000000000e+00
2.41374780075311524e+00 1.34169935224804320e+01 0.00000000000000000e+00
1.33842558702859886e+01 5.00099999999999767e-01 -9.99999999999650935e-05
1.34169935224804320e+01 2.41699352247821775e+00 0.00000000000000000e+00
5.00000000000000000e-01 8.50000000000160938e+00 0.00000000000000000e+00
5.00000000000000000e-01 7.50000000000140776e+00 0.00000000000000000e+00
1.50000000000020162e+00 7.65548772728121474e+00 0.00000000000000000e+00
5.00000000000000000e-01 6.50000000000120703e+00 0.00000000000000000e+00
1.50000000000020162e+00 6.50000000000120703e+00 0.00000000000000000e+00
2.62543232095951495e+00 7.00016283119788696e+00 6.44682585448629775e-01
5.00000000000000000e-01 5.50000000000100542e+00 0.00000000000000000e+00
1.50000000000020162e+00 5.50000000000100542e+00 0.00000000000000000e+00
2.70065014110359680e+00 5.70065014110419899e+00 6.50157651891207222e-01
3.44991012661703111e+00 6.36741013123782906e+00 6.50157651891207222e-01
5.00000000000000000e-01 4.50000000000080380e+00 0.00000000000000000e+00
1.50000000000020162e+00 4.50000000000080380e+00 0.00000000000000000e+00
2.50000000000040234e+00 4.50000000000080380e+00 0.00000000000000000e+00
3.58658316075394046e+00 5.09803564769157092e+00 7.37760095520923476e-01
5.00000000000000000e-01 3.50000000000060307e+00 0.00000000000000000e+00
1.50000000000020162e+00 3.50000000000060307e+00 0.00000000000000000e+00
2.50000000000040234e+00 3.50000000000060307e+00 0.00000000000000000e+00
3.50000000000060396e+00 3.50000000000060307e+00 0.00000000000000000e+00
5.02851712042712151e+00 3.68220674707994622e+00 7.79881341747145296e-01
5.00000000000000000e-01 2.50000000000040234e+00 0.00000000000000000e+00
1.50000000000020162e+00 2.50000000000040234e+00 0.00000000000000000e+00
2.50000000000040234e+00 2.50000000000040234e+00 0.00000000000000000e+00
3.50000000000060396e+00 2.50000000000040234e+00 0.00000000000000000e+00
4.50000000000080469e+00 2.50000000000040234e+00 0.00000000000000000e+00
5.54978157745397915e+00 2.50000000000040234e+00 0.00000000000000000e+00
5.00000000000000000e-01 1.50000000000020073e+00 0.00000000000000000e+00
1.50000000000020162e+00 1.50000000000020073e+00 0.00000000000000000e+00
2.50000000000040234e+00 1.50000000000020073e+00 0.00000000000000000e+00
3.50000000000060396e+00 1.50000000000020073e+00 0.00000000000000000e+00
4.50000000000080469e+00 1.50000000000020073e+00 0.00000000000000000e+00
5.50000000000100631e+00 1.50000000000020073e+00 0.00000000000000000e+00
6.50000000000120703e+00 1.50000000000020073e+00 0.00000000000000000e+00
5.00000000000000000e-01 5.00000000000000000e-01 0.00000000000000000e+00
1.50000000000020162e+00 5.00000000000000000e-01 0.00000000000000000e+00
2.50000000000040234e+00 5.00000000000000000e-01 0.00000000000000000e+00
3.50000000000060396e+00 5.00000000000000000e-01 0.00000000000000000e+00
4.50000000000080469e+00 5.00000000000000000e-01 0.00000000000000000e+00
5.50000000000100631e+00 5.00000000000000000e-01 0.00000000000000000e+00
6.50000000000120703e+00 5.00000000000000000e-01 0.00000000000000000e+00
7.50000000000140865e+00 5.00000000000000000e-01 0.00000000000000000e+00
8.50000000000160938e+00 5.00000000000000000e-01 0.00000000000000000e+00
3.41374780075331641e+00 1.34169935224804320e+01 0.00000000000000000e+00
4.41374780075351758e+00 1.34169935224804320e+01 0.00000000000000000e+00
5.41374780075371831e+00 1.34169935224804320e+01 0.00000000000000000e+00
6.41374780075391993e+00 1.34169935224804320e+01 0.00000000000000000e+00
7.41374780075412065e+00 1.34169935224804320e+01 0.00000000000000000e+00
8.41374780075432227e+00 1.34169935224804320e+01 0.00000000000000000e+00
9.41374780075452477e+00 1.34169935224804320e+01 0.00000000000000000e+00
1.04137478007547255e+01 1.34169935224804320e+01 0.00000000000000000e+00
1.14137478007549262e+01 1.34169935224804320e+01 0.00000000000000000e+00
1.24137478007551270e+01 1.34169935224804320e+01 0.00000000000000000e+00
1.34137478007553295e+01 1.34169935224804320e+01 0.00000000000000000e+00
4.41699352247862009e+00 1.24169935224802295e+01 0.00000000000000000e+00
5.41699352247882171e+00 1.24169935224802295e+01 0.00000000000000000e+00
6.41699352247902333e+00 1.24169935224802295e+01 0.00000000000000000e+00
7.41699352247922405e+00 1.23843250324905156e+01 0.00000000000000000e+00
8.41699352247942656e+00 1.24169935224802295e+01 0.00000000000000000e+00
9.41699352247962729e+00 1.24169935224802295e+01 0.00000000000000000e+00
1.04169935224798280e+01 1.24169935224802295e+01 0.00000000000000000e+00
1.14169935224800287e+01 1.24169935224802295e+01 0.00000000000000000e+00
1.24169935224802312e+01 1.24169935224802295e+01 0.00000000000000000e+00
1.34169935224804320e+01 1.24169935224802295e+01 0.00000000000000000e+00
5.41699352247882171e+00 1.14169935224800270e+01 0.00000000000000000e+00
6.41699352247902333e+00 1.14169935224800270e+01 0.00000000000000000e+00
7.41699352247922405e+00 1.13843250324903167e+01 0.00000000000000000e+00
8.41699352247942656e+00 1.14169935224800270e+01 0.00000000000000000e+00
9.41699352247962729e+00 1.14169935224800270e+01 0.00000000000000000e+00
1.04169935224798280e+01 1.14169935224800270e+01 0.00000000000000000e+00
1.14169935224800287e+01 1.14169935224800270e+01 0.00000000000000000e+00
1.24169935224802312e+01 1.14169935224800270e+01 0.00000000000000000e+00
1.34169935224804320e+01 1.14169935224800270e+01 0.00000000000000000e+00
6.41699352247902333e+00 1.04169935224798280e+01 0.00000000000000000e+00
7.41699352247922405e+00 1.03843250324901142e+01 0.00000000000000000e+00
8.41699352247942656e+00 1.04169935224798280e+01 0.00000000000000000e+00
9.41699352247962729e+00 1.04169935224798280e+01 0.00000000000000000e+00
1.04169935224798280e+01 1.04169935224798280e+01 0.00000000000000000e+00
1.14169935224800287e+01 1.04169935224798280e+01 0.00000000000000000e+00
1.24169935224802312e+01 1.04169935224798280e+01 0.00000000000000000e+00
1.34169935224804320e+01 1.04169935224798280e+01 0.00000000000000000e+00
6.41699352247902333e+00 9.41699352247962551e+00 0.00000000000000000e+00
7.41699352247922405e+00 9.38432503248991168e+00 0.00000000000000000e+00
8.41699352247942656e+00 9.41699352247962551e+00 0.00000000000000000e+00
9.41699352247962729e+00 9.41699352247962551e+00 0.00000000000000000e+00
1.04169935224798280e+01 9.41699352247962551e+00 0.00000000000000000e+00
1.14169935224800287e+01 9.41699352247962551e+00 0.00000000000000000e+00
1.24169935224802312e+01 9.41699352247962551e+00 0.00000000000000000e+00
1.34169935224804320e+01 9.41699352247962551e+00 0.00000000000000000e+00
6.41699352247902333e+00 8.41699352247942656e+00 0.00000000000000000e+00
7.41699352247922405e+00 8.38432503248971273e+00 0.00000000000000000e+00
8.41699352247942656e+00 8.41699352247942656e+00 0.00000000000000000e+00
9.41699352247962729e+00 8.41699352247942656e+00 0.00000000000000000e+00
1.04169935224798280e+01 8.41699352247942656e+00 0.00000000000000000e+00
1.14169935224800287e+01 8.41699352247942656e+00 0.00000000000000000e+00
1.24169935224802312e+01 8.41699352247942656e+00 0.00000000000000000e+00
1.34169935224804320e+01 8.41699352247942656e+00 0.00000000000000000e+00
6.41699352247902333e+00 7.41699352247922317e+00 0.00000000000000000e+00
7.41699352247922405e+00 7.38432503248951022e+00 0.00000000000000000e+00
8.41699352247942656e+00 7.41699352247922317e+00 0.00000000000000000e+00
9.41699352247962729e+00 7.41699352247922317e+00 0.00000000000000000e+00
1.04169935224798280e+01 7.41699352247922317e+00 0.00000000000000000e+00
1.14169935224800287e+01 7.41699352247922317e+00 0.00000000000000000e+00
1.24169935224802312e+01 7.41699352247922317e+00 0.00000000000000000e+00
1.34169935224804320e+01 7.41699352247922317e+00 0.00000000000000000e+00
8.41699352247942656e+00 6.41699352247902244e+00 0.00000000000000000e+00
9.41699352247962729e+00 6.41699352247902244e+00 0.00000000000000000e+00
1.04169935224798280e+01 6.41699352247902244e+00 0.00000000000000000e+00
1.14169935224800287e+01 6.41699352247902244e+00 0.00000000000000000e+00
1.24169935224802312e+01 6.41699352247902244e+00 0.00000000000000000e+00
1.34169935224804320e+01 6.41699352247902244e+00 0.00000000000000000e+00
1.14169935224800287e+01 5.41699352247882171e+00 0.00000000000000000e+00
1.24169935224802312e+01 5.41699352247882171e+00 0.00000000000000000e+00
1.34169935224804320e+01 5.41699352247882171e+00 0.00000000000000000e+00
1.24169935224802312e+01 4.41699352247862009e+00 0.00000000000000000e+00
1.34169935224804320e+01 4.41699352247862009e+00 0.00000000000000000e+00
1.34169935224804320e+01 3.41699352247841892e+00 0.00000000000000000e+00
4.31977491720988738e+00 4.38771745529342905e+00 7.79881341747145296e-01
5.41699352247882171e+00 6.36962716409037100e+00 0.00000000000000000e+00
5.78058824662613802e+00 4.34387194611290806e+00 7.79881341747145296e-01
5.07739318813475027e+00 5.05486892902753038e+00 7.79881341747145296e-01
7.00734504911027400e-01 1.20340041424841786e+01 6.51045437668326121e-01
1.48345023830083456e+00 1.26567381741516023e+01 6.51045437668326121e-01
3.41699352247841937e+00 1.24169935224802295e+01 0.00000000000000000e+00
7.00734504911027400e-01 1.07007345049130365e+01 6.51045437668326121e-01
1.45949062943785446e+00 1.13549175640558495e+01 6.51045437668326121e-01
2.24220636282766161e+00 1.19776515957232732e+01 6.51045437668326121e-01
3.41699352247841937e+00 1.13631672986671077e+01 0.00000000000000000e+00
5.00000000000000000e-01 9.50000000000180833e+00 0.00000000000000000e+00
1.60171112111907732e+00 1.00352604518381696e+01 6.51045437668325788e-01
2.31479762396749589e+00 1.07493887795039136e+01 6.51045437668326121e-01
3.21892619517338208e+00 1.01650999713618688e+01 6.25329123588398317e-01
4.41699352247862009e+00 1.14169935224800270e+01 0.00000000000000000e+00
1.69806732730523890e+00 8.85491982468185412e+00 6.25329123588398317e-01
2.50286940226872456e+00 9.44855067006233540e+00 6.25329123588398317e-01
4.41699352247862009e+00 9.41699352247962551e+00 0.00000000000000000e+00
4.41699352247862009e+00 1.04169935224798280e+01 0.00000000000000000e+00
5.41699352247882171e+00 1.04169935224798280e+01 0.00000000000000000e+00
2.55534414649885910e+00 8.24046618954199772e+00 6.25329123588398317e-01
3.36014622146234432e+00 8.83409703492247900e+00 6.25329123588398317e-01
4.21781340490283618e+00 8.21781340490364087e+00 6.35524870136140119e-01
5.41699352247882171e+00 9.41699352247962551e+00 0.00000000000000000e+00
3.41305316047169072e+00 7.62421341418301601e+00 6.35524870136140119e-01
4.24044058304411919e+00 6.99189734593744472e+00 6.35524870136140119e-01
5.41699352247882171e+00 8.41699352247942656e+00 0.00000000000000000e+00
4.33817290309624504e+00 5.77185865416572241e+00 7.18790733019822548e-01
5.41699352247882171e+00 7.41699352247922317e+00 0.00000000000000000e+00
1.20555017448518740e+01 6.75826959897753099e-01 -4.86847019457294139e-01
1.25946785716528300e+01 1.52187835145221317e+00 -4.86847019457294139e-01
1.24169935224802312e+01 3.41699352247841892e+00 0.00000000000000000e+00
1.08071534545033128e+01 6.75826959897753099e-01 -4.86847019457294139e-01
1.13662978202156051e+01 1.51130863615886213e+00 -4.86847019457294139e-01
1.19054746470165611e+01 2.35736002771332220e+00 -4.86847019457294139e-01
1.12413815488894020e+01 3.24138154888779262e+00 -4.85815088738477452e-01
9.67561197359243685e+00 6.75611973590626746e-01 -4.85815088738477452e-01
1.01429710175599226e+01 1.55967970866540906e+00 -4.85815088738477452e-01
1.07021655062892176e+01 2.39525607369197324e+00 -4.85815088738477452e-01
1.00386469688041284e+01 3.28115662065010838e+00 -4.99211493681220919e-01
1.14169935224800287e+01 4.41699352247862009e+00 0.00000000000000000e+00
9.00760053078373524e+00 1.56535740987308980e+00 -4.99211493681220919e-01
9.48007865219729240e+00 2.44672860722108432e+00 -4.99211493681220919e-01
8.81718009366380429e+00 3.35768826548197286e+00 -4.62311484710766551e-01
1.04169935224798280e+01 4.41699352247862009e+00 0.00000000000000000e+00
1.04169935224798280e+01 5.41699352247882171e+00 0.00000000000000000e+00
8.34450178157456435e+00 2.47594993380463180e+00 -4.62311484710766551e-01
8.13894563262983795e+00 4.24008543489994150e+00 -4.92089795447071210e-01
9.31585372020871638e+00 4.41699352247862009e+00 0.00000000000000000e+00
9.41699352247962729e+00 5.41699352247882171e+00 0.00000000000000000e+00
7.71869345693644782e+00 1.67052102808155034e+00 -4.62311484710766551e-01
7.66647687827889079e+00 3.35873801409332984e+00 -4.92089795447071210e-01
7.41699352247922405e+00 5.38432503248910788e+00 0.00000000000000000e+00
8.41699352247942656e+00 5.41699352247882171e+00 0.00000000000000000e+00
7.00431929074391135e+00 4.24008543489994150e+00 -4.92089795447071210e-01
6.41699352247902333e+00 5.41699352247882171e+00 0.00000000000000000e+00
7.03915853859895257e+00 2.55209298346719393e+00 -5.14029686387579954e-01
6.35135100347781112e+00 3.39890147322944935e+00 -6.31021364843215804e-01
6.41699352247902333e+00 6.41699352247902244e+00 0.00000000000000000e+00
7.41699352247922405e+00 6.38432503248930860e+00 0.00000000000000000e+00
