# n = 181
# s = 13.953748821957012
# x y theta(rad)
5.00000000000000000e-01 1.34537488219570101e+01 0.00000000000000000e+00
1.30324680769579562e+01 5.00000000000000000e-01 0.00000000000000000e+00
1.34537488219570118e+01 1.50000000000020162e+00 0.00000000000000000e+00
5.00000000000000000e-01 5.00000000000000000e-01 0.00000000000000000e+00
1.50000000000020073e+00 5.00000000000000000e-01 0.00000000000000000e+00
2.50000000000040234e+00 5.00000000000000000e-01 0.00000000000000000e+00
3.50000000000060396e+00 5.00000000000000000e-01 0.00000000000000000e+00
4.50000000000080469e+00 5.00000000000000000e-01 0.00000000000000000e+00
5.50000000000100719e+00 5.00000000000000000e-01 0.00000000000000000e+00
6.50000000000120792e+00 5.00000000000000000e-01 0.00000000000000000e+00
5.00000000000000000e-01 1.50000000000020162e+00 0.00000000000000000e+00
1.50000000000020073e+00 1.50000000000020162e+00 0.00000000000000000e+00
2.50000000000040234e+00 1.50000000000020162e+00 0.00000000000000000e+00
3.50000000000060396e+00 1.50000000000020162e+00 0.00000000000000000e+00
4.50000000000080469e+00 1.50000000000020162e+00 0.00000000000000000e+00
5.50000000000100719e+00 1.50000000000020162e+00 0.00000000000000000e+00
5.00000000000000000e-01 2.50000000000040323e+00 0.00000000000000000e+00
1.50000000000020073e+00 2.50000000000040323e+00 0.00000000000000000e+00
2.50000000000040234e+00 2.50000000000040323e+00 0.00000000000000000e+00
3.50000000000060396e+00 2.50000000000040323e+00 0.00000000000000000e+00
4.50000000000080469e+00 2.50000000000040323e+00 0.00000000000000000e+00
5.00000000000000000e-01 3.50000000000060441e+00 0.00000000000000000e+00
1.50000000000020073e+00 3.50000000000060441e+00 0.00000000000000000e+00
2.50000000000040234e+00 3.50000000000060441e+00 0.00000000000000000e+00
3.50000000000060396e+00 3.50000000000060441e+00 0.00000000000000000e+00
5.00000000000000000e-01 4.50000000000080558e+00 0.00000000000000000e+00
1.50000000000020073e+00 4.50000000000080558e+00 0.00000000000000000e+00
2.50000000000040234e+00 4.50000000000080558e+00 0.00000000000000000e+00
5.00000000000000000e-01 5.50000000000100719e+00 0.00000000000000000e+00
1.50000000000020073e+00 5.50000000000100719e+00 0.00000000000000000e+00
2.50000000000040234e+00 5.50000000000100719e+00 0.00000000000000000e+00
5.00000000000000000e-01 6.50000000000120881e+00 0.00000000000000000e+00
1.50000000000020073e+00 6.50000000000120881e+00 0.00000000000000000e+00
5.00000000000000000e-01 7.50000000000141043e+00 0.00000000000000000e+00
1.34537488219570118e+01 1.34537488219570101e+01 0.00000000000000000e+00
1.24537488219568093e+01 1.34537488219570101e+01 0.00000000000000000e+00
1.14537488219566068e+01 1.34537488219570101e+01 0.00000000000000000e+00
1.04537488219564061e+01 1.34537488219570101e+01 0.00000000000000000e+00
9.45374882195620536e+00 1.34537488219570101e+01 0.00000000000000000e+00
8.45374882195600463e+00 1.34537488219570101e+01 0.00000000000000000e+00
7.45374882195580213e+00 1.34537488219570101e+01 0.00000000000000000e+00
6.45374882195560140e+00 1.34537488219570101e+01 0.00000000000000000e+00
5.45374882195539978e+00 1.34537488219570101e+01 0.00000000000000000e+00
4.45374882195519817e+00 1.34537488219570101e+01 0.00000000000000000e+00
3.45374882195499699e+00 1.34537488219570101e+01 0.00000000000000000e+00
2.45374882195479582e+00 1.34537488219570101e+01 0.00000000000000000e+00
1.34537488219570118e+01 1.24537488219568111e+01 0.00000000000000000e+00
1.24537488219568093e+01 1.24537488219568111e+01 0.00000000000000000e+00
1.14537488219566068e+01 1.24537488219568111e+01 0.00000000000000000e+00
1.04537488219564061e+01 1.24537488219568111e+01 0.00000000000000000e+00
9.45374882195620536e+00 1.24537488219568111e+01 0.00000000000000000e+00
8.45374882195600463e+00 1.24537488219568111e+01 0.00000000000000000e+00
7.45374882195580213e+00 1.24537488219568111e+01 0.00000000000000000e+00
6.45374882195560140e+00 1.24537488219568111e+01 0.00000000000000000e+00
5.45374882195539978e+00 1.24537488219568111e+01 0.00000000000000000e+00
4.45374882195519817e+00 1.24537488219568111e+01 0.00000000000000000e+00
3.45374882195499699e+00 1.24537488219568111e+01 0.00000000000000000e+00
1.34537488219570118e+01 1.14537488219566086e+01 0.00000000000000000e+00
1.24537488219568093e+01 1.14537488219566086e+01 0.00000000000000000e+00
1.14537488219566068e+01 1.14537488219566086e+01 0.00000000000000000e+00
1.04537488219564061e+01 1.14537488219566086e+01 0.00000000000000000e+00
9.45374882195620536e+00 1.14537488219566086e+01 0.00000000000000000e+00
8.45374882195600463e+00 1.14537488219566086e+01 0.00000000000000000e+00
7.45374882195580213e+00 1.14537488219566086e+01 0.00000000000000000e+00
6.45374882195560140e+00 1.14537488219566086e+01 0.00000000000000000e+00
5.45374882195539978e+00 1.14537488219566086e+01 0.00000000000000000e+00
4.45374882195519817e+00 1.14537488219566086e+01 0.00000000000000000e+00
1.34537488219570118e+01 1.04537488219564061e+01 0.00000000000000000e+00
1.24537488219568093e+01 1.04537488219564061e+01 0.00000000000000000e+00
1.14537488219566068e+01 1.04537488219564061e+01 0.00000000000000000e+00
1.04537488219564061e+01 1.04537488219564061e+01 0.00000000000000000e+00
9.45374882195620536e+00 1.04537488219564061e+01 0.00000000000000000e+00
8.45374882195600463e+00 1.04537488219564061e+01 0.00000000000000000e+00
7.45374882195580213e+00 1.04537488219564061e+01 0.00000000000000000e+00
6.45374882195560140e+00 1.04537488219564061e+01 0.00000000000000000e+00
5.45374882195539978e+00 1.04537488219564061e+01 0.00000000000000000e+00
4.45374882195519817e+00 1.04537488219564061e+01 0.00000000000000000e+00
1.34537488219570118e+01 9.45374882195620714e+00 0.00000000000000000e+00
1.24537488219568093e+01 9.45374882195620714e+00 0.00000000000000000e+00
1.14537488219566068e+01 9.45374882195620714e+00 0.00000000000000000e+00
1.04537488219564061e+01 9.45374882195620714e+00 0.00000000000000000e+00
9.45374882195620536e+00 9.45374882195620714e+00 0.00000000000000000e+00
8.45374882195600463e+00 9.45374882195620714e+00 0.00000000000000000e+00
7.45374882195580213e+00 9.45374882195620714e+00 0.00000000000000000e+00
6.45374882195560140e+00 9.45374882195620714e+00 0.00000000000000000e+00
5.45374882195539978e+00 9.45374882195620714e+00 0.00000000000000000e+00
1.34537488219570118e+01 8.45374882195600463e+00 0.00000000000000000e+00
1.24537488219568093e+01 8.45374882195600463e+00 0.00000000000000000e+00
1.14537488219566068e+01 8.45374882195600463e+00 0.00000000000000000e+00
1.04537488219564061e+01 8.45374882195600463e+00 0.00000000000000000e+00
9.45374882195620536e+00 8.45374882195600463e+00 0.00000000000000000e+00
8.45374882195600463e+00 8.45374882195600463e+00 0.00000000000000000e+00
7.45374882195580213e+00 8.45374882195600463e+00 0.00000000000000000e+00
6.45374882195560140e+00 8.45374882195600463e+00 0.00000000000000000e+00
5.45374882195539978e+00 8.45374882195600463e+00 0.00000000000000000e+00
1.34537488219570118e+01 7.45374882195580302e+00 0.00000000000000000e+00
1.24537488219568093e+01 7.45374882195580302e+00 0.00000000000000000e+00
1.14537488219566068e+01 7.45374882195580302e+00 0.00000000000000000e+00
1.04537488219564061e+01 7.45374882195580302e+00 0.00000000000000000e+00
9.45374882195620536e+00 7.45374882195580302e+00 0.00000000000000000e+00
8.45374882195600463e+00 7.45374882195580302e+00 0.00000000000000000e+00
7.45374882195580213e+00 7.45374882195580302e+00 0.00000000000000000e+00
1.34537488219570118e+01 6.45374882195560229e+00 0.00000000000000000e+00
1.24537488219568093e+01 6.45374882195560229e+00 0.00000000000000000e+00
1.14537488219566068e+01 6.45374882195560229e+00 0.00000000000000000e+00
1.04537488219564061e+01 6.45374882195560229e+00 0.00000000000000000e+00
9.45374882195620536e+00 6.45374882195560229e+00 0.00000000000000000e+00
1.34537488219570118e+01 5.45374882195540067e+00 0.00000000000000000e+00
1.24537488219568093e+01 5.45374882195540067e+00 0.00000000000000000e+00
1.14537488219566068e+01 5.45374882195540067e+00 0.00000000000000000e+00
1.34537488219570118e+01 4.45374882195519906e+00 0.00000000000000000e+00
1.24537488219568093e+01 4.45374882195519906e+00 0.00000000000000000e+00
1.34537488219570118e+01 3.45374882195499744e+00 0.00000000000000000e+00
7.50000000000140954e+00 5.00000000000000000e-01 0.00000000000000000e+00
8.45374882195600463e+00 6.45374882195560229e+00 0.00000000000000000e+00
3.66814743985393799e+00 4.95543285799175326e+00 -4.51900516724931034e-01
4.10109029653264567e+00 5.92291235527343130e+00 -5.79168537145548723e-01
4.47404976273666843e+00 4.32568662482707378e+00 -4.51900516724931034e-01
4.91072582505607258e+00 5.22530544221454019e+00 -4.51900516724931034e-01
5.31385858967838409e+00 6.45374882195560229e+00 0.00000000000000000e+00
6.34266961976935129e+00 6.41015313002891318e+00 -5.88658335493229684e-02
7.43082735613002310e+00 6.45374882195560229e+00 0.00000000000000000e+00
3.24329619102599587e+00 6.43831905800108828e+00 -5.79168537145548723e-01
4.27867146781829888e+00 7.01052695548660765e+00 -4.83263745554790680e-01
2.40236544702837040e+00 7.31002479439718122e+00 4.79338540899780896e-01
3.33626210605408025e+00 7.78817006925624966e+00 4.80916308535646375e-01
4.45374882195519817e+00 8.18560430962370944e+00 0.00000000000000000e+00
1.56308754549128626e+00 8.00080730165702292e+00 4.79338540899780896e-01
2.45038772224381596e+00 8.46199966535717252e+00 4.79338540899780896e-01
3.34325682473269614e+00 8.92582332382561106e+00 4.91725255706651654e-01
4.45374882195519817e+00 9.34499971724864409e+00 0.00000000000000000e+00
6.74246270226238842e-01 8.67424627022785089e+00 4.79338540899780896e-01
1.56499124241782006e+00 9.12881110094496862e+00 4.79338540899780896e-01
2.45229141917034887e+00 9.59000346464511821e+00 4.79338540899780896e-01
3.32400443251949129e+00 1.00811843839491289e+01 4.79338540899780896e-01
6.70202396168152248e-01 9.80103718904103616e+00 4.60895202163790152e-01
1.55765350488191334e+00 1.02623080027063516e+01 4.60895202163790152e-01
2.43007060200235170e+00 1.07538548839105559e+01 4.60895202163790152e-01
2.39379958727514985e+00 1.19746471648315023e+01 4.31039909713763325e-01
6.63173784719904624e-01 1.09510585621063754e+01 4.31039909713763325e-01
1.53738774342623419e+00 1.14434977004664731e+01 4.31039909713763325e-01
6.82493994053440467e-01 1.21552999188991144e+01 5.20779333027605595e-01
1.53269890329387248e+00 1.26828891034989937e+01 5.20779333027605595e-01
3.28354642578684386e+00 1.12835464257884546e+01 4.60895202163790152e-01
1.18607338993768927e+01 6.52253507989365211e-01 -3.88917437087817119e-01
1.22300471427417126e+01 1.58161973772477893e+00 -3.88917437087817119e-01
1.26761952859760942e+01 2.53557928109231501e+00 -4.98972353217157549e-01
1.07800267963281815e+01 6.52253507989365211e-01 -3.88917437087817119e-01
1.11493400396930014e+01 1.58161973772477893e+00 -3.88917437087817119e-01
1.15084762490623902e+01 2.51515641420229841e+00 -3.88917437087817119e-01
1.19561004726634383e+01 3.41243158749199527e+00 -3.88917437087817119e-01
9.66654616743720396e+00 6.36814396165833685e-01 -3.35730380782995441e-01
1.00449442175472239e+01 1.56390747602655988e+00 -3.35730380782995441e-01
1.04145790226146104e+01 2.49405840451993033e+00 -3.35730380782995441e-01
1.07558058737296189e+01 3.43412201064891676e+00 -3.35730380782995441e-01
1.12234689959182194e+01 4.33006691682848288e+00 -3.35730380782995441e-01
8.55066304450363113e+00 5.50663044502019972e-01 -1.07280827101293844e-01
8.93733744104760319e+00 1.58160677958003948e+00 -3.37268027501593848e-01
9.31570950852014512e+00 2.50862576432915940e+00 -3.37268027501593848e-01
9.68532305355298639e+00 3.43871606523482853e+00 -3.37268027501593848e-01
1.00265439539721672e+01 4.37876270166734383e+00 -3.37268027501593848e-01
1.04228888041376404e+01 5.42288880413663499e+00 -6.37976867245959867e-02
7.75937855652115882e+00 1.61613190853774213e+00 -3.41426208163885581e-01
8.20676515503135739e+00 2.51841433419157834e+00 -3.41426208163885581e-01
8.58507009176581626e+00 3.44524440046109603e+00 -3.41426208163885581e-01
8.95462942843887788e+00 4.37518214888181234e+00 -3.41426208163885581e-01
9.29583801118215547e+00 5.31519412106557532e+00 -3.41426208163885581e-01
7.03595427372743387e+00 2.56224209350533716e+00 -3.51967619652658492e-01
7.48292594005124290e+00 3.46339471383692743e+00 -3.51967619652658492e-01
7.86108236837447905e+00 4.38982041139535806e+00 -3.51967619652658492e-01
8.23052692535280528e+00 5.31944562992744885e+00 -3.51967619652658492e-01
6.64172083656122236e+00 1.64172083656021606e+00 -3.51967619652658492e-01
6.31962214848160198e+00 3.49485378508181554e+00 -4.04528013009606835e-01
6.76488552474283722e+00 4.39201638709220532e+00 -4.04528013009606835e-01
7.14465730831506285e+00 5.32812498064581241e+00 -3.83894337815121056e-01
5.60818862308116106e+00 4.37215736606279481e+00 -4.51900516724931034e-01
6.05595730388594156e+00 5.30287517743446468e+00 -3.83894337815121056e-01
5.88245564338738713e+00 2.59422458130694977e+00 -4.04528013009606835e-01
5.17151256076175692e+00 3.47253854867532885e+00 -4.51900516724931034e-01
5.45374882195539978e+00 7.45374882195580302e+00 0.00000000000000000e+00
6.45374882195560140e+00 7.45374882195580302e+00 0.00000000000000000e+00
