# n = 182
# s = 13.974090713124051
# x y theta(rad)
1.34431024706898690e+01 5.00000000000000000e-01 0.00000000000000000e+00
1.34740907131240508e+01 1.50000000000020073e+00 0.00000000000000000e+00
5.00000000000000000e-01 7.50000000000140776e+00 0.00000000000000000e+00
5.00000000000000000e-01 6.50000000000120703e+00 0.00000000000000000e+00
5.00845957293571509e-01 5.50000000000100542e+00 0.00000000000000000e+00
5.00000000000000000e-01 4.50000000000080469e+00 0.00000000000000000e+00
5.00000000000000000e-01 3.50000000000060352e+00 0.00000000000000000e+00
1.50000000000020162e+00 3.50000000000060352e+00 0.00000000000000000e+00
2.50000000000040234e+00 3.50000000000060352e+00 0.00000000000000000e+00
5.00000000000000000e-01 2.50000000000040234e+00 0.00000000000000000e+00
1.50000000000020162e+00 2.50000000000040234e+00 0.00000000000000000e+00
2.50000000000040234e+00 2.50000000000040234e+00 0.00000000000000000e+00
3.50000000000060396e+00 2.50000000000040234e+00 0.00000000000000000e+00
5.00000000000000000e-01 1.50000000000020073e+00 0.00000000000000000e+00
1.50000000000020162e+00 1.50000000000020073e+00 0.00000000000000000e+00
2.50000000000040234e+00 1.50000000000020073e+00 0.00000000000000000e+00
3.50000000000060396e+00 1.50000000000020073e+00 0.00000000000000000e+00
4.50000000000080469e+00 1.50000000000020073e+00 0.00000000000000000e+00
5.00000000000000000e-01 5.00000000000000000e-01 0.00000000000000000e+00
1.50000000000020162e+00 5.00000000000000000e-01 0.00000000000000000e+00
2.50000000000040234e+00 5.00000000000000000e-01 0.00000000000000000e+00
3.50000000000060396e+00 5.00000000000000000e-01 0.00000000000000000e+00
4.50000000000080469e+00 5.00000000000000000e-01 0.00000000000000000e+00
5.50000000000100631e+00 5.00715852498830216e-01 0.00000000000000000e+00
6.50000000000120703e+00 5.00000000000000000e-01 0.00000000000000000e+00
2.47409071312183659e+00 1.34740907131240508e+01 0.00000000000000000e+00
3.47409071312203777e+00 1.34740907131240508e+01 0.00000000000000000e+00
4.47409071312223894e+00 1.34740907131240508e+01 0.00000000000000000e+00
5.47409071312243967e+00 1.34740907131240508e+01 0.00000000000000000e+00
6.47409071312264128e+00 1.34740907131240508e+01 0.00000000000000000e+00
7.47409071312284201e+00 1.34740907131240508e+01 0.00000000000000000e+00
8.47409071312304363e+00 1.34740907131240508e+01 0.00000000000000000e+00
9.47409071312324436e+00 1.34740907131240508e+01 0.00000000000000000e+00
1.04740907131234469e+01 1.34740907131240508e+01 0.00000000000000000e+00
1.14740907131236476e+01 1.34740907131240508e+01 0.00000000000000000e+00
1.24740907131238483e+01 1.34740907131240508e+01 0.00000000000000000e+00
1.34740907131240508e+01 1.34740907131240508e+01 0.00000000000000000e+00
3.47409071312203777e+00 1.24740907131238483e+01 0.00000000000000000e+00
4.47409071312223894e+00 1.24740907131238483e+01 0.00000000000000000e+00
5.47409071312243967e+00 1.24740907131238483e+01 0.00000000000000000e+00
6.47409071312264128e+00 1.24740907131238483e+01 0.00000000000000000e+00
7.47409071312284201e+00 1.24740907131238483e+01 0.00000000000000000e+00
8.47409071312304363e+00 1.24740907131238483e+01 0.00000000000000000e+00
9.47409071312324436e+00 1.24740907131238483e+01 0.00000000000000000e+00
1.04740907131234469e+01 1.24740907131238483e+01 0.00000000000000000e+00
1.14740907131236476e+01 1.24740907131238483e+01 0.00000000000000000e+00
1.24740907131238483e+01 1.24740907131238483e+01 0.00000000000000000e+00
1.34740907131240508e+01 1.24740907131238483e+01 0.00000000000000000e+00
4.47409071312223894e+00 1.14740907131236476e+01 0.00000000000000000e+00
5.47409071312243967e+00 1.14740907131236476e+01 0.00000000000000000e+00
6.47409071312264128e+00 1.14740907131236476e+01 0.00000000000000000e+00
7.47409071312284201e+00 1.14740907131236476e+01 0.00000000000000000e+00
8.47409071312304363e+00 1.14740907131236476e+01 0.00000000000000000e+00
9.47409071312324436e+00 1.14740907131236476e+01 0.00000000000000000e+00
1.04740907131234469e+01 1.14740907131236476e+01 0.00000000000000000e+00
1.14740907131236476e+01 1.14740907131236476e+01 0.00000000000000000e+00
1.24740907131238483e+01 1.14740907131236476e+01 0.00000000000000000e+00
1.34740907131240508e+01 1.14740907131236476e+01 0.00000000000000000e+00
4.46500546262911158e+00 1.04740907131234469e+01 0.00000000000000000e+00
5.46586539780453062e+00 1.04740907131234469e+01 0.00000000000000000e+00
6.46635888592375174e+00 1.04740907131234469e+01 0.00000000000000000e+00
7.46786911112516183e+00 1.04740907131234469e+01 0.00000000000000000e+00
8.46872435282651637e+00 1.04740907131234469e+01 0.00000000000000000e+00
9.46954525636648015e+00 1.04740907131234469e+01 0.00000000000000000e+00
1.04702733008561211e+01 1.04740907131234469e+01 0.00000000000000000e+00
1.14712276424944104e+01 1.04740907131234469e+01 0.00000000000000000e+00
1.24718401951752345e+01 1.04740907131234469e+01 0.00000000000000000e+00
1.34733134783253750e+01 1.04740907131234469e+01 0.00000000000000000e+00
4.47409071312223894e+00 9.47409071312324436e+00 0.00000000000000000e+00
5.47409071312243967e+00 9.47409071312324436e+00 0.00000000000000000e+00
6.47409071312264128e+00 9.47409071312324436e+00 0.00000000000000000e+00
7.47409071312284201e+00 9.47409071312324436e+00 0.00000000000000000e+00
8.47409071312304363e+00 9.46892493914788247e+00 0.00000000000000000e+00
9.47409071312324436e+00 9.47409071312324436e+00 0.00000000000000000e+00
1.04740907131234469e+01 9.47409071312324436e+00 0.00000000000000000e+00
1.14740907131236476e+01 9.47409071312324436e+00 0.00000000000000000e+00
1.24740907131238483e+01 9.47409071312324436e+00 0.00000000000000000e+00
1.34740907131240508e+01 9.47409071312324436e+00 0.00000000000000000e+00
4.47409071312223894e+00 8.47409071312304363e+00 0.00000000000000000e+00
5.47409071312243967e+00 8.47409071312304363e+00 0.00000000000000000e+00
6.47409071312264128e+00 8.47409071312304363e+00 0.00000000000000000e+00
7.47409071312284201e+00 8.47409071312304363e+00 0.00000000000000000e+00
8.47409071312304363e+00 8.46831828249233887e+00 0.00000000000000000e+00
9.47409071312324436e+00 8.47409071312304363e+00 0.00000000000000000e+00
1.04740907131234469e+01 8.47409071312304363e+00 0.00000000000000000e+00
1.14740907131236476e+01 8.47409071312304363e+00 0.00000000000000000e+00
1.24740907131238483e+01 8.47409071312304363e+00 0.00000000000000000e+00
1.34740907131240508e+01 8.47409071312304363e+00 0.00000000000000000e+00
4.47040075361145384e+00 7.47409071312284201e+00 0.00000000000000000e+00
5.47108278522483715e+00 7.47409071312284201e+00 0.00000000000000000e+00
6.47158976926360907e+00 7.47409071312284201e+00 0.00000000000000000e+00
7.47215042270901275e+00 7.47409071312284201e+00 0.00000000000000000e+00
8.47409071312304363e+00 7.46711205652644683e+00 0.00000000000000000e+00
9.47409071312324436e+00 7.47409071312284201e+00 0.00000000000000000e+00
1.04740907131234469e+01 7.47409071312284201e+00 0.00000000000000000e+00
1.14740907131236476e+01 7.47409071312284201e+00 0.00000000000000000e+00
1.24740907131238483e+01 7.47409071312284201e+00 0.00000000000000000e+00
1.34740907131240508e+01 7.47409071312284201e+00 0.00000000000000000e+00
7.47409071312284201e+00 6.47409071312264039e+00 0.00000000000000000e+00
8.47409071312304363e+00 6.46658073855396776e+00 0.00000000000000000e+00
9.47409071312324436e+00 6.47409071312264039e+00 0.00000000000000000e+00
1.04740907131234469e+01 6.47409071312264039e+00 0.00000000000000000e+00
1.14740907131236476e+01 6.47409071312264039e+00 0.00000000000000000e+00
1.24740907131238483e+01 6.47409071312264039e+00 0.00000000000000000e+00
1.34740907131240508e+01 6.47409071312264039e+00 0.00000000000000000e+00
1.14740907131236476e+01 5.47409071312243967e+00 0.00000000000000000e+00
1.24740907131238483e+01 5.47409071312243967e+00 0.00000000000000000e+00
1.34740907131240508e+01 5.47409071312243967e+00 0.00000000000000000e+00
1.24740907131238483e+01 4.47409071312223805e+00 0.00000000000000000e+00
1.34740907131240508e+01 4.47409071312223805e+00 0.00000000000000000e+00
1.34740907131240508e+01 3.47409071312203732e+00 0.00000000000000000e+00
2.50293618768669379e+00 5.50000000000100542e+00 0.00000000000000000e+00
2.50000000000040234e+00 4.50000000000080469e+00 0.00000000000000000e+00
3.50000000000060396e+00 4.47409071312223805e+00 0.00000000000000000e+00
3.58738552742252237e+00 5.47409071312243967e+00 0.00000000000000000e+00
1.50000000000020162e+00 6.50000000000120703e+00 0.00000000000000000e+00
1.50167240975759242e+00 5.50000000000100542e+00 0.00000000000000000e+00
1.50000000000020162e+00 4.50000000000080469e+00 0.00000000000000000e+00
4.36086308560349956e+00 6.47409071312264039e+00 0.00000000000000000e+00
5.36086308560370028e+00 6.47409071312264039e+00 0.00000000000000000e+00
6.36086308560390190e+00 6.47409071312264039e+00 0.00000000000000000e+00
1.04333036319087107e+01 5.43330363190770438e+00 -8.53147133270128338e-02
5.00000000000000000e-01 1.34740907131240508e+01 0.00000000000000000e+00
6.77338968091546256e-01 1.22184812522577833e+01 4.94204823160263429e-01
1.55192223375766414e+00 1.27035088000192662e+01 4.94204823160263429e-01
6.61688889280164005e-01 1.10201842339004319e+01 4.25036623406593150e-01
1.53830383589741704e+00 1.15085582911127826e+01 4.25036623406593150e-01
2.41573819104378629e+00 1.19951220099549243e+01 4.25036623406593150e-01
6.79747600901118076e-01 9.82320882844633125e+00 5.06314523956678197e-01
1.54622812890860395e+00 1.03226960940891548e+01 5.06314523956678197e-01
2.41980537022103270e+00 1.08093856524199783e+01 5.06314523956678197e-01
3.29434311222092013e+00 1.12943431122225295e+01 5.06314523956678197e-01
6.79747600901118076e-01 8.67974760090272568e+00 5.06314523956678197e-01
1.55428534290100462e+00 9.16470506070527691e+00 5.06314523956678197e-01
2.42076587090849049e+00 9.66419232634810221e+00 5.06314523956678197e-01
3.29434311222092013e+00 1.01508818846789239e+01 5.06314523956678197e-01
1.55903385396326755e+00 8.00399984707712520e+00 4.70913909025370503e-01
2.43411986914633793e+00 8.48926134083661665e+00 4.70913909025370503e-01
3.30166324937396860e+00 8.98933798997665612e+00 4.70913909025370503e-01
2.40119391563501239e+00 7.30114230990436752e+00 5.62997740292858762e-01
3.28346375923154588e+00 7.79192111787378039e+00 5.45482321601264086e-01
3.36086308560329883e+00 6.50000000000120703e+00 0.00000000000000000e+00
1.19385951613445673e+01 6.49546846816565271e-01 -3.79119832964247949e-01
1.22871400099325943e+01 1.58712617885189289e+00 -3.79119832964247949e-01
1.08621581759599177e+01 6.49546846816565271e-01 -3.79119832964247949e-01
1.12107030245479411e+01 1.58712617885189289e+00 -3.79119832964247949e-01
1.15548611249187534e+01 2.52645315847330476e+00 -3.79119832964247949e-01
9.77251725859516007e+00 6.31740985469944505e-01 -3.19496040680974813e-01
1.01211859099540114e+01 1.56969453597959863e+00 -3.19496040680974813e-01
1.04650421876749515e+01 2.50924016499816549e+00 -3.19496040680974813e-01
1.07969803311710546e+01 3.45272867268604289e+00 -3.19496040680974813e-01
1.12392633771174086e+01 4.35971175478207140e+00 -3.19496040680974813e-01
8.69663346472368737e+00 6.32723333926973552e-01 -3.22598136838521454e-01
9.03182454950175462e+00 1.57506804054543714e+00 -3.22598136838521454e-01
9.38045890488266920e+00 2.51291899307077315e+00 -3.22598136838521454e-01
9.72428587168393932e+00 3.45237693713449545e+00 -3.22598136838521454e-01
1.00562070500585232e+01 4.39581469288653004e+00 -3.22598136838521454e-01
7.63272333392838220e+00 6.32723333926973552e-01 -3.22598136838521454e-01
7.95831760095146823e+00 1.57827602023590963e+00 -3.22598136838521454e-01
8.29350868572953459e+00 2.52062072685437322e+00 -3.22598136838521454e-01
8.64214304111044740e+00 3.45847167937970834e+00 -3.22598136838521454e-01
8.98597000791171752e+00 4.39792962344343152e+00 -3.22598136838521454e-01
9.31789118628630142e+00 5.34136737919546611e+00 -3.22598136838521454e-01
6.88175362520700418e+00 1.57447531303900767e+00 -3.47071610344018455e-01
7.22095209155667117e+00 2.51519068690370506e+00 -3.47071610344018455e-01
7.55608566199607523e+00 3.45737638826630356e+00 -3.47071610344018455e-01
7.90454451892384657e+00 4.39474215436517657e+00 -3.47071610344018455e-01
8.24823817904965217e+00 5.33383155620910010e+00 -3.47071610344018455e-01
6.16215803290813380e+00 2.55345959987532378e+00 -3.27508552906817185e-01
6.50141489651007820e+00 3.49433641991598654e+00 -3.27508552906817185e-01
6.83657809643043723e+00 4.43660403551614735e+00 -3.27508552906817185e-01
7.18516088754043114e+00 5.37431243245826895e+00 -3.27508552906817185e-01
5.75907920409865248e+00 1.63426587661869238e+00 -3.27508552906817185e-01
5.41289863477657818e+00 3.44719284579708729e+00 -3.58994796993564014e-01
5.73597098361982383e+00 4.39404838168403433e+00 -3.58994796993564014e-01
6.08730427277778396e+00 5.33029883959038475e+00 -3.58994796993564014e-01
4.65065461731237484e+00 4.40051257367957582e+00 -3.58994796993564014e-01
5.01921400744791857e+00 5.33029883959038475e+00 -3.58994796993564014e-01
1.27006603505772500e+01 2.55304274767142836e+00 -4.85746280574781031e-01
1.19781245956400788e+01 3.43426515189222270e+00 -3.79119832964247949e-01
5.01059644753272870e+00 2.53006875568906686e+00 -3.58994796993564014e-01
4.28136316722100396e+00 3.41837127349847636e+00 -4.63151693033278244e-01
