# n = 199
# s = 14.618988956907218
# x y theta(rad)
5.00000000000009770e-01 1.41179587138109426e+01 1.57079632679489656e+00
1.50000000000052935e+00 1.41189889569072058e+01 1.57079632679489656e+00
2.50000000000104894e+00 1.41189879070035822e+01 1.57079632679489656e+00
3.50000000000156986e+00 1.41189889569072058e+01 1.57079632679489656e+00
4.50000000000208900e+00 1.41189889569072058e+01 1.57079632679489656e+00
5.50000000000260947e+00 1.41189889569072093e+01 1.57079632679489656e+00
6.50000000000312905e+00 1.41189889569072093e+01 1.57079632679489656e+00
7.50000050570292132e+00 1.41189889569072058e+01 1.57079632679489656e+00
8.50286247011641017e+00 1.41189889569072058e+01 1.57079632679489656e+00
9.50375519483297282e+00 1.41189889569072129e+01 1.57079632679489656e+00
1.05044434767864079e+01 1.41189889569072058e+01 1.57079632679489656e+00
5.00000000000009770e-01 1.31175296121629046e+01 1.57079632679489656e+00
1.50000000000052935e+00 1.31189889569066871e+01 1.57079632679489656e+00
2.50000000000104894e+00 1.31189868956619478e+01 1.57079632679489656e+00
3.50000000000156986e+00 1.31189889569066871e+01 1.57079632679489656e+00
4.50000000000208900e+00 1.31189889569066871e+01 1.57079632679489656e+00
5.50000000000260947e+00 1.31189889569066871e+01 1.57079632679489656e+00
6.50000000000312905e+00 1.31189889569066871e+01 1.57079632679489656e+00
7.50000000000364953e+00 1.31189889569066871e+01 1.57079632679489656e+00
8.50000000000416911e+00 1.31189889569066871e+01 1.57079632679489656e+00
9.50000000000468958e+00 1.31166399919383707e+01 1.57079632679489656e+00
1.05000000000052101e+01 1.31189889569066871e+01 1.57079632679489656e+00
5.00000000000009770e-01 1.21168266893179002e+01 1.57079632679489656e+00
1.50000000000052935e+00 1.21189889569061648e+01 1.57079632679489656e+00
2.50000000000104894e+00 1.21179693912435091e+01 1.57079632679489656e+00
3.50000000000156986e+00 1.21189889569061648e+01 1.57079632679489656e+00
4.50000000000208900e+00 1.21189889569061648e+01 1.57079632679489656e+00
5.50000000000260947e+00 1.21189889569061648e+01 1.57079632679489656e+00
6.50000000000312905e+00 1.21189889569061648e+01 1.57079632679489656e+00
7.50000000000364953e+00 1.21189889569061648e+01 1.57079632679489656e+00
8.50000000000416911e+00 1.21189889569061648e+01 1.57079632679489656e+00
9.50000185846582212e+00 1.21166339909262710e+01 1.57079260986585134e+00
5.00000000000009770e-01 1.11165543747750384e+01 1.57079632679489656e+00
1.50000000000052935e+00 1.11189889569056461e+01 1.57079632679489656e+00
2.50000000000104894e+00 1.11179399306890367e+01 1.57079632679489656e+00
3.50000000000156941e+00 1.11189889569056461e+01 1.57079632679489656e+00
4.50000000000208900e+00 1.11189889569056461e+01 1.57079632679489656e+00
5.50000000000260947e+00 1.11189889569056461e+01 1.57079632679489656e+00
6.50000000000312905e+00 1.11189889569056461e+01 1.57079632679489656e+00
7.50000000000364953e+00 1.11189889569056461e+01 1.57079632679489656e+00
8.50000000000416911e+00 1.11189889569056461e+01 1.57079632679489656e+00
5.00000000000009770e-01 1.01163192743473829e+01 1.57079632679489656e+00
1.50000000000052935e+00 1.01189889569051275e+01 1.57079632679489656e+00
2.50000000000104894e+00 1.01160042543435154e+01 1.57079632679489656e+00
3.50000000000156986e+00 1.01189889569051275e+01 1.57079632679489656e+00
4.50000000000208900e+00 1.01189889569051275e+01 1.57079632679489656e+00
5.50000000000260947e+00 1.01189889569051275e+01 1.57079632679489656e+00
6.50000000000312905e+00 1.01189889569051275e+01 1.57079632679489656e+00
7.50000000000364953e+00 1.01189889569051275e+01 1.57079632679489656e+00
5.00000000000000000e-01 9.11619232102030708e+00 1.57079632679489656e+00
1.50000000000052935e+00 9.11898895690460876e+00 1.57079632679489656e+00
2.50000000000104894e+00 9.11595038861128160e+00 1.57079632679489656e+00
3.50000000000156986e+00 9.11898895690460876e+00 1.57079632679489656e+00
4.50000000000208900e+00 9.11898895690460876e+00 1.57079632679489656e+00
5.50000000000260947e+00 9.11898895690460876e+00 1.57079632679489656e+00
6.50000000000312905e+00 9.11898895690460876e+00 1.57079632679489656e+00
5.00000000000009770e-01 8.11602728186807809e+00 1.57079632679489656e+00
1.50000000000052935e+00 8.11898895690408651e+00 1.57079632679489656e+00
2.50000000000104894e+00 8.11592421400973052e+00 1.57079632679489656e+00
3.50000000000156986e+00 8.11898895690408651e+00 1.57079632679489656e+00
4.50000000000208900e+00 8.11898895690408651e+00 1.57079632679489656e+00
5.50000000000260947e+00 8.11898895690408651e+00 1.57079632679489656e+00
5.00000000000009770e-01 7.11381273087830923e+00 1.57079632679489656e+00
1.50000000000052935e+00 7.11898895690356781e+00 1.57079632679489656e+00
2.50000000000104894e+00 7.11588089780946920e+00 1.57079632679489656e+00
3.50000000000156986e+00 7.11898895690356781e+00 1.57079632679489656e+00
4.50000000000208900e+00 7.11898895690356781e+00 1.57079632679489656e+00
5.00000000000009770e-01 6.11159818001362698e+00 1.57079632679489656e+00
1.50000000000052935e+00 6.11898895690304734e+00 1.57079632679489656e+00
2.50000000000104894e+00 6.11585143723081259e+00 1.57079632679489656e+00
3.50000000000156986e+00 6.11898895690304734e+00 1.57079632679489656e+00
5.00000000000009770e-01 5.10933480650581373e+00 1.57079632679489656e+00
1.50000000000052935e+00 5.11898895690252775e+00 1.57079632679489656e+00
2.50000000000104894e+00 5.11535812545097190e+00 1.57079632679489656e+00
5.00000000000009770e-01 4.10733480642674476e+00 1.57079632679489656e+00
1.50000000000052935e+00 4.11898895690200728e+00 1.57079632679489656e+00
1.41189889569072147e+01 1.41164470978660113e+01 1.57079632679489656e+00
1.31098413504945857e+01 1.41189889569072058e+01 1.57079632679489656e+00
1.21073348073771232e+01 1.41073348079116307e+01 1.57040552472103734e+00
1.41189889569072147e+01 1.31160559015137466e+01 1.57079632679489656e+00
1.31189889569066960e+01 1.31189889569066871e+01 1.57079632679489656e+00
1.41167923091076286e+01 1.21158336381816376e+01 1.57068980450620099e+00
5.00000000000009770e-01 5.00000000000000000e-01 1.57079632679489656e+00
1.50000000000052935e+00 5.00000000000000000e-01 1.57079632679489656e+00
2.50000000000104894e+00 5.00000000000000000e-01 1.57079632679489656e+00
5.00000000000009770e-01 1.50000206156657878e+00 1.57079632679489656e+00
1.50000000000052935e+00 1.50000000000051958e+00 1.57079632679489656e+00
5.11488130615417091e-01 2.50008435860361633e+00 1.57063074644592171e+00
1.41160578064962134e+01 5.00000000000000000e-01 1.57079632679489656e+00
1.31157592937249330e+01 5.00000000000000000e-01 1.57079632679489656e+00
1.21156973421035321e+01 5.00000000000000000e-01 1.57079632679489656e+00
1.11156439322895118e+01 5.00000000000000000e-01 1.57079632679489656e+00
1.01156092158805766e+01 5.00000000000000000e-01 1.57079632679489656e+00
9.11557420320616352e+00 5.00000000000000000e-01 1.57079632679489656e+00
8.11556389186302241e+00 5.00000000000000000e-01 1.57079632679489656e+00
7.11554785404314671e+00 5.00000000000000000e-01 1.57079632679489656e+00
6.11554575358549535e+00 5.00000000000000000e-01 1.57079632679489656e+00
5.11554499508118976e+00 5.00000000000000000e-01 1.57079632679489656e+00
4.11554474221168931e+00 5.00001050224941679e-01 1.57079582105536075e+00
1.41189889569072147e+01 1.50000000000051958e+00 1.57079632679489656e+00
1.31189889569066960e+01 1.50000000000051958e+00 1.57079632679489656e+00
1.21189889569061773e+01 1.50000000000051958e+00 1.57079632679489722e+00
1.11189889569056586e+01 1.50000000000051958e+00 1.57079632679489656e+00
1.01189889569051363e+01 1.50000000000051958e+00 1.57079632679489656e+00
9.11898895690461586e+00 1.50000000000051958e+00 1.57079632679489656e+00
8.11898895690409717e+00 1.50000000000051958e+00 1.57079632679489656e+00
7.11898895690357669e+00 1.50000000000051958e+00 1.57079632679489656e+00
6.11898895690305711e+00 1.50000000000051958e+00 1.57079632679489656e+00
5.11898895690253752e+00 1.50000000000051958e+00 1.57079632679489656e+00
1.41189889569072182e+01 2.50000000000104006e+00 1.57079632679489656e+00
1.31189889569066960e+01 2.50000000000104006e+00 1.57079632679489656e+00
1.21189889569061773e+01 2.50000000000104006e+00 1.57079632679489656e+00
1.11189889569056568e+01 2.50000000000104006e+00 1.57079632679489656e+00
1.01189889569051363e+01 2.50000000000104095e+00 1.57079632679489656e+00
9.11898895690461586e+00 2.50000000000104006e+00 1.57079632679489656e+00
8.11898895690409717e+00 2.50000000000104006e+00 1.57079632679489656e+00
7.11898895690357669e+00 2.50000000000104006e+00 1.57079632679489656e+00
6.11898895690305711e+00 2.50000000000104006e+00 1.57079632679489656e+00
1.41189889569072147e+01 3.50000000000156053e+00 1.57079632679489656e+00
1.31189889569066960e+01 3.50000000000156053e+00 1.57079632679489656e+00
1.21189889569061773e+01 3.50000000000156053e+00 1.57079632679489656e+00
1.11189889569056568e+01 3.50000000000156053e+00 1.57079632679489656e+00
1.01189889569051363e+01 3.50000000000156053e+00 1.57079632679489656e+00
9.11898895690461586e+00 3.50000000000156053e+00 1.57079632679489656e+00
8.11898895690409717e+00 3.50000000000156053e+00 1.57079632679489656e+00
7.11898895690357669e+00 3.50000000000156053e+00 1.57079632679489656e+00
1.41189889569072147e+01 4.50000000000208011e+00 1.57079632679489656e+00
1.31189889569066960e+01 4.50000000000208011e+00 1.57079632679489656e+00
1.21189889569061773e+01 4.50000000000208011e+00 1.57079632679489656e+00
1.11189889569056568e+01 4.50000000000208011e+00 1.57079632679489656e+00
1.01189889569051363e+01 4.50000000000208011e+00 1.57079632679489656e+00
9.11898895690461586e+00 4.50000000000208011e+00 1.57079632679489656e+00
8.11898895690409717e+00 4.50000000000208011e+00 1.57079632679489656e+00
1.41169587207202216e+01 5.50000000000259970e+00 1.57079632679489656e+00
1.31165296190701728e+01 5.50000000000259970e+00 1.57079632679489656e+00
1.21161200223215726e+01 5.50000000000259970e+00 1.57079632679489656e+00
1.11158736667606419e+01 5.50000000000259970e+00 1.57079632679489656e+00
1.01157855406059998e+01 5.50000000000259970e+00 1.57079632679489656e+00
9.11575304949314891e+00 5.50000972932041154e+00 1.57078001885192742e+00
1.41189889569072182e+01 6.50000000000312017e+00 1.57079632679489656e+00
1.31189889569066960e+01 6.50000000000312106e+00 1.57079632679489656e+00
1.21189889569061773e+01 6.50000000000312017e+00 1.57079632679489656e+00
1.11189889569056568e+01 6.50000000000312017e+00 1.57079632679489656e+00
1.01189889569051381e+01 6.50000000000312017e+00 1.57079632679489656e+00
1.41189889569072147e+01 7.50000000000364064e+00 1.57079632679489656e+00
1.31189889569066960e+01 7.50000000000364064e+00 1.57079632679489656e+00
1.21189889569061773e+01 7.50000000000364064e+00 1.57079632679489656e+00
1.11189889569056568e+01 7.50000000000364064e+00 1.57079632679489656e+00
1.41189889569072182e+01 8.50000000000416023e+00 1.57079632679489656e+00
1.31189889569066960e+01 8.50000000000416023e+00 1.57079632679489656e+00
1.21189889569061773e+01 8.50000000000416023e+00 1.57079632679489656e+00
1.41189889569072147e+01 9.50000206170872374e+00 1.57079632679489656e+00
1.31189889569066960e+01 9.50000000000467892e+00 1.57079632679489656e+00
1.41171002133033330e+01 1.05000106267547757e+01 1.57078125813641334e+00
1.88456891827252448e+00 2.81114921595254774e+00 7.90040156940980287e-01
2.59958633205153067e+00 2.10983493722361803e+00 7.90107957802131611e-01
3.30684479084382854e+00 1.39983187968778022e+00 7.90107957802131500e-01
2.60140899595829023e+00 3.51562905520204882e+00 7.90107957802131611e-01
3.31183824982989528e+00 2.81186043182894441e+00 7.90107957802131611e-01
4.01757996094477665e+00 2.10335990170047804e+00 7.90107957802131500e-01
3.31306139943924238e+00 4.22128095675621484e+00 7.85789848903019283e-01
4.02460413483790980e+00 3.51627123996909985e+00 7.85915030422448813e-01
4.73069561118546478e+00 2.80771246656291229e+00 7.85495750134061255e-01
4.01856820795044456e+00 4.93358323184175962e+00 7.80688368992765058e-01
4.72900798041918868e+00 4.22976258169778863e+00 7.80688368992765058e-01
5.43473675944698265e+00 3.52127510603869220e+00 7.80688368992765058e-01
4.71911965181583426e+00 5.64732315112027994e+00 7.80688368992765058e-01
5.43474969153407006e+00 4.93826311182625322e+00 7.80688368992765058e-01
6.14047847056186313e+00 4.22977563616715901e+00 7.80688368992765058e-01
5.43473917293692921e+00 6.34585238534332952e+00 7.80688368992764947e-01
6.14517894540567422e+00 5.64203173519935941e+00 7.80688368992765058e-01
6.85090876413418126e+00 4.93354320999957974e+00 7.80688368992765058e-01
6.14048088405180970e+00 7.05435291547179677e+00 7.80688368992765058e-01
6.85092065652055560e+00 6.35053226532782489e+00 7.80688368992765058e-01
7.55664943554834867e+00 5.64204478966872980e+00 7.80688368992764947e-01
6.84483568962128341e+00 7.76731827337856107e+00 7.85085486328803706e-01
7.55547260983021651e+00 7.06351708637267617e+00 7.85399226618110791e-01
8.26120168901366547e+00 6.35476835123325401e+00 7.85023996463705687e-01
1.17941014961036768e+01 1.27342147384762576e+01 7.80445481542015207e-01
1.25015167442950919e+01 1.20271121812008701e+01 7.80688368992764614e-01
1.32153098357839287e+01 1.13104938121390077e+01 7.80678941343978750e-01
1.10966959565694960e+01 1.20109784936405255e+01 7.80688368992764614e-01
1.18071285250782729e+01 1.13071507070773229e+01 7.80688368992764614e-01
1.25128573969084584e+01 1.05986633233505501e+01 7.80688368992764614e-01
1.03902042544104258e+01 1.12997473445267040e+01 7.85665378230436695e-01
1.11018615591435115e+01 1.05952418653618068e+01 7.84881296372447745e-01
1.18075912869356525e+01 9.88650383006509159e+00 7.85239683553731416e-01
9.67882470546454066e+00 1.05937774450504634e+01 7.90107957802132055e-01
1.03892263752094269e+01 9.88998097648802599e+00 7.90107957802132055e-01
1.10949681916529475e+01 9.18148055268505559e+00 7.90107957802132055e-01
8.96727597447409863e+00 9.89105535638596223e+00 7.90107957802132277e-01
9.68072584508096057e+00 9.18423926537314728e+00 7.90107957802132055e-01
1.03864676615244829e+01 8.47573884157017332e+00 7.90107957802132499e-01
8.26655555196296987e+00 9.17760648006397517e+00 7.90107957802132277e-01
8.97695722170785793e+00 8.47381001150154134e+00 7.90107957802132055e-01
9.68269954389032073e+00 7.76530908670118158e+00 7.90107957802131944e-01
7.55805502183450351e+00 8.47186476894909646e+00 7.90107957802131944e-01
8.26845669157939156e+00 7.76806830038665996e+00 7.90107957802131944e-01
8.97419850802291208e+00 7.05956787658368778e+00 7.90107957802131944e-01
