# n = 206
# s = 14.860232206380317
# x y theta(rad)
5.00000000000000000e-01 1.43602322063803172e+01 0.00000000000000000e+00
2.50000000000000000e+00 1.43602322063803172e+01 0.00000000000000000e+00
3.50000000000000000e+00 1.43602322063803172e+01 0.00000000000000000e+00
1.50000000000000000e+00 1.43602322063803172e+01 0.00000000000000000e+00
4.50000000000000000e+00 1.33602322063803172e+01 0.00000000000000000e+00
5.50000000000000000e+00 1.43602322063803172e+01 0.00000000000000000e+00
6.50000000000000000e+00 1.43602322063803172e+01 0.00000000000000000e+00
7.50000000000060929e+00 1.43602322063803172e+01 0.00000000000000000e+00
8.50000000000060929e+00 1.43602322063803172e+01 0.00000000000000000e+00
9.50000000000060929e+00 1.43602322063803172e+01 0.00000000000000000e+00
1.05000000000006093e+01 1.43602322063803172e+01 0.00000000000000000e+00
1.15000000000006093e+01 1.43602322063803172e+01 0.00000000000000000e+00
1.05000000000004743e+01 1.33602322063803172e+01 0.00000000000000000e+00
5.00000000000000000e-01 1.33602322063803172e+01 0.00000000000000000e+00
1.50000000000000000e+00 1.33602322063803172e+01 0.00000000000000000e+00
2.50000000000000000e+00 1.33602322063803172e+01 0.00000000000000000e+00
3.50000000000000000e+00 1.33602322063803172e+01 0.00000000000000000e+00
5.50000000000000000e+00 1.03602322063803172e+01 0.00000000000000000e+00
5.50000000000000000e+00 1.33602322063803172e+01 0.00000000000000000e+00
6.50000000000000000e+00 1.33602322063803172e+01 0.00000000000000000e+00
7.50000000000047429e+00 1.33602322063803172e+01 0.00000000000000000e+00
8.50000000000047429e+00 1.33602322063803172e+01 0.00000000000000000e+00
9.50000000000047429e+00 1.33602322063803172e+01 0.00000000000000000e+00
5.00000000000000000e-01 1.23602322063803172e+01 0.00000000000000000e+00
1.50000000000000000e+00 4.36023220638015019e+00 0.00000000000000000e+00
2.50000000000000000e+00 1.23602322063803172e+01 0.00000000000000000e+00
3.50000000000000000e+00 1.23602322063803172e+01 0.00000000000000000e+00
5.50000000000000000e+00 1.23602322063803172e+01 0.00000000000000000e+00
4.50000000000000000e+00 1.43602322063803172e+01 0.00000000000000000e+00
6.50000000000000000e+00 1.23602322063803172e+01 0.00000000000000000e+00
7.50000000000069456e+00 1.23602322063803172e+01 0.00000000000000000e+00
9.36023220638031717e+00 2.50000000000000000e+00 0.00000000000000000e+00
9.50000000000069456e+00 1.23602322063803172e+01 0.00000000000000000e+00
5.00000000000000000e-01 1.13602322063803172e+01 0.00000000000000000e+00
1.50000000000000000e+00 1.23602322063803172e+01 0.00000000000000000e+00
2.50000000000000000e+00 1.13602322063803172e+01 0.00000000000000000e+00
3.50000000000000000e+00 1.13602322063803172e+01 0.00000000000000000e+00
4.50000000000000000e+00 1.13602322063803172e+01 0.00000000000000000e+00
4.50000000000000000e+00 1.23602322063803172e+01 0.00000000000000000e+00
6.50000000000000000e+00 1.13602322063803172e+01 0.00000000000000000e+00
7.50000000000179234e+00 1.13602322063803172e+01 0.00000000000000000e+00
8.50000000000069456e+00 1.23602322063803172e+01 0.00000000000000000e+00
5.00000000000000000e-01 1.03602322063803172e+01 0.00000000000000000e+00
1.50000000000000000e+00 1.13602322063803172e+01 0.00000000000000000e+00
2.50000000000000000e+00 1.03602322063803172e+01 0.00000000000000000e+00
3.50000000000000000e+00 1.03602322063803172e+01 0.00000000000000000e+00
4.50000000000000000e+00 1.03602322063803172e+01 0.00000000000000000e+00
5.50000000000000000e+00 1.13602322063803172e+01 0.00000000000000000e+00
6.50000000000000000e+00 1.03602322063803172e+01 0.00000000000000000e+00
7.50000000000121236e+00 1.03602322063803172e+01 0.00000000000000000e+00
5.00000000000000000e-01 9.36023220638031717e+00 0.00000000000000000e+00
1.50000000000000000e+00 1.03602322063803172e+01 0.00000000000000000e+00
2.50000000000000000e+00 9.36023220638031717e+00 0.00000000000000000e+00
3.50000000000000000e+00 9.36023220638031717e+00 0.00000000000000000e+00
4.50000000000000000e+00 9.36023220638031717e+00 0.00000000000000000e+00
5.50000000000000000e+00 9.36023220638031717e+00 0.00000000000000000e+00
6.50000000000000000e+00 9.36023220638031717e+00 0.00000000000000000e+00
5.00000000000000000e-01 8.36023220638031717e+00 0.00000000000000000e+00
1.50000000000000000e+00 9.36023220638031717e+00 0.00000000000000000e+00
2.50000000000000000e+00 8.36023220638031717e+00 0.00000000000000000e+00
3.50000000000000000e+00 8.36023220638031717e+00 0.00000000000000000e+00
4.50000000000000000e+00 8.36023220638031717e+00 0.00000000000000000e+00
5.50000000000000000e+00 8.36023220638031717e+00 0.00000000000000000e+00
5.00000000000000000e-01 7.36023220638008091e+00 0.00000000000000000e+00
1.50000000000000000e+00 8.36023220638031717e+00 0.00000000000000000e+00
2.50000000000000000e+00 7.36023220637914832e+00 0.00000000000000000e+00
3.50000000000000000e+00 7.36023220638025411e+00 0.00000000000000000e+00
4.50000000000000000e+00 7.36023220638028608e+00 0.00000000000000000e+00
5.00000000000000000e-01 6.36023220638008091e+00 0.00000000000000000e+00
1.50000000000000000e+00 7.36023220638015019e+00 0.00000000000000000e+00
2.50000000000000000e+00 6.36023220637914832e+00 0.00000000000000000e+00
3.50000000000000000e+00 6.36023220638025411e+00 0.00000000000000000e+00
5.00000000000000000e-01 5.36023220638008091e+00 0.00000000000000000e+00
1.50000000000000000e+00 6.36023220638015019e+00 0.00000000000000000e+00
2.50000000000000000e+00 5.36023220637914832e+00 0.00000000000000000e+00
5.00000000000000000e-01 4.36023220638008091e+00 0.00000000000000000e+00
1.50000000000000000e+00 5.36023220638015019e+00 0.00000000000000000e+00
5.00000000000000000e-01 3.36023220638008047e+00 0.00000000000000000e+00
1.43602322063803172e+01 5.00000000000000000e-01 0.00000000000000000e+00
1.33602322063803172e+01 5.00000000000000000e-01 0.00000000000000000e+00
1.23602322063803172e+01 5.00000000000000000e-01 0.00000000000000000e+00
1.13602322063803172e+01 5.00000000000000000e-01 0.00000000000000000e+00
1.03602322063803172e+01 5.00000000000000000e-01 0.00000000000000000e+00
9.36023220638031717e+00 5.00000000000000000e-01 0.00000000000000000e+00
8.36023220638031717e+00 5.00000000000000000e-01 0.00000000000000000e+00
7.36023220637714015e+00 5.00000000000000000e-01 0.00000000000000000e+00
6.36023220637714015e+00 5.00000000000000000e-01 0.00000000000000000e+00
5.36023220637714015e+00 5.00000000000000000e-01 0.00000000000000000e+00
4.36023220637714015e+00 5.00000000000000000e-01 0.00000000000000000e+00
3.36023220637714015e+00 5.00000000000000000e-01 0.00000000000000000e+00
2.36023220637714015e+00 5.00000000000000000e-01 0.00000000000000000e+00
1.43602322063803172e+01 1.50000000000000000e+00 0.00000000000000000e+00
1.33602322063803172e+01 1.50000000000000000e+00 0.00000000000000000e+00
3.36023220637997522e+00 1.50000000000000000e+00 0.00000000000000000e+00
1.23602322063803172e+01 1.50000000000000000e+00 0.00000000000000000e+00
1.13602322063803172e+01 1.50000000000000000e+00 0.00000000000000000e+00
1.03602322063803172e+01 1.50000000000000000e+00 0.00000000000000000e+00
9.36023220638031717e+00 1.50000000000000000e+00 0.00000000000000000e+00
8.36023220638031717e+00 1.50000000000000000e+00 0.00000000000000000e+00
7.36023220637997522e+00 1.50000000000000000e+00 0.00000000000000000e+00
6.36023220637997522e+00 1.50000000000000000e+00 0.00000000000000000e+00
5.36023220637997522e+00 1.50000000000000000e+00 0.00000000000000000e+00
4.36023220637997522e+00 1.50000000000000000e+00 0.00000000000000000e+00
1.43602322063803172e+01 2.50000000000000000e+00 0.00000000000000000e+00
1.33602322063803172e+01 2.50000000000000000e+00 0.00000000000000000e+00
1.23602322063803172e+01 2.50000000000000000e+00 0.00000000000000000e+00
1.13602322063803172e+01 2.50000000000000000e+00 0.00000000000000000e+00
1.03602322063803172e+01 2.50000000000000000e+00 0.00000000000000000e+00
8.50000000000179234e+00 1.13602322063803172e+01 0.00000000000000000e+00
8.36023220638031717e+00 2.50000000000000000e+00 0.00000000000000000e+00
7.36023220637888631e+00 2.50000000000000000e+00 0.00000000000000000e+00
6.36023220637888631e+00 2.50000000000000000e+00 0.00000000000000000e+00
5.36023220637888631e+00 2.50000000000000000e+00 0.00000000000000000e+00
4.36023220637888631e+00 2.50000000000000000e+00 0.00000000000000000e+00
1.43602322063803172e+01 3.50000000000000000e+00 0.00000000000000000e+00
1.33602322063803172e+01 3.50000000000000000e+00 0.00000000000000000e+00
1.23602322063803172e+01 3.50000000000000000e+00 0.00000000000000000e+00
1.13602322063803172e+01 3.50000000000000000e+00 0.00000000000000000e+00
1.03602322063803172e+01 7.50000000000010125e+00 0.00000000000000000e+00
9.36023220638031717e+00 3.50000000000000000e+00 0.00000000000000000e+00
8.36023220638031717e+00 3.50000000000000000e+00 0.00000000000000000e+00
7.36023220637856745e+00 3.50000000000000000e+00 0.00000000000000000e+00
6.36023220637856745e+00 3.50000000000000000e+00 0.00000000000000000e+00
5.36023220637856745e+00 3.50000000000000000e+00 0.00000000000000000e+00
1.43602322063803172e+01 4.50000000000000000e+00 0.00000000000000000e+00
1.33602322063803172e+01 4.50000000000000000e+00 0.00000000000000000e+00
1.23602322063803172e+01 4.50000000000000000e+00 0.00000000000000000e+00
1.13602322063803172e+01 4.50000000000000000e+00 0.00000000000000000e+00
1.03602322063803172e+01 3.50000000000000000e+00 0.00000000000000000e+00
9.36023220638031717e+00 4.50000000000000000e+00 0.00000000000000000e+00
8.36023220638031717e+00 4.50000000000000000e+00 0.00000000000000000e+00
7.36023220637951248e+00 4.50000000000000000e+00 0.00000000000000000e+00
6.36023220637951248e+00 4.50000000000000000e+00 0.00000000000000000e+00
1.43602322063803172e+01 5.50000000000000000e+00 0.00000000000000000e+00
1.33602322063803172e+01 5.50000000000000000e+00 0.00000000000000000e+00
1.23602322063803172e+01 6.50000000000000000e+00 0.00000000000000000e+00
1.13602322063803172e+01 5.50000000000000000e+00 0.00000000000000000e+00
1.03602322063803172e+01 4.50000000000000000e+00 0.00000000000000000e+00
9.36023220638031717e+00 5.50000000000000000e+00 0.00000000000000000e+00
8.36023220638031717e+00 5.50000000000000000e+00 0.00000000000000000e+00
7.36023220637989528e+00 5.50000000000000000e+00 0.00000000000000000e+00
1.43602322063803172e+01 6.50000000000000000e+00 0.00000000000000000e+00
1.33602322063803172e+01 6.50000000000000000e+00 0.00000000000000000e+00
1.23602322063803172e+01 7.50000000000136247e+00 0.00000000000000000e+00
1.13602322063803172e+01 7.50000000000142641e+00 0.00000000000000000e+00
1.03602322063803172e+01 5.50000000000000000e+00 0.00000000000000000e+00
1.03602322063803172e+01 6.50000000000000000e+00 0.00000000000000000e+00
9.36023220638031717e+00 6.50000000000000000e+00 0.00000000000000000e+00
1.43602322063803172e+01 7.50000000000099476e+00 0.00000000000000000e+00
1.33602322063803172e+01 7.50000000000063238e+00 0.00000000000000000e+00
1.23602322063803172e+01 8.50000000000136247e+00 0.00000000000000000e+00
1.13602322063803172e+01 6.50000000000000000e+00 0.00000000000000000e+00
1.03602322063803172e+01 8.50000000000010125e+00 0.00000000000000000e+00
9.36023220638031717e+00 7.50000000000081446e+00 0.00000000000000000e+00
1.43602322063803172e+01 8.50000000000099476e+00 0.00000000000000000e+00
1.33602322063803172e+01 8.50000000000063238e+00 0.00000000000000000e+00
1.23602322063803172e+01 5.50000000000000000e+00 0.00000000000000000e+00
1.13602322063803172e+01 8.50000000000142641e+00 0.00000000000000000e+00
8.36023220638031717e+00 6.50000000000000000e+00 0.00000000000000000e+00
1.13602322063803172e+01 9.50000000000142641e+00 0.00000000000000000e+00
1.43602322063803172e+01 9.50000000000099476e+00 0.00000000000000000e+00
1.33602322063803172e+01 9.50000000000063238e+00 0.00000000000000000e+00
1.23602322063803172e+01 9.50000000000136247e+00 0.00000000000000000e+00
1.43602322063803172e+01 1.05000000000009948e+01 0.00000000000000000e+00
1.33602322063803172e+01 1.05000000000006324e+01 0.00000000000000000e+00
1.23602322063803172e+01 1.05000000000013625e+01 0.00000000000000000e+00
1.43602322063803172e+01 1.15000000000009948e+01 0.00000000000000000e+00
1.33602322063803172e+01 1.15000000000006324e+01 0.00000000000000000e+00
1.43602322063803172e+01 1.25000000000009948e+01 0.00000000000000000e+00
1.43602322063803172e+01 1.43602322063803172e+01 0.00000000000000000e+00
1.33602322063803172e+01 1.43602322063803172e+01 0.00000000000000000e+00
5.00000000000000000e-01 5.00000000000000000e-01 0.00000000000000000e+00
7.00950483960203430e-01 1.95331155875239859e+00 -6.53345281745471906e-01
1.47433915733648702e+00 1.31846835662421591e+00 -6.53345281745472795e-01
1.45665604224159662e+00 2.63418052961055560e+00 -6.53345281745464135e-01
2.23325657389349796e+00 2.00352896195650487e+00 -6.53340236249165485e-01
2.21550494604077786e+00 3.31264328068718994e+00 -6.53345281745475903e-01
3.00858709716264405e+00 2.70061607713949225e+00 -6.49800823831038099e-01
2.77637092727513046e+00 4.14266125278027175e+00 -6.53345281745461137e-01
3.57458059256636718e+00 3.53163460070735491e+00 -6.53345282660068416e-01
3.57591476345868386e+00 4.78997217831659761e+00 -6.53345281680780099e-01
4.36996959456156375e+00 4.18212603941941197e+00 -6.53345278312387645e-01
4.34700354630672159e+00 5.45906534594828763e+00 -6.53345281219513963e-01
5.14523360851473655e+00 4.85047981001835371e+00 -6.49436075737169327e-01
5.15196292408282197e+00 6.17652074148346308e+00 -5.27066635045108978e-01
6.02214047011063869e+00 5.68364325597924047e+00 -5.27066635045108645e-01
5.69434931581330162e+00 7.03143630807848741e+00 -5.27066635025632446e-01
6.55937326072464622e+00 6.52800675176804113e+00 -5.27066635045112308e-01
6.51592152393049329e+00 7.71031898957381667e+00 -5.27066635045954524e-01
7.38448863178617376e+00 7.20482737131652407e+00 -5.27066635045145726e-01
1.33086340099076548e+01 1.30637671413844281e+01 -5.41387683650830676e-01
1.24260452480196459e+01 1.35383274357048418e+01 -5.43242909419294651e-01
1.24749582560992245e+01 1.23406175213774443e+01 -5.43242909419271114e-01
1.16184004274369457e+01 1.28578468505511765e+01 -5.43242909419299425e-01
1.16727706202300574e+01 1.16568416350845734e+01 -5.43242909419227260e-01
1.08167337424192915e+01 1.21737563899811025e+01 -5.43242909418491626e-01
1.11737554668315120e+01 1.07899961480187052e+01 -5.43242909419233588e-01
1.03177173355484975e+01 1.13069116598198303e+01 -5.43242909418493514e-01
1.03400862076725648e+01 1.01252303254371085e+01 -5.43242909418795161e-01
9.48385324959410880e+00 1.06422634826886924e+01 -5.43242909416375097e-01
9.51910057700865586e+00 9.45280553992387951e+00 -5.43242909417574360e-01
8.65424233511957830e+00 9.97006564405711693e+00 -5.34677599509241097e-01
8.84279742045404227e+00 8.68364325996160247e+00 -5.27066657086082024e-01
7.97265955581417529e+00 9.17658895040092126e+00 -5.27066635045971732e-01
8.20076604179302215e+00 7.88681071815649215e+00 -5.27066635045134735e-01
7.31275895378082375e+00 8.40359690083360178e+00 -5.27066635045961407e-01
