# n = 206
# s = 14.860158663394696
# x y theta(rad)
5.00000000000000000e-01 1.43601586633946940e+01 0.00000000000000000e+00
2.50000000000040234e+00 1.43601586633946940e+01 0.00000000000000000e+00
3.50000000000060396e+00 1.43601586633946940e+01 0.00000000000000000e+00
1.50000000000020162e+00 1.43601586633946940e+01 0.00000000000000000e+00
4.50000000000080558e+00 1.33601586633944933e+01 0.00000000000000000e+00
5.50000000000100631e+00 1.43601586633946940e+01 0.00000000000000000e+00
6.50001073366874493e+00 1.43505940504464320e+01 -1.92807671029927180e-16
7.50001173366940765e+00 1.43601586633946940e+01 0.00000000000000000e+00
8.50001939376137017e+00 1.43601586633946940e+01 0.00000000000000000e+00
9.50008399511290946e+00 1.43557739376431694e+01 9.83476760724438925e-16
1.05000849951242756e+01 1.43601586633946940e+01 0.00000000000000000e+00
1.15001789160025787e+01 1.43601586633946940e+01 0.00000000000000000e+00
1.05091584945613725e+01 1.33601586633944933e+01 0.00000000000000000e+00
5.00000000000000000e-01 1.33601586633944933e+01 0.00000000000000000e+00
1.50000000000020162e+00 1.33601586633944933e+01 0.00000000000000000e+00
2.50000000000040234e+00 1.33601586633944933e+01 0.00000000000000000e+00
3.50000000000060396e+00 1.33601586633944933e+01 0.00000000000000000e+00
5.50000000000100631e+00 1.03601586633938894e+01 0.00000000000000000e+00
5.50000000000100631e+00 1.33601586633944933e+01 0.00000000000000000e+00
6.50170952964634274e+00 1.33480948760244100e+01 -3.20740787467974726e-03
7.50331166147826867e+00 1.33601586633944933e+01 0.00000000000000000e+00
8.50637127953680761e+00 1.33573395755777913e+01 -5.65217419394846085e-03
9.50634647650629105e+00 1.33486940019753764e+01 -5.63795417129073564e-03
5.00000000000000000e-01 1.23601586633942926e+01 0.00000000000000000e+00
1.50017767367356480e+00 4.35638740367616162e+00 -1.00144048794635062e-04
2.50000000000040234e+00 1.23601586633942926e+01 0.00000000000000000e+00
3.50000000000060396e+00 1.23601586633942926e+01 0.00000000000000000e+00
5.50000462183843464e+00 1.23601586633942926e+01 0.00000000000000000e+00
4.50000000000080558e+00 1.43601586633946940e+01 0.00000000000000000e+00
6.50295211009970053e+00 1.23467373386622636e+01 -5.89636432173170147e-03
7.50597835026234783e+00 1.23601586633942926e+01 0.00000000000000000e+00
9.36015866339368685e+00 2.50000000000040234e+00 0.00000000000000000e+00
9.54587871248254061e+00 1.23471532206068311e+01 -6.84294244503666580e-03
5.00000000000000000e-01 1.13601586633940901e+01 0.00000000000000000e+00
1.50000000000020162e+00 1.23601586633942926e+01 0.00000000000000000e+00
2.50000000000040234e+00 1.13601586633940901e+01 0.00000000000000000e+00
3.50000000000060396e+00 1.13601586633940901e+01 0.00000000000000000e+00
4.50000000000080558e+00 1.13601586633940901e+01 0.00000000000000000e+00
4.50000000000080558e+00 1.23601586633942926e+01 0.00000000000000000e+00
6.50000069606241571e+00 1.13437806410027839e+01 1.93753517623355614e-13
7.50009271115277532e+00 1.13601586633940901e+01 0.00000000000000000e+00
8.54430873120214684e+00 1.23175274930664980e+01 -6.53100760455339446e-03
5.00000000000000000e-01 1.03601586633938894e+01 0.00000000000000000e+00
1.50000000000020162e+00 1.13601586633940901e+01 0.00000000000000000e+00
2.50000000000040234e+00 1.03601586633938894e+01 0.00000000000000000e+00
3.50000000000060396e+00 1.03601586633938894e+01 0.00000000000000000e+00
4.50000000000080558e+00 1.03601586633938894e+01 0.00000000000000000e+00
5.50000000000100631e+00 1.13601586633940901e+01 0.00000000000000000e+00
6.50000068771578743e+00 1.03434660651208752e+01 1.74532925199432950e-17
7.50000137543056944e+00 1.03601586633938894e+01 0.00000000000000000e+00
5.00000000000000000e-01 9.36015866339368685e+00 0.00000000000000000e+00
1.50000000000020162e+00 1.03601586633938894e+01 0.00000000000000000e+00
2.50000000000040234e+00 9.36015866339368685e+00 0.00000000000000000e+00
3.50000000000060396e+00 9.36015866339368685e+00 0.00000000000000000e+00
4.50000000000080558e+00 9.36015866339368685e+00 0.00000000000000000e+00
5.50000000000100631e+00 9.36015866339368685e+00 0.00000000000000000e+00
6.50553917404368587e+00 9.34299557340031228e+00 -5.84565105223244178e-04
5.00026973876703806e-01 8.36015866339348612e+00 0.00000000000000000e+00
1.50000000000020162e+00 9.36015866339368685e+00 0.00000000000000000e+00
2.50017844604036821e+00 8.36015866339348612e+00 0.00000000000000000e+00
3.50159996372262539e+00 8.36015866339348612e+00 0.00000000000000000e+00
4.50322910880738814e+00 8.36015866339348612e+00 0.00000000000000000e+00
5.50484894579920514e+00 8.36015866339348612e+00 0.00000000000000000e+00
5.00157762813758566e-01 7.36015866339328451e+00 0.00000000000000000e+00
1.50008493417805955e+00 8.36015866339348612e+00 0.00000000000000000e+00
2.50924883729911752e+00 7.36015866339328451e+00 0.00000000000000000e+00
3.51367929127206313e+00 7.36015866339328451e+00 0.00000000000000000e+00
4.51557707199511338e+00 7.36015866339328451e+00 0.00000000000000000e+00
5.00244663577566584e-01 6.36015866339308289e+00 0.00000000000000000e+00
1.50445933760133688e+00 7.36015866339328451e+00 0.00000000000000000e+00
2.52839769588517616e+00 6.36015866339308289e+00 0.00000000000000000e+00
3.52867383060695428e+00 6.35419279317646435e+00 -1.94455925060288821e-04
5.00000000000000000e-01 5.36015866339288216e+00 0.00000000000000000e+00
1.52757563486753245e+00 6.36015866339308289e+00 0.00000000000000000e+00
2.50000000000040234e+00 5.36015866339288216e+00 0.00000000000000000e+00
5.00000000000000000e-01 4.36015866339268054e+00 0.00000000000000000e+00
1.50000000000020162e+00 5.35757839023987437e+00 0.00000000000000000e+00
5.00000000000000000e-01 3.36015866339247893e+00 0.00000000000000000e+00
1.43601586633946958e+01 5.00002488507965914e-01 0.00000000000000000e+00
1.33601586633944933e+01 5.00002488507965914e-01 0.00000000000000000e+00
1.23601586633942908e+01 5.00000000000000000e-01 0.00000000000000000e+00
1.13601586633940919e+01 5.00000000000000000e-01 0.00000000000000000e+00
1.03601586633938894e+01 5.00000000000000000e-01 0.00000000000000000e+00
9.36015866339368685e+00 5.00000000000000000e-01 0.00000000000000000e+00
8.36015866339348790e+00 5.00024262338242487e-01 0.00000000000000000e+00
7.36015866339328451e+00 5.00074782039734878e-01 0.00000000000000000e+00
6.36015866339308378e+00 5.00000000000000000e-01 0.00000000000000000e+00
5.36015866339288216e+00 5.00000000000000000e-01 0.00000000000000000e+00
4.36015866339268054e+00 5.00356303988047202e-01 0.00000000000000000e+00
3.36015866339247893e+00 5.00000000000000000e-01 0.00000000000000000e+00
2.36015866339227820e+00 5.00000000000000000e-01 0.00000000000000000e+00
1.43601586633946958e+01 1.50008493417784372e+00 0.00000000000000000e+00
1.33601586633944933e+01 1.50002697565552801e+00 0.00000000000000000e+00
3.36015866339247893e+00 1.50000000000020073e+00 0.00000000000000000e+00
1.23601586633942908e+01 1.50000000000020073e+00 0.00000000000000000e+00
1.13601586633940919e+01 1.50000000000020073e+00 0.00000000000000000e+00
1.03601586633938894e+01 1.50000000000020073e+00 0.00000000000000000e+00
9.36015866339368685e+00 1.50000000000020073e+00 0.00000000000000000e+00
8.36015866339348790e+00 1.50036494771959728e+00 0.00000000000000000e+00
7.36015866339328451e+00 1.50039959259419042e+00 0.00000000000000000e+00
6.36015866339308378e+00 1.50000000000020073e+00 0.00000000000000000e+00
5.36015866339288216e+00 1.50000000000020073e+00 0.00000000000000000e+00
4.36015866339268054e+00 1.51587003060871695e+00 0.00000000000000000e+00
1.43601586633946958e+01 2.50017844604015593e+00 0.00000000000000000e+00
1.33601586633944933e+01 2.50017844604015593e+00 0.00000000000000000e+00
1.23601586633942908e+01 2.50000000000040234e+00 0.00000000000000000e+00
1.13601586633940919e+01 2.50000000000040234e+00 0.00000000000000000e+00
1.03601586633938894e+01 2.50000000000040234e+00 0.00000000000000000e+00
8.50151359272857121e+00 1.13150534658170674e+01 -2.82928832264196925e-03
8.36015866339348790e+00 2.50094374826465504e+00 0.00000000000000000e+00
7.36015866339328451e+00 2.50077342213767029e+00 0.00000000000000000e+00
6.36015866339308378e+00 2.50000000000040234e+00 0.00000000000000000e+00
5.36015866339288216e+00 2.50000000000040234e+00 0.00000000000000000e+00
4.34655479360662778e+00 2.51971747387280143e+00 -2.34388185539657077e-03
1.43601586633946958e+01 3.50049944539879698e+00 0.00000000000000000e+00
1.33601586633944933e+01 3.50049944539879698e+00 0.00000000000000000e+00
1.23601586633942908e+01 3.50000000000060396e+00 0.00000000000000000e+00
1.13601586633940919e+01 3.50000000000060396e+00 0.00000000000000000e+00
1.03446180943160435e+01 7.54166024239669497e+00 -1.58004276461669595e-03
9.36015866339368685e+00 3.50000000000060396e+00 0.00000000000000000e+00
8.36015866339348790e+00 3.50186918522089252e+00 0.00000000000000000e+00
7.36015866339328451e+00 3.50346974304447745e+00 0.00000000000000000e+00
6.36015866339308378e+00 3.50000000000060396e+00 0.00000000000000000e+00
5.36015866339288216e+00 3.50000000000060396e+00 0.00000000000000000e+00
1.43601586633946958e+01 4.50119149367497506e+00 0.00000000000000000e+00
1.33601586633944933e+01 4.50138513339481605e+00 0.00000000000000000e+00
1.23601586633942908e+01 4.50000000000080469e+00 0.00000000000000000e+00
1.13601586633940919e+01 4.50000000000080469e+00 0.00000000000000000e+00
1.03601586633938894e+01 3.50000000000060396e+00 0.00000000000000000e+00
9.36015866339368685e+00 4.50000000000080469e+00 0.00000000000000000e+00
8.35515942091836550e+00 4.50343638286775594e+00 -1.36753154053001914e-03
7.35515233197906859e+00 4.50985597924777171e+00 -1.34216339195116722e-03
6.35431630770750200e+00 4.50000000000080469e+00 0.00000000000000000e+00
1.43581615138988248e+01 5.50315230935764266e+00 -3.45391712773029848e-03
1.33579189837520005e+01 5.50479795233281699e+00 -3.32766203096411702e-03
1.23504373261553191e+01 6.50000000000120792e+00 0.00000000000000000e+00
1.13559359269021414e+01 5.50000000000100719e+00 0.00000000000000000e+00
1.03601586633938894e+01 4.50000000000080469e+00 0.00000000000000000e+00
9.35584372144373688e+00 5.50000000000100719e+00 0.00000000000000000e+00
8.34775770222409363e+00 5.51091453078435389e+00 3.34685269304885961e-03
7.34242739687643642e+00 5.51077611244850818e+00 -2.98984783460959141e-03
1.43542009206511416e+01 6.50497587972754765e+00 -5.62707346831186825e-03
1.33534410807715531e+01 6.50644319757263556e+00 -5.85471273526024655e-03
1.23493608112882676e+01 7.50000000000140954e+00 0.00000000000000000e+00
1.13487204875369940e+01 7.50026551312259393e+00 -3.15290633529115316e-04
1.03558648969889830e+01 5.50000000000100719e+00 0.00000000000000000e+00
1.03477347704942808e+01 6.50036000481763576e+00 -4.90106627761500253e-04
9.34621538979319055e+00 6.50000000000120792e+00 0.00000000000000000e+00
1.43536907115642940e+01 7.50546085108958128e+00 -5.72092914197249412e-03
1.33527365865628695e+01 7.50730992196225611e+00 -5.81534828577804763e-03
1.23508854241146970e+01 8.50000000000161116e+00 0.00000000000000000e+00
1.13498434708767455e+01 6.50000000000120792e+00 0.00000000000000000e+00
1.03477451571923922e+01 8.54525910087434859e+00 -3.76089705940007299e-03
9.34257485794288556e+00 7.50000000000140954e+00 0.00000000000000000e+00
1.43537723297676081e+01 8.50660515626208813e+00 -4.69574306599750482e-03
1.33532169181052076e+01 8.50882404301570894e+00 -4.47580909177507959e-03
1.23560421831706826e+01 5.50000000000100719e+00 0.00000000000000000e+00
1.13486470373177646e+01 8.50176883458552801e+00 -3.15309267956032351e-03
8.33247110783824141e+00 6.51472096736938155e+00 5.10655272717195925e-03
1.13520555148811439e+01 9.50242025059719531e+00 -3.44142350832357495e-03
1.43601586633946958e+01 9.51013204870017681e+00 0.00000000000000000e+00
1.33601586633944933e+01 9.51231606874455160e+00 0.00000000000000000e+00
1.23540732250636935e+01 9.50000000000181188e+00 0.00000000000000000e+00
1.43601586633946958e+01 1.05105334916608868e+01 0.00000000000000000e+00
1.33601586633944933e+01 1.05244911026382635e+01 0.00000000000000000e+00
1.23601586633942908e+01 1.05000000000020126e+01 0.00000000000000000e+00
1.43601586633946958e+01 1.15123480365024964e+01 0.00000000000000000e+00
1.33533951566018843e+01 1.15335433805981644e+01 -3.91347432568484206e-03
1.43572593574572025e+01 1.25143138258156892e+01 -2.01074501161011346e-03
1.43601586633946958e+01 1.39947336051307385e+01 0.00000000000000000e+00
1.33601586633944933e+01 1.43601586633946940e+01 0.00000000000000000e+00
5.01427505551658825e-01 5.01386976118432415e-01 2.04083808151279012e-03
7.00932179918396514e-01 1.95340070945994526e+00 -6.53148829947349685e-01
1.46293036738492432e+00 1.30366055856385898e+00 -6.53148829947349685e-01
1.45672317329958823e+00 2.63425039253535864e+00 -6.53148829947349685e-01
2.22798822690568965e+00 1.99662086485620627e+00 -6.53148829947349685e-01
2.21443966077682486e+00 3.31362671658366281e+00 -6.53148829947349685e-01
3.00794394466478376e+00 2.70113588897421586e+00 -6.54621006014375229e-01
2.78199488121607708e+00 4.13851157268741865e+00 -6.53148829947349685e-01
3.59270911085844169e+00 3.51816527762321751e+00 -6.53148829947349685e-01
3.57599529391270066e+00 4.79012398467245148e+00 -6.53148829947349685e-01
4.37016951989896629e+00 4.18243385082172026e+00 -6.53148829947349685e-01
4.35273682295063846e+00 5.45494263400122925e+00 -6.53148829947349685e-01
5.15303934389646923e+00 4.84619775687077237e+00 -6.49088021358464662e-01
5.15609485780731003e+00 6.17802199366382698e+00 -5.18854037923408229e-01
6.02448287333246046e+00 5.68213666973026310e+00 -5.18854037923408229e-01
5.68832807670187446e+00 7.02565386407320247e+00 -5.18854037923408229e-01
6.55809561864810764e+00 6.52898077373341934e+00 -5.18854037923408229e-01
6.49840578296404381e+00 7.71462508836792793e+00 -5.18854037923408229e-01
7.36694034792087127e+00 7.21865607867281334e+00 -5.18854037923408229e-01
1.33425358547511408e+01 1.31461639288152572e+01 -5.77343492974283889e-01
1.24001457811204752e+01 1.35538419173403444e+01 -5.43217948330402933e-01
1.24574133971979641e+01 1.23511066608834366e+01 -5.43217948330402933e-01
1.15989757647936678e+01 1.28694418624794178e+01 -5.43217948330402933e-01
1.16726605910780989e+01 1.16567936925608500e+01 -5.43217948330402933e-01
1.08166108107796362e+01 1.21736870796837255e+01 -5.43217948330402933e-01
1.11630201837778955e+01 1.07963644738307014e+01 -5.43217948330402933e-01
1.03069704034794363e+01 1.13132578609535752e+01 -5.43217948330402933e-01
1.03375447471474438e+01 1.01266403307161887e+01 -5.43217948330402933e-01
9.48147193701095858e+00 1.06435476235385380e+01 -5.43217948330402933e-01
9.51148035681766402e+00 9.45727180508971266e+00 -5.43217948330402933e-01
8.63874554888140267e+00 9.95871509377917974e+00 -5.31078371892248935e-01
8.83730246307396072e+00 8.68213666973086795e+00 -5.18854037923408229e-01
7.96891444754881029e+00 9.17802199366443183e+00 -5.18854037923408229e-01
8.19459570702028017e+00 7.89758973921107010e+00 -5.18854037923408229e-01
7.32540790189609137e+00 8.39393177594732975e+00 -5.18854037923408229e-01
