# n = 207
# s = 14.893954634242480
# x y theta(rad)
5.00000000000014211e-01 1.43925070275089979e+01 1.59167216462070354e-17
1.50000000000024869e+00 1.43912020160652965e+01 3.67557969853422122e-17
2.50000000000048672e+00 1.43914295158510370e+01 -1.59906218070361580e-17
3.50000000000072298e+00 1.43911780191883238e+01 -1.28150101592625270e-17
4.50000000000095923e+00 1.43924080721068712e+01 6.01826538892850671e-18
5.50000000000119726e+00 1.43913996998495044e+01 5.43248783495290150e-17
6.50000000000143352e+00 1.43939546342424514e+01 -8.14757964671525638e-17
7.50000000000166800e+00 1.43939546342424514e+01 8.77841144364267915e-18
8.50000000000190425e+00 1.43570444632217846e+01 6.20207483536465346e-16
9.50251216922744746e+00 1.43939546342424620e+01 -2.76519881739976325e-17
1.05027242743465994e+01 1.43939546342424514e+01 8.42103949417278799e-16
1.15040188742090184e+01 1.43907598329584978e+01 -2.52228657180528009e-03
5.00000000000014211e-01 1.33895690296120193e+01 8.94854067923580829e-20
1.50000000000025047e+00 1.33899440623532193e+01 1.12772133776796290e-16
2.50000000000049027e+00 1.33905215635535093e+01 7.65055891581569678e-17
3.50000000000072298e+00 1.33906690640936787e+01 3.89666520067048951e-17
4.50000000000095923e+00 1.33906723519961517e+01 7.46070343543122065e-17
5.50000000000119904e+00 1.33906723519961517e+01 4.66227311735261767e-15
6.50000000000143352e+00 1.33939546342422098e+01 -1.05964667938224482e-14
7.50000000000166267e+00 1.33939546342422133e+01 -2.94754899194178795e-16
8.50000000000189893e+00 1.33425739824705332e+01 -3.48395874687089501e-16
9.50000000000214051e+00 1.33939546342422275e+01 -2.76519881739976325e-17
1.05000000000023750e+01 1.33939546342422151e+01 5.96753007116474696e-18
5.00000000000014211e-01 1.23889444034791580e+01 -3.47942648085481329e-17
1.50000000000024869e+00 1.23888715608646862e+01 5.50104510886653765e-15
2.50000000000048672e+00 1.23894725671146695e+01 5.49214258910566254e-15
3.50000000000072298e+00 1.23895686861397465e+01 5.47810133160388376e-15
4.50000000000095746e+00 1.23906709516755846e+01 8.75956691780748519e-17
5.50000000000119016e+00 1.23906709084321349e+01 1.62226661733899788e-20
6.50000000000143352e+00 1.23939546342419771e+01 -7.03356135893812893e-17
7.50000000000169109e+00 1.23939546342419646e+01 -1.63205095128416362e-14
8.50000000000191669e+00 1.23216510739286829e+01 -3.05823388416898246e-14
9.50000000000215827e+00 1.23939546342419913e+01 -2.55515301154944979e-14
5.00000000000014211e-01 1.13886027311690015e+01 4.09400642419293405e-17
1.50000000000025047e+00 1.13886981039875970e+01 -1.07071130724970445e-16
2.50000000000048672e+00 1.13887471262664945e+01 -6.89391068934689645e-17
3.50000000000072298e+00 1.13891461853982694e+01 -1.13008109594378945e-16
4.50000000000096811e+00 1.13906708267589778e+01 9.33195134460239622e-15
5.50000000000120792e+00 1.13906707944955432e+01 -6.00424216175685114e-15
6.50000000000144595e+00 1.13939546342417408e+01 -1.64642814454360743e-15
7.50000000000166445e+00 1.13939546342417337e+01 -4.81722745473512580e-15
8.59212420236770313e+00 1.13008138836583818e+01 3.93053805571570991e-02
5.00000000000014211e-01 1.03885758617406800e+01 3.28029907162883787e-17
1.50000000000024869e+00 1.03885775445835975e+01 -7.15610108960841996e-17
2.50000000000048672e+00 1.03886310971643816e+01 -4.86604022233368292e-17
3.50000000000072298e+00 1.03886310971263711e+01 9.94575003479767013e-17
4.50000000000095923e+00 1.03906708267587469e+01 -1.84607847056981681e-16
5.50000000000119549e+00 1.03906707944953034e+01 4.88903038384136727e-16
6.50000000000143352e+00 1.03939546342415063e+01 2.01207742313350128e-15
7.50000000000167510e+00 1.03939546342414992e+01 -9.68349799497137228e-15
5.00000000000014211e-01 9.38857495558488253e+00 -9.47712218111350405e-17
1.50000000000025047e+00 9.38833735917569001e+00 -7.40864596486786593e-17
2.50000000000048672e+00 9.38850192176796483e+00 1.03595408057106968e-17
3.50000000000072298e+00 9.38855567821513759e+00 5.85350632820878068e-17
4.50000000000095923e+00 9.39067082675851061e+00 4.32541002650744161e-16
5.50000000000119549e+00 9.39067079449506714e+00 -1.10467466834160830e-16
6.50000000000143174e+00 9.39395463424126831e+00 9.56680479471091945e-17
5.00000000000014211e-01 8.38857340946754348e+00 -1.24230751693577781e-16
1.50000000000024336e+00 8.38833488351330381e+00 -1.27218727401265259e-14
2.50000000000047962e+00 8.38850101560796801e+00 1.89547034338960431e-16
3.50000000000071587e+00 8.38833737596889328e+00 -1.26192074280412519e-14
4.50000000000095923e+00 8.39067082675827436e+00 1.32835439083686820e-16
5.50000000000119549e+00 8.39067079449483089e+00 4.77544602238782738e-16
5.00000000000007105e-01 7.38857327273114883e+00 1.24803743209878934e-14
1.50000000000024158e+00 7.38833333739596565e+00 -1.22097374363344118e-16
2.50000000000046718e+00 7.38849933275964066e+00 -1.27289809882860989e-14
3.50000000000069811e+00 7.38833321744492721e+00 -1.50866894892431510e-16
4.50000000000093259e+00 7.39067082675803810e+00 4.30245948373608015e-16
5.49590951645939185e-01 6.38810721911372337e+00 -9.31906106205819670e-04
1.58019557470469785e+00 6.38833320065956922e+00 -6.83698968518758211e-08
2.59413489187620527e+00 6.38740924397744791e+00 -1.82420592524555169e-04
3.61238073209778321e+00 6.25629953728967880e+00 -3.68075053428428833e-02
5.00000488997834225e-01 5.38706673597199170e+00 -9.09786952755345605e-07
1.50000048952084875e+00 5.38764089203432128e+00 -9.09786952710419719e-07
2.50000048926515817e+00 5.38733383200738114e+00 -9.09786952700869210e-07
5.00939610351313291e-01 4.38700232335519047e+00 -1.23126353141866538e-04
1.50095371570551706e+00 4.38738099195910713e+00 -9.66798090603153800e-05
5.00008534887552258e-01 3.38594727183818733e+00 -1.44774686027950600e-05
1.43939546342424638e+01 5.00000000000000000e-01 -3.75054012941548442e-17
1.33939546342422275e+01 5.00000000000000000e-01 -2.25434113138548830e-17
1.23939546342419913e+01 5.00000000000000000e-01 2.90560358874602815e-17
1.13939546342417550e+01 5.00000000000000000e-01 -2.28658215952040312e-17
1.03939546342415188e+01 5.00000000000000000e-01 1.97411930884839082e-17
9.39395463424128252e+00 5.00000000000000000e-01 3.28783018404473637e-17
8.39395463424104626e+00 5.00000000000000000e-01 -2.77675572954713444e-17
7.39395463424081001e+00 5.00000000000000000e-01 -7.65315358885273697e-18
6.39395463424057375e+00 5.00000000000000000e-01 -4.68665800400896497e-17
5.39395463424033750e+00 5.00000000000000000e-01 -4.20313733692921416e-17
4.39395463424010124e+00 5.00000000000000000e-01 -2.92202435290253334e-17
3.39395463423986499e+00 5.00000000000000000e-01 -4.81937815475216610e-17
2.39395463423963051e+00 5.00000000000000000e-01 1.22476984316314883e-17
1.43939546342424638e+01 1.50000000000023714e+00 -1.98168950223643659e-17
1.33939546342422275e+01 1.50000000000023714e+00 8.43739479659579575e-17
1.23939546342419913e+01 1.50000000000023626e+00 -5.21388409585988312e-17
1.13939546342417550e+01 1.50000000000023714e+00 2.85424670003483372e-17
1.03939546342415188e+01 1.50000000000023626e+00 -1.34987912489160491e-16
9.39395463424128252e+00 1.50000000000023714e+00 -6.34319119041027336e-17
8.39395463424104626e+00 1.50000000000023714e+00 -1.32084665703510412e-20
7.39395463424081001e+00 1.50000000000023626e+00 1.53043607890002931e-16
6.39395463424057375e+00 1.50000000000023626e+00 -1.02346653968241315e-16
5.39395463424033750e+00 1.50000000000023714e+00 -8.49000049959376209e-17
4.39395463424010124e+00 1.50157513450084590e+00 -8.09898642602083979e-17
3.39395463423986499e+00 1.50000000000023626e+00 -1.45234806511135755e-16
1.43939546342424638e+01 2.50000000000047251e+00 -4.81379858784601185e-17
1.33939546342422240e+01 2.50000000000047429e+00 4.38646555465440997e-15
1.23939546342419913e+01 2.50000000000047162e+00 7.15141968736403845e-17
1.13939546342417550e+01 2.50000000000047162e+00 6.34632276093994872e-17
1.03939546342415188e+01 2.50000000000047251e+00 -8.10465795583789316e-17
9.39395463424128252e+00 2.50000000000047251e+00 -2.65262734572885655e-17
8.39395463424104626e+00 2.50000000000047251e+00 5.54262361782955834e-17
7.39395463424081001e+00 2.50000000000047251e+00 -7.57078052343045102e-17
6.39395463424057375e+00 2.50000000000047251e+00 -1.27313965619120292e-16
5.39395463424033750e+00 2.50000000000047251e+00 -7.84385964994344704e-17
4.38322480377223300e+00 2.51166227899851524e+00 -1.92699331428429071e-02
1.43939546342424638e+01 3.50000000000070877e+00 -3.44008131567426569e-17
1.33939546342422275e+01 3.50000000000071276e+00 6.15922013688936437e-17
1.23939546342419913e+01 3.50000000000070832e+00 7.58083241402909536e-17
1.13939546342417550e+01 3.50000000000070832e+00 -1.75386659463034694e-16
1.03939546342415188e+01 3.50000000000070877e+00 -2.71227388341091729e-17
9.39395463424128252e+00 3.50000000000070877e+00 -1.01771045214371259e-16
8.39395463424104626e+00 3.50000000000070877e+00 9.49413385706846943e-17
7.39395463424081001e+00 3.50000000000070832e+00 -3.11962239147412580e-17
6.39395463424057375e+00 3.50000000000070877e+00 -5.05365299192951733e-16
5.39395463424033750e+00 3.50000000000070832e+00 3.10869851394681121e-16
1.43939546342424638e+01 4.50000000000094502e+00 -8.94723024588161675e-17
1.33939546342422293e+01 4.50000000000094946e+00 6.07935546786986283e-17
1.23939546342419824e+01 4.50000000000094857e+00 -7.51061128104708165e-15
1.13939546342417497e+01 4.50000000000094502e+00 4.42706903340322064e-17
1.03939546342415188e+01 4.50000000000094502e+00 -1.20954472451694996e-16
9.39395463424128252e+00 4.50000000000094502e+00 1.92539047918990397e-17
8.39395463424104626e+00 4.50000000000094502e+00 1.41737021020498428e-16
7.39395463424081001e+00 4.50000000000094502e+00 2.34573503068646384e-16
6.39395463424057375e+00 4.50000000000094502e+00 -5.42210355839228613e-16
1.43939546342424638e+01 5.50000000000118128e+00 3.27089511093741885e-17
1.33939546342422222e+01 5.50000000000118572e+00 1.69498639474375216e-17
1.23939546342419966e+01 5.50000000000118483e+00 -7.53529817689410584e-15
1.13939546342417568e+01 5.50000000000118128e+00 9.78766806303674402e-17
1.03939546342415206e+01 5.50000000000118128e+00 -5.34970116405880367e-17
9.39395463424128785e+00 5.50000000000117684e+00 -2.95058955676035393e-15
8.39395463424105337e+00 5.50000000000118128e+00 1.48828802469589721e-16
7.39395463424081534e+00 5.50000000000118128e+00 1.68701858032282141e-16
1.43939546342424673e+01 6.50000000000142197e+00 -9.12004220430141099e-15
1.33939546342422275e+01 6.50000000000140865e+00 -1.71672583175102342e-14
1.23939546342419931e+01 6.50000000000141753e+00 -1.31754818870475411e-14
1.13939546342417515e+01 6.50000000000141664e+00 -8.27151617652397026e-16
1.03939546342415134e+01 6.50000000000141664e+00 -2.68137262369844808e-15
9.39395463424127897e+00 6.50000000000142020e+00 -3.00983597199322506e-15
8.39395463424106936e+00 6.50000000000141487e+00 1.39711046111861984e-14
1.43939546342424709e+01 7.50000000000167066e+00 1.69568394515929884e-14
1.33939546342422329e+01 7.50000000000162981e+00 1.32929533705192513e-14
1.23939546342419895e+01 7.50000000000164757e+00 -8.50346059167002349e-17
1.13939546342417621e+01 7.50000000000165556e+00 -6.72138063982200089e-15
1.03939546342415188e+01 7.50000000000165024e+00 -6.76422334772144103e-15
9.39395463424128252e+00 7.50000000000165645e+00 -2.95826595644328235e-15
1.43939546342424638e+01 8.50000000000190603e+00 4.42434402099713802e-17
1.33939546342422258e+01 8.50000000000189715e+00 -8.55429459392469697e-16
1.23939546342419948e+01 8.50000000000188471e+00 -3.39882982881472789e-17
1.13939546342417568e+01 8.50000000000189360e+00 -3.43869096713029096e-15
1.03939546342415206e+01 8.50000000000189004e+00 -3.34408542097902796e-15
1.43939546342424638e+01 9.50000000000214229e+00 0.00000000000000000e+00
1.33939546342422240e+01 9.50000000000213518e+00 4.35762537161167499e-15
1.23939546342419913e+01 9.50000000000212097e+00 3.84664068195801233e-17
1.13939546342417550e+01 9.50000000000212808e+00 3.95959644419614022e-17
1.43939546342424638e+01 1.05000000000023785e+01 -1.26207275394020867e-18
1.33939546342422258e+01 1.05000000000023714e+01 7.61234136355421588e-16
1.23939546342419842e+01 1.05000000000023643e+01 1.38402570941784104e-14
1.43939546342424638e+01 1.15000000000026077e+01 6.72428266853156618e-16
1.33939546342422275e+01 1.15000000000026077e+01 7.64486898445475128e-16
1.43939546342424638e+01 1.25000000000028457e+01 -5.55110850568088228e-17
1.43939546342424638e+01 1.43939546342424478e+01 -1.77635683940025046e-15
5.00000772952425621e-01 5.00000000000000000e-01 2.47604671141377075e-17
7.06119470178904862e-01 1.94908667365676713e+00 7.32531798486753760e-01
1.43717049194839497e+00 1.26163819907530694e+00 7.32531798486753760e-01
1.44965603230807716e+00 2.61788849879613750e+00 7.32531798486753760e-01
2.18783575252567530e+00 1.92240819584181555e+00 7.32531798486753649e-01
2.14287598610806640e+00 3.34252333121518141e+00 7.32531798486753760e-01
2.87932754711668437e+00 2.65593095653769318e+00 7.26563760231747957e-01
2.80660225127051177e+00 4.12101416553190347e+00 -8.00660898928405307e-01
3.54273213163735967e+00 3.42806094883465873e+00 7.50372165383105805e-01
3.59038511343697309e+00 4.79480365955447763e+00 -7.35045980051829972e-01
4.32457225357099162e+00 4.11576160834143145e+00 -7.35045980051829972e-01
4.45021866220571383e+00 5.38483108836598312e+00 -7.87773779288536757e-01
5.18684984834893115e+00 4.70710478589235315e+00 -7.87773779288536757e-01
5.03465156781112277e+00 6.24615110290199294e+00 7.38342305765565476e-01
5.77378131398707950e+00 5.56669028044290037e+00 7.38342305765565476e-01
5.74086897570828114e+00 6.97476103879831477e+00 -8.03815055874187889e-01
6.48218541838155282e+00 6.29683954171894733e+00 -7.97979205327270180e-01
6.48893930725186152e+00 7.68496873502808953e+00 -7.38696674918747909e-01
7.22527308884888697e+00 7.00833546246401617e+00 -7.38696674918747909e-01
1.29370615163331166e+01 1.41881127188730964e+01 -7.25555757773903909e-01
1.36328211716873025e+01 1.34549964345299351e+01 -7.42275155414956367e-01
1.22709476183397239e+01 1.34379205258583241e+01 -7.23763252439448612e-01
1.29695168783877239e+01 1.27064494173691784e+01 -7.42275155414956367e-01
1.15047307175922189e+01 1.27045257949785420e+01 -7.42275155414956367e-01
1.22359605717698017e+01 1.20223424821696021e+01 -7.42275155414956367e-01
1.07582645615616741e+01 1.20088685141101212e+01 -7.82285558822381710e-01
1.14987701905775221e+01 1.13123331993895775e+01 -7.90256434037005850e-01
1.00551005298343075e+01 1.12660085544069482e+01 7.42275155414955701e-01
1.07884913285170807e+01 1.05817498037019853e+01 7.42275155414955701e-01
9.44156541756607126e+00 1.04360958361683824e+01 -7.86694246937739483e-01
1.01868492223743363e+01 9.74020940313355865e+00 -7.87366163041989586e-01
8.60796961043074838e+00 9.81707593231442743e+00 -7.42275155414954479e-01
9.34306186052639376e+00 9.13910336972830706e+00 -7.42275155414954479e-01
7.88578285377860766e+00 9.12138151566010258e+00 -7.44221932198563363e-01
8.62216755635952659e+00 8.44338195634941968e+00 -7.42275155414954479e-01
7.20987456096775503e+00 8.38307619386459457e+00 -7.42275155414969912e-01
7.94620126060888943e+00 7.70644941736798827e+00 -7.42275155414969912e-01
