# n = 208
# s = 14.924518772034066
# x y theta(rad)
5.06560230584663707e-01 1.43746577712475876e+01 -1.32064105796114370e-02
2.42451877203052391e+00 1.44245187720340589e+01 -2.21287018657007062e-15
1.43523696034889916e+01 5.00000000000000000e-01 8.84901616391992741e-17
1.44245187720340589e+01 1.50000000000029310e+00 4.70136099981036667e-17
5.00000000000000000e-01 8.50000000000234479e+00 -6.29420653984013971e-17
5.00000000000000000e-01 7.50000000000205080e+00 -3.67913194327988637e-17
1.50000000000029399e+00 7.50000000000205169e+00 -4.46761903201115353e-18
5.00000000000000000e-01 6.50000000000175859e+00 -5.93761625695791995e-17
1.50000000000029399e+00 6.50000000000175859e+00 -2.74757900452389774e-17
2.50000000000058709e+00 5.50000000000146549e+00 -1.28132963644641741e-16
5.00000000000000000e-01 5.50000000000146549e+00 -8.11791016518152101e-17
1.50000000000029310e+00 5.50000000000146549e+00 -1.32370285590402599e-16
2.50000000000058709e+00 4.50000000000117240e+00 3.63447201991888508e-16
3.56823330962409191e+00 6.11093592384692386e+00 7.21202078791584156e-01
5.00000000000000000e-01 4.50000000000117240e+00 -1.04150721208135541e-16
1.50000000000029399e+00 4.50000000000117151e+00 5.29010868573280497e-16
2.50000000000058709e+00 3.50000000000087930e+00 5.44041785859663277e-16
3.50000000000087930e+00 4.50000000000117240e+00 1.74585764477544834e-16
4.99884073623113689e+00 4.70565023945065963e+00 7.21202078791584156e-01
5.00000000000000000e-01 3.50000000000087930e+00 5.38089855841911071e-17
1.50000000000029399e+00 3.50000000000087841e+00 5.46199724716735955e-16
2.70379794102433557e+00 6.70379794102550708e+00 6.88619439807478306e-01
3.50000000000088018e+00 3.50000000000087930e+00 5.11392479649863456e-16
4.50000000000117328e+00 3.50000000000087930e+00 1.47439398768750628e-16
5.50000000000146549e+00 3.50000000000087930e+00 -1.03560587072870418e-16
5.00000000000000000e-01 2.50000000000058709e+00 5.63677265340585391e-18
1.50000000000029399e+00 2.50000000000058709e+00 -1.50223112992897782e-18
2.50000000000058709e+00 2.50000000000058709e+00 4.65552379263613538e-17
3.50000000000088018e+00 2.50000000000058709e+00 1.52295822467163756e-16
4.50000000000117328e+00 2.50000000000058709e+00 1.18189934966850946e-16
5.50000000000146549e+00 2.50000000000058709e+00 -2.68612918641807636e-16
6.50000000000175948e+00 2.50000000000058620e+00 -2.52238090937499538e-16
5.00000000000000000e-01 1.50000000000029399e+00 -7.97883068565407238e-17
1.50000000000029399e+00 1.50000000000029399e+00 -7.80328584195918082e-17
2.50000000000058709e+00 1.50000000000029399e+00 1.19034175352357267e-16
3.50000000000088018e+00 1.50000000000029310e+00 1.13101450710669741e-16
4.50000000000117328e+00 1.50000000000029399e+00 1.12836858793771179e-16
5.50000000000146549e+00 1.50000000000029310e+00 -1.10735009097155806e-16
6.50000000000175859e+00 1.50000000000029310e+00 -4.54508742786363799e-16
7.50000000000205258e+00 1.50000000000029310e+00 4.00739204340927643e-17
5.00000000000000000e-01 5.00000000000000000e-01 -4.37880266053045570e-17
1.50000000000029399e+00 5.00000000000000000e-01 3.93311485006227075e-18
2.50000000000058709e+00 5.00000000000000000e-01 -1.38950777441770901e-17
3.50000000000088018e+00 5.00000000000000000e-01 7.14712256104703969e-17
4.50000000000117328e+00 5.00000000000000000e-01 2.22388409311749173e-17
5.50000000000146549e+00 5.00000000000000000e-01 6.69528921351036173e-17
6.50000000000175948e+00 5.00000000000000000e-01 5.37038740893927688e-17
7.50000000000205258e+00 5.00000000000000000e-01 -5.27323579045747507e-17
8.50000000000234479e+00 5.00000000000000000e-01 -1.35578012596544435e-17
9.50000000000263611e+00 5.00000000000000000e-01 3.62389166392073760e-17
3.42451877203081612e+00 1.44245187720340589e+01 -5.46442130097304288e-17
4.42451877203112698e+00 1.44245187720340624e+01 -5.47162768740259634e-15
5.42451877203142274e+00 1.44245187720340589e+01 -4.65976353662760461e-17
6.42451877203171584e+00 1.44245187720340589e+01 -2.68294903614140375e-17
7.42451877203200006e+00 1.44245187720340518e+01 -1.87640630731889159e-14
8.42451877203228250e+00 1.44245187720340411e+01 1.97973182838811183e-16
9.42451877203257737e+00 1.44245187720340589e+01 1.39365289564449970e-16
1.04245187720328687e+01 1.44245187720340589e+01 9.27615403294575723e-17
1.14245187720331636e+01 1.44245187720340589e+01 1.93331456302678417e-16
1.24245187720334620e+01 1.44194212519194451e+01 1.39342627831003240e-14
1.34245187720337640e+01 1.44245187720340553e+01 -5.03920758467471768e-15
1.44245187720340589e+01 1.44245187720340624e+01 -3.00887109281819387e-15
4.42451877203112520e+00 1.34245187720337604e+01 1.13261210753683153e-14
5.42451877203141208e+00 1.34245187720337675e+01 -1.48423209958596761e-15
6.42451877203171051e+00 1.34245187720337711e+01 -1.07117038607271012e-14
7.42451877203200361e+00 1.34245187720337569e+01 -1.60718722129500023e-14
8.42451877203230381e+00 1.34245187720337675e+01 1.63966668025279194e-16
9.42451877203259514e+00 1.34245187720337675e+01 -1.15980202749980640e-15
1.04245187720328900e+01 1.34245187720337675e+01 -2.74848847197998733e-16
1.14245187720331778e+01 1.34245187720337675e+01 -1.25679360581804067e-16
1.24245187720334691e+01 1.34178040283687423e+01 -4.01765556928144622e-15
1.34245187720337640e+01 1.34245187720337711e+01 -5.62578254424886954e-15
1.44245187720340589e+01 1.34245187720337675e+01 9.62112124713874411e-18
5.42451877203142185e+00 1.24245187720334833e+01 -2.98126973667288849e-15
6.42451877203171673e+00 1.24245187720334727e+01 -7.05020903905971804e-15
7.42451877203201160e+00 1.24245187720334691e+01 9.92541524030728216e-15
8.42451877203231092e+00 1.24245187720334727e+01 -2.05348584881438399e-15
9.42451877203259869e+00 1.24245187720334727e+01 4.78635274449364642e-15
1.04245187720328794e+01 1.24245187720334727e+01 5.94198614597256772e-15
1.14245187720331813e+01 1.24245187720334727e+01 -7.26790224088250423e-17
1.24245187720334727e+01 1.24166779032547545e+01 2.66194714993967060e-15
1.34245187720337569e+01 1.24245187720334727e+01 5.35883130306170891e-17
1.44245187720340589e+01 1.24245187720334762e+01 3.01700620113888676e-17
6.42451877203172295e+00 1.14245187720331884e+01 3.37618950667414845e-15
7.42451877203201516e+00 1.14245187720331707e+01 1.97966023777726081e-15
8.42451877203230026e+00 1.14245187720331849e+01 3.76906881294506915e-15
9.42451877203259869e+00 1.14245187720331778e+01 -3.58087635687097275e-15
1.04245187720328900e+01 1.14245187720331813e+01 -3.58634910561117842e-15
1.14245187720331813e+01 1.14245187720331813e+01 -3.98165563297183713e-16
1.24245187720334727e+01 1.14131068341541955e+01 -3.44345867573754273e-16
1.34245187720337675e+01 1.14245187720331849e+01 -5.94172413597519210e-16
1.44245187720340589e+01 1.14245187720331813e+01 2.97464751896516120e-17
6.42451877203171051e+00 1.04245187720328936e+01 3.35176568698853653e-15
7.42451877203201160e+00 1.04245187720328865e+01 -1.16383479274159605e-14
8.42451877203230026e+00 1.04245187720328865e+01 -4.13107247641045474e-15
9.42451877203259514e+00 1.04245187720328900e+01 3.04680339619733536e-16
1.04245187720328900e+01 1.04245187720328829e+01 3.03071946195589282e-15
1.14245187720331813e+01 1.04245187720328900e+01 -7.24386181173479329e-16
1.24245187720334727e+01 1.04112391468747205e+01 -9.55302845133834042e-17
1.34245187720337675e+01 1.04245187720328900e+01 -7.48182663750857467e-17
1.44245187720340589e+01 1.04245187720328865e+01 -4.63055775274888094e-17
7.42451877203202759e+00 9.42451877203259158e+00 2.93776691713986426e-15
8.42451877203232158e+00 9.42451877203259158e+00 -4.18109646469602180e-15
9.42451877203258803e+00 9.42451877203259869e+00 -1.02027041840651067e-16
1.04245187720328829e+01 9.42451877203258803e+00 2.37504832366264343e-16
1.14245187720331742e+01 9.42451877203259158e+00 2.55152934471790412e-15
1.24245187720334727e+01 9.40993779630729321e+00 -8.69520848303869992e-15
1.34245187720337675e+01 9.42451877203259514e+00 -1.08642057551718658e-16
1.44245187720340589e+01 9.42451877203259514e+00 3.45885375656122269e-17
7.42451877203200805e+00 8.42451877203230026e+00 1.91686503563050815e-15
8.42451877203229671e+00 8.42451877203230026e+00 -4.20904069172832495e-15
9.42451877203258803e+00 8.42451877203230381e+00 2.28070380470870785e-16
1.04245187720328794e+01 8.42451877203229671e+00 -9.72915999880970327e-16
1.14245187720331742e+01 8.42451877203229671e+00 -8.78133559315467609e-16
1.24245187720334656e+01 8.40900240731017945e+00 -3.96522112734161602e-15
1.34245187720337569e+01 8.42451877203230381e+00 4.18491765110273978e-17
1.44245187720340589e+01 8.42451877203230026e+00 -4.00246699782011964e-15
7.41226324201887632e+00 7.42451877203200716e+00 3.40508616429155575e-15
8.41270686713316351e+00 7.42451877203200716e+00 2.54939421851347152e-15
9.41342306396648354e+00 7.42451877203200805e+00 5.58146699182326828e-15
1.04142996258408971e+01 7.42451877203200539e+00 -8.78010761590435195e-17
1.14149041419378143e+01 7.42451877203200539e+00 -4.85735041435550918e-16
1.24245187720334727e+01 7.40803151036113228e+00 -4.92482704368395019e-15
1.34245187720337569e+01 7.42451877203200894e+00 -4.01293542465749012e-15
1.44245187720340589e+01 7.42451877203200894e+00 -3.98808522548290333e-15
8.42451877203230026e+00 6.42451877203171406e+00 1.11702642611955513e-15
9.42451877203259514e+00 6.42254338580649708e+00 1.13699850295820592e-15
1.04245187720328900e+01 6.42451877203171406e+00 -5.38712894353641199e-17
1.14245187720331813e+01 6.42451877203171229e+00 -9.02274741096685771e-16
1.24245187720334727e+01 6.40689293667024806e+00 -4.19433584374958308e-15
1.34245187720337640e+01 6.42451877203171762e+00 8.14704876031155899e-17
1.44245187720340589e+01 6.42451877203171406e+00 3.65701408991686026e-17
1.24245187720334762e+01 5.40606906156085554e+00 -4.24302423094505151e-15
1.34245187720337675e+01 5.42451877203142274e+00 -4.23992358723410124e-15
1.44245187720340589e+01 5.42451877203142097e+00 6.83555783375507788e-17
1.34245187720337675e+01 4.42451877203113231e+00 4.72882612584314861e-17
1.44245187720340589e+01 4.42451877203112698e+00 4.49706687956889471e-17
1.44245187720340589e+01 3.42451877203083477e+00 9.30740184173318519e-17
5.00000000000000000e-01 9.50000000000263611e+00 -5.59264620732084512e-17
4.99302021970868370e+00 6.14227342369738327e+00 7.21202078791584156e-01
5.41090384804609137e+00 7.35970694464799902e+00 -5.62141838448481702e-04
6.41145790409439975e+00 7.42451877203200983e+00 3.90154277562273487e-15
4.29665656983118627e+00 5.41982774689338331e+00 7.21202078791584156e-01
6.78959243168695714e-01 1.30764517818879256e+01 5.02295480891272961e-01
1.53815188808829184e+00 1.35893624197092358e+01 5.02295480891272961e-01
2.36583606023558524e+00 1.29030707210541138e+01 5.02295480891272961e-01
6.78959243168695714e-01 1.18198869291845412e+01 5.02295480891272961e-01
1.50664341531599000e+00 1.23901600832328036e+01 5.02295480891272961e-01
3.24438690999154655e+00 1.22443869099941836e+01 5.08294055352043528e-01
3.42451877203083832e+00 1.34245187720337640e+01 1.77744785509214695e-15
6.78959243168695714e-01 1.06789592431716258e+01 5.02295480891272961e-01
1.55819793037196330e+00 1.11615863269103635e+01 5.08294055352026763e-01
2.38536670813655771e+00 1.17315723438503596e+01 5.08294055352026763e-01
3.26467250887858551e+00 1.10764039350272228e+01 5.13797641806313043e-01
4.42451877203112875e+00 1.24245187720334584e+01 -5.28998442639043126e-15
1.56183466924916914e+00 1.00188923912625718e+01 5.08294055352030982e-01
2.43541070990201725e+00 1.05055800746878667e+01 5.08294055352030982e-01
3.35346091877027774e+00 9.87232521782965833e+00 5.08294055352036755e-01
4.42451877203113231e+00 1.14245187720331671e+01 -1.98183474896540974e-15
5.42451877203142452e+00 1.14245187720331884e+01 -6.01141812670949364e-15
2.47988487811743230e+00 9.38563753440436344e+00 5.08294055352032648e-01
4.22560178100232342e+00 9.19734995343418760e+00 4.94074853692734295e-01
4.42451877203111632e+00 1.03746625310682568e+01 -1.14982711091537924e-14
5.42451877203141475e+00 1.04245187720328971e+01 -1.91801453737925631e-15
1.68013186203957865e+00 8.76644182229142643e+00 5.08294055352032648e-01
3.33908208953489183e+00 8.71959442825927766e+00 5.08294055352032648e-01
4.26994535668868291e+00 8.08539762932584338e+00 4.94074853692734239e-01
5.42451877203143074e+00 9.42451877203259869e+00 -1.62304368550031256e-14
4.26459695950158935e+00 6.83338160065092382e+00 7.21202078791584156e-01
5.42451877203142541e+00 8.42451877203229671e+00 -7.19283793607110895e-15
2.52962809474232131e+00 8.09093867436303782e+00 5.45221942818066685e-01
3.40258639601378032e+00 7.42837549901833682e+00 6.88619439807478417e-01
6.42451877203173360e+00 9.42451877203258803e+00 3.36780173206352652e-15
6.42451877203171939e+00 8.42451877203230026e+00 -7.14684207520319598e-15
6.26483855209878637e+00 4.42425003801537908e+00 -5.35476527178496697e-01
6.89534355315418335e+00 5.25408783074657837e+00 -4.61910452556984374e-01
7.42451877203200983e+00 6.42451877203171318e+00 2.59570356586827011e-15
5.69520438610863522e+00 5.42809591625465959e+00 7.21202078791584156e-01
1.27981899599465194e+01 6.76399367427490184e-01 -4.89611592979943278e-01
1.32332134716992655e+01 1.57770443838160102e+00 -4.89611592979943278e-01
1.36409469174913482e+01 2.51074463280529692e+00 -5.20436902605578844e-01
1.16583012867688112e+01 6.58301286765588856e-01 -4.11686160388777866e-01
1.20932945476802374e+01 1.55953707633406946e+00 -4.11686160388777922e-01
1.24793227868320713e+01 2.48215282373785229e+00 -4.11686160388777977e-01
1.29263395685618825e+01 3.37813869491783336e+00 -4.11686160388777922e-01
1.05000000000029310e+01 5.00000000000000000e-01 -7.22046021321023213e-20
1.09040783950242037e+01 1.55469456960622132e+00 -3.06119127641956923e-01
1.13429236379200198e+01 2.46475228404173485e+00 -3.06119127641956923e-01
1.17305384184305552e+01 3.39100157613020325e+00 -3.06119127641956923e-01
1.21819634684803439e+01 4.29708339585566979e+00 -3.06119127641956978e-01
9.68116330991252028e+00 1.65173653239505835e+00 -3.87028475757612178e-01
1.01792772421785251e+01 2.52858562529284470e+00 -3.87028475757612234e-01
1.06149587741841032e+01 3.43088126122858661e+00 -3.87028475757612234e-01
1.10010488238951076e+01 4.35338966782923276e+00 -3.87028475757612178e-01
1.14245187720331813e+01 5.42451877203141830e+00 -5.49773663991738327e-17
8.97106854339518733e+00 2.55608320734199790e+00 -4.03768787840545984e-01
9.46838048174305769e+00 3.43105516173531377e+00 -4.03768787840545984e-01
9.90370341762213968e+00 4.33251147136025416e+00 -4.03768787840545984e-01
1.02767783011210199e+01 5.27677830111955348e+00 -3.72703456149084955e-01
8.50000000000234479e+00 1.50000000000029310e+00 8.74061768840998778e-17
8.27814274761561109e+00 3.47851985257867913e+00 -4.08870721502920975e-01
8.77522952404236989e+00 4.35297214968388513e+00 -4.08870721502920975e-01
9.20306386255243680e+00 5.27677830111955348e+00 -3.72703456149084900e-01
7.58313582863284807e+00 4.38465077874506814e+00 -4.55517767639336768e-01
8.07847635399544473e+00 5.25553841513582487e+00 -4.55517767639336935e-01
7.65757188404662514e+00 2.65757188404515965e+00 -4.08870721502920975e-01
6.96707191605999743e+00 3.57290294843198364e+00 -4.55517767639336768e-01
6.42451877203171140e+00 6.42451877203171051e+00 -7.07615993405364243e-15
