# n = 209
# s = 14.946223226449261
# x y theta(rad)
5.45365081663779172e-01 1.44207317954045227e+01 -2.63952858897973167e-03
2.44622322644684420e+00 1.44462232264492592e+01 0.00000000000000000e+00
1.44462232264492609e+01 5.00000000000000000e-01 0.00000000000000000e+00
1.44462232264492609e+01 2.44622322644684331e+00 0.00000000000000000e+00
5.00000000000000000e-01 8.50000000000161116e+00 0.00000000000000000e+00
5.00000000000000000e-01 7.50000000000140954e+00 0.00000000000000000e+00
5.00000000000000000e-01 6.50000000000120792e+00 0.00000000000000000e+00
1.50000000000020162e+00 6.50261940643061909e+00 0.00000000000000000e+00
5.00000000000000000e-01 5.50000000000100719e+00 0.00000000000000000e+00
1.50000000000020162e+00 5.50000000000100719e+00 0.00000000000000000e+00
2.68753750335629515e+00 5.84165420432943527e+00 5.56808017870735306e-01
5.00000000000000000e-01 4.50000000000080469e+00 0.00000000000000000e+00
1.50000000000020162e+00 4.50000000000080469e+00 0.00000000000000000e+00
2.50000000000040323e+00 4.50000000000080469e+00 0.00000000000000000e+00
5.00000000000000000e-01 3.50000000000060396e+00 0.00000000000000000e+00
1.50000000000020162e+00 3.50000000000060396e+00 0.00000000000000000e+00
2.50000000000040323e+00 3.50000000000060396e+00 0.00000000000000000e+00
3.50000000000060485e+00 2.50339541037382673e+00 0.00000000000000000e+00
4.90148461182237405e+00 3.70050956517360863e+00 6.48691058119351793e-01
5.00000000000000000e-01 2.50000000000040234e+00 0.00000000000000000e+00
1.50000000000020162e+00 2.50000000000040234e+00 0.00000000000000000e+00
2.50000000000040323e+00 2.50000000000040234e+00 0.00000000000000000e+00
3.50000000000060485e+00 1.50000000000020073e+00 0.00000000000000000e+00
4.50000000000080647e+00 2.50000000000040234e+00 0.00000000000000000e+00
5.50000000000100719e+00 2.50000000000040234e+00 0.00000000000000000e+00
5.00000000000000000e-01 1.50000000000020073e+00 0.00000000000000000e+00
1.50000000000020162e+00 1.50000000000020073e+00 0.00000000000000000e+00
2.50000000000040323e+00 1.50000000000020073e+00 0.00000000000000000e+00
3.50000000000060485e+00 5.00000000000000000e-01 0.00000000000000000e+00
4.50000000000080647e+00 1.50000000000020073e+00 0.00000000000000000e+00
5.50000000000100719e+00 1.50000000000020073e+00 0.00000000000000000e+00
6.50000000000120881e+00 1.50000000000020073e+00 0.00000000000000000e+00
5.00000000000000000e-01 5.00000000000000000e-01 0.00000000000000000e+00
1.50000000000020162e+00 5.00000000000000000e-01 0.00000000000000000e+00
2.50000000000040323e+00 5.00000000000000000e-01 0.00000000000000000e+00
3.50308731849783950e+00 3.50561697890606538e+00 -1.24038449964683495e-04
4.50000000000080647e+00 5.00000000000000000e-01 0.00000000000000000e+00
5.50000000000100719e+00 5.00000000000000000e-01 0.00000000000000000e+00
6.50000000000120881e+00 5.00000000000000000e-01 0.00000000000000000e+00
7.50000000000141043e+00 5.00000000000000000e-01 0.00000000000000000e+00
3.44622322644704493e+00 1.44462232264492592e+01 0.00000000000000000e+00
4.44622322644724566e+00 1.44462232264492592e+01 0.00000000000000000e+00
5.44622322644744727e+00 1.44462232264492592e+01 0.00000000000000000e+00
6.44622322644764889e+00 1.44462232264492592e+01 0.00000000000000000e+00
7.44622322644784962e+00 1.44462232264492592e+01 0.00000000000000000e+00
8.44622322644805124e+00 1.44462232264492592e+01 0.00000000000000000e+00
9.44622322644825196e+00 1.44462232264492592e+01 0.00000000000000000e+00
1.04462232264484545e+01 1.44462232264492592e+01 0.00000000000000000e+00
1.14462232264486552e+01 1.44462232264492592e+01 0.00000000000000000e+00
1.24462232264488559e+01 1.44462232264492592e+01 0.00000000000000000e+00
1.34462232264490584e+01 1.44462232264492592e+01 0.00000000000000000e+00
1.44462232264492609e+01 1.44462232264492592e+01 0.00000000000000000e+00
4.44622322644724566e+00 1.34462232264490584e+01 0.00000000000000000e+00
5.44622322644744727e+00 1.34462232264490584e+01 0.00000000000000000e+00
6.44622322644764889e+00 1.34462232264490584e+01 0.00000000000000000e+00
8.44622322644805124e+00 1.34462232264490584e+01 0.00000000000000000e+00
7.44622322644784962e+00 1.34462232264490584e+01 0.00000000000000000e+00
1.04462232264484545e+01 1.24462232264488559e+01 0.00000000000000000e+00
1.14462232264486552e+01 1.34462232264490584e+01 0.00000000000000000e+00
1.24462232264488559e+01 1.34462232264490584e+01 0.00000000000000000e+00
1.34462232264490584e+01 1.34462232264490584e+01 0.00000000000000000e+00
9.44622322644825196e+00 1.34462232264490584e+01 0.00000000000000000e+00
1.44462232264492609e+01 1.34462232264490584e+01 0.00000000000000000e+00
5.44622322644744727e+00 1.24462232264488559e+01 0.00000000000000000e+00
6.44622322644764889e+00 9.44622322644825196e+00 0.00000000000000000e+00
7.44622322644784962e+00 1.24462232264488559e+01 0.00000000000000000e+00
8.44622322644805124e+00 1.24462232264488559e+01 0.00000000000000000e+00
9.44622322644825196e+00 1.24462232264488559e+01 0.00000000000000000e+00
1.04462232264484545e+01 1.14462232264486552e+01 0.00000000000000000e+00
1.14462232264486552e+01 1.24462232264488559e+01 0.00000000000000000e+00
1.24462232264488559e+01 1.24462232264488559e+01 0.00000000000000000e+00
1.34462232264490584e+01 1.24462232264488559e+01 0.00000000000000000e+00
1.44462232264492609e+01 1.24462232264488559e+01 0.00000000000000000e+00
6.44622322644764889e+00 1.24462232264488559e+01 0.00000000000000000e+00
7.44622322644784962e+00 1.14462232264486552e+01 0.00000000000000000e+00
8.44622322644805124e+00 1.14462232264486552e+01 0.00000000000000000e+00
9.44622322644825196e+00 1.14462232264486552e+01 0.00000000000000000e+00
1.04462232264484545e+01 1.34462232264490584e+01 0.00000000000000000e+00
1.14462232264486552e+01 1.14462232264486552e+01 0.00000000000000000e+00
1.24462232264488559e+01 1.04462232264484545e+01 0.00000000000000000e+00
1.34462232264490584e+01 1.14462232264486552e+01 0.00000000000000000e+00
1.44462232264492609e+01 1.14462232264486552e+01 0.00000000000000000e+00
6.44622322644764889e+00 1.14462232264486552e+01 0.00000000000000000e+00
7.44622322644784962e+00 1.04462232264484545e+01 0.00000000000000000e+00
8.44622322644805124e+00 1.04462232264484545e+01 0.00000000000000000e+00
9.44622322644825196e+00 1.04462232264484545e+01 0.00000000000000000e+00
1.04462232264484545e+01 1.04462232264484545e+01 0.00000000000000000e+00
1.14462232264486552e+01 1.04462232264484545e+01 0.00000000000000000e+00
1.24462232264488559e+01 9.44622322644825196e+00 0.00000000000000000e+00
1.34462232264490584e+01 1.04462232264484545e+01 0.00000000000000000e+00
1.44462232264492609e+01 1.04462232264484545e+01 0.00000000000000000e+00
6.44622322644764889e+00 1.04462232264484545e+01 0.00000000000000000e+00
7.44622322644784962e+00 9.44622322644825196e+00 0.00000000000000000e+00
8.44622322644805124e+00 9.44622322644825196e+00 0.00000000000000000e+00
9.44622322644825196e+00 9.44622322644825196e+00 0.00000000000000000e+00
1.04462232264484545e+01 9.44622322644825196e+00 0.00000000000000000e+00
1.14462232264486552e+01 9.44622322644825196e+00 0.00000000000000000e+00
1.24462232264488559e+01 8.44622322644805124e+00 0.00000000000000000e+00
1.34462232264490584e+01 9.44622322644825196e+00 0.00000000000000000e+00
1.44462232264492609e+01 9.44622322644825196e+00 0.00000000000000000e+00
7.44135670920157821e+00 8.44622322644805124e+00 0.00000000000000000e+00
8.44249308964098155e+00 8.44622322644805124e+00 0.00000000000000000e+00
9.44376196929062672e+00 8.44622322644805124e+00 0.00000000000000000e+00
1.04462232264484545e+01 8.44622322644805124e+00 0.00000000000000000e+00
5.43886286692133147e+00 8.44622322644805124e+00 0.00000000000000000e+00
1.14462232264486552e+01 8.44622322644805124e+00 0.00000000000000000e+00
1.24462232264488559e+01 7.44622322644784962e+00 0.00000000000000000e+00
1.34462232264490584e+01 8.44622322644805124e+00 0.00000000000000000e+00
1.44462232264492609e+01 8.44622322644805124e+00 0.00000000000000000e+00
6.44622322644764889e+00 7.44622322644784962e+00 0.00000000000000000e+00
7.44622322644784962e+00 7.44622322644784962e+00 0.00000000000000000e+00
8.44622322644805124e+00 7.44622322644784962e+00 0.00000000000000000e+00
9.44622322644825196e+00 7.44316803783630299e+00 0.00000000000000000e+00
1.04462232264484545e+01 7.44622322644784962e+00 0.00000000000000000e+00
1.14462232264486552e+01 7.44622322644784962e+00 0.00000000000000000e+00
1.24462232264488559e+01 6.44622322644764800e+00 0.00000000000000000e+00
1.34462232264490584e+01 7.44622322644784962e+00 0.00000000000000000e+00
1.44462232264492609e+01 7.44622322644784962e+00 0.00000000000000000e+00
1.04462232264484545e+01 6.44622322644764800e+00 0.00000000000000000e+00
1.14462232264486552e+01 6.44622322644764800e+00 0.00000000000000000e+00
1.24462232264488559e+01 1.14462232264486552e+01 0.00000000000000000e+00
1.34462232264490584e+01 6.44622322644764800e+00 0.00000000000000000e+00
1.44462232264492609e+01 6.44622322644764800e+00 0.00000000000000000e+00
1.24462232264488559e+01 5.44622322644744639e+00 0.00000000000000000e+00
1.34462232264490584e+01 5.44622322644744639e+00 0.00000000000000000e+00
1.44462232264492609e+01 5.44622322644744639e+00 0.00000000000000000e+00
1.34462232264490584e+01 4.44622322644724477e+00 0.00000000000000000e+00
1.44462232264492609e+01 4.44622322644724477e+00 0.00000000000000000e+00
1.44462232264492609e+01 3.44622322644704493e+00 0.00000000000000000e+00
8.50000000000161116e+00 5.00000000000000000e-01 0.00000000000000000e+00
3.50978258386119180e+00 5.15520618835460098e+00 6.48691058119351793e-01
4.27357740433534961e+00 4.47936886608156115e+00 6.48691058119351793e-01
5.43882788154261299e+00 6.28546211579137903e+00 -3.86632586987579942e-04
5.69835988200088384e+00 4.30465342534131068e+00 6.48691058119351793e-01
5.07166955393971453e+00 5.08443529250424398e+00 6.48691058119351793e-01
6.77998198914443684e-01 1.31384065782421064e+01 4.97469941638762070e-01
1.55343268755276931e+00 1.36217946004964698e+01 4.97469941638762070e-01
3.44622322644704493e+00 1.34462232264490584e+01 0.00000000000000000e+00
6.77998198914443684e-01 1.18844117310608421e+01 4.97469941638762070e-01
1.50811541085584988e+00 1.24512536232791149e+01 4.97469941638762070e-01
2.38519484745029420e+00 1.29316123974666670e+01 4.97469941638762070e-01
3.26822502753260125e+00 1.22682250275344131e+01 4.97469941638762070e-01
6.76272327775053306e-01 1.07459612672181368e+01 4.88995865395610407e-01
1.55894527072876787e+00 1.12248605017616576e+01 4.97469941638762070e-01
2.38906248267017496e+00 1.17917023939799268e+01 4.97469941638762070e-01
4.44166707334142785e+00 1.14462232264486552e+01 0.00000000000000000e+00
4.44622322644724566e+00 1.24462232264488559e+01 0.00000000000000000e+00
5.00000000000000000e-01 9.56968893944288013e+00 0.00000000000000000e+00
1.56187829659738675e+00 1.00819645305230861e+01 4.96039966464993265e-01
2.43826656086883364e+00 1.05636134173703944e+01 4.96039966464993265e-01
3.26851285181915152e+00 1.11305254023137259e+01 4.96039966464993265e-01
4.44622322644724566e+00 1.04462232264484545e+01 0.00000000000000000e+00
5.44622322644744727e+00 1.14462232264486552e+01 0.00000000000000000e+00
1.65646716795734417e+00 8.88533258577522567e+00 5.49362789334392532e-01
2.50298834293720240e+00 9.45208255355031213e+00 5.12916867037205848e-01
3.37828540237474950e+00 9.93573619531849594e+00 5.12916867037205848e-01
4.26886882449914840e+00 9.26886882450015470e+00 4.94280858959697533e-01
5.44622322644744727e+00 1.04462232264484545e+01 0.00000000000000000e+00
2.52372817366986180e+00 8.24242925519604519e+00 5.47080380893562035e-01
3.38683561935833133e+00 8.79370400997336787e+00 4.98048585660154863e-01
4.26886882449914840e+00 8.13290548227914201e+00 4.94280858959697533e-01
5.44622322644744727e+00 9.44622322644825196e+00 0.00000000000000000e+00
1.68712144591329416e+00 7.69360032850693543e+00 5.47080380893562035e-01
3.39217670374736624e+00 7.60050131980543142e+00 5.47080380893562035e-01
4.32818748723562940e+00 6.99972523418901815e+00 5.47080380893562035e-01
6.44018865904442439e+00 8.44622322644805124e+00 0.00000000000000000e+00
4.30665785403970069e+00 5.75935004852230303e+00 6.48691058119351793e-01
5.44622322644744727e+00 7.44622322644784962e+00 0.00000000000000000e+00
2.55556997599079683e+00 7.05167239311632077e+00 5.47080380893562035e-01
3.48778845416127226e+00 6.44835730657765716e+00 5.56808017870735306e-01
1.31429161314123686e+01 6.70841186171382553e-01 -4.63740610746382342e-01
1.36539241245557346e+01 1.53336376660234297e+00 -4.63740610746382342e-01
1.34462232264490584e+01 3.44622322644704493e+00 0.00000000000000000e+00
1.19118586893840845e+01 6.69050408512867456e-01 -4.55823735817019515e-01
1.24456365252631489e+01 1.52107286876008363e+00 -4.55823735817019515e-01
1.29569107971376081e+01 2.38412788285433042e+00 -4.55823735817019515e-01
1.22784928347168627e+01 3.27849283471504815e+00 -4.50103450166750352e-01
1.07861332103604362e+01 6.67730391731995887e-01 -4.50103450166750352e-01
1.12329645762926145e+01 1.56244413582820840e+00 -4.50103450166750352e-01
1.17670120425309488e+01 2.41501657245727674e+00 -4.50103450166750352e-01
1.10913695922877853e+01 3.31484957294837024e+00 -4.63177622195597383e-01
1.24462232264488559e+01 4.44622322644724477e+00 0.00000000000000000e+00
9.67038852696249052e+00 6.70388526960677744e-01 -4.61721806123693346e-01
1.01111329449557168e+01 1.56884927241193228e+00 -4.63177622195597383e-01
1.05579261221012839e+01 2.46348654910935139e+00 -4.63177622195597383e-01
1.03642791697717183e+01 4.36427916977051122e+00 -1.81262122004610560e-01
1.14462232264486552e+01 4.44622322644724477e+00 0.00000000000000000e+00
1.14462232264486552e+01 5.44622322644744639e+00 0.00000000000000000e+00
8.99070409730019726e+00 1.56352821309194212e+00 -4.63177622195597383e-01
9.43749727444576259e+00 2.45816548978936122e+00 -4.63177622195597383e-01
9.88429045159132791e+00 3.35280276648677944e+00 -4.63177622195597383e-01
9.21258792486380607e+00 4.26198902715252359e+00 -4.48776759248832646e-01
1.04462232264484545e+01 5.44622322644744639e+00 0.00000000000000000e+00
8.32220291124594524e+00 2.46312547643350399e+00 -4.63177622195597383e-01
8.76899608839151234e+00 3.35776275313092309e+00 -4.63177622195597383e-01
8.10598425864494310e+00 4.27674058182794070e+00 -4.55652998154338018e-01
9.44622322644825196e+00 5.43776692713813325e+00 0.00000000000000000e+00
7.67071522692280183e+00 1.67071522692159302e+00 -4.63177622195597383e-01
7.66086965563880629e+00 3.37707546068215425e+00 -4.63177622195597383e-01
7.02609103709204597e+00 4.34910778999320691e+00 -4.58779883376156994e-01
8.44622322644805124e+00 5.43719680961164631e+00 0.00000000000000000e+00
6.24454283207775251e+00 5.24102371540082679e+00 6.49266767326640015e-01
7.44622322644784962e+00 5.44622322644744639e+00 0.00000000000000000e+00
7.00290297513803939e+00 2.57217052603205065e+00 -5.12795990466327734e-01
6.27317918100377270e+00 3.44995902498075502e+00 7.07149307718557218e-01
6.44030595333709588e+00 6.44334504738208214e+00 5.77675394173015206e-05
7.44155784106938789e+00 6.44622322644764800e+00 0.00000000000000000e+00
8.44280694479080118e+00 6.44622322644764800e+00 0.00000000000000000e+00
9.44422102481112802e+00 6.44084296387303734e+00 -3.20172923448809957e-04
