# n = 210
# s = 14.973001116590439
# x y theta(rad)
5.00100000000018419e-01 1.44696869599286835e+01 -1.00000000037245331e-04
1.44730011165904386e+01 3.47300111658822441e+00 0.00000000000000000e+00
1.41300006125200497e+01 5.00000000000000000e-01 0.00000000000000000e+00
5.00000000000000000e-01 7.50000000000140954e+00 0.00000000000000000e+00
5.00000000000000000e-01 6.50000000000120881e+00 0.00000000000000000e+00
1.50000000000020162e+00 6.50000000000120881e+00 0.00000000000000000e+00
5.00000000000000000e-01 5.50000000000100719e+00 0.00000000000000000e+00
1.50000000000020162e+00 5.50000000000100719e+00 0.00000000000000000e+00
2.50000000000040234e+00 5.50000000000100719e+00 0.00000000000000000e+00
5.00000000000000000e-01 4.50000000000080558e+00 0.00000000000000000e+00
1.50000000000020162e+00 4.50000000000080558e+00 0.00000000000000000e+00
2.50000000000040234e+00 4.50000000000080558e+00 0.00000000000000000e+00
5.00000000000000000e-01 3.50000000000060396e+00 0.00000000000000000e+00
1.50000000000020162e+00 3.50000000000060396e+00 0.00000000000000000e+00
2.50000000000040234e+00 3.50000000000060396e+00 0.00000000000000000e+00
3.51000000002267498e+00 3.50000000000060396e+00 0.00000000000000000e+00
5.00000000000000000e-01 2.50000000000040323e+00 0.00000000000000000e+00
1.50000000000020162e+00 2.50000000000040323e+00 0.00000000000000000e+00
2.50000000000040234e+00 2.50000000000040323e+00 0.00000000000000000e+00
3.50000000000060396e+00 2.50000000000040323e+00 0.00000000000000000e+00
4.50000000000080558e+00 2.50000000000040323e+00 0.00000000000000000e+00
5.00000000000000000e-01 1.50000000000020162e+00 0.00000000000000000e+00
1.50000000000020162e+00 1.50000000000020162e+00 0.00000000000000000e+00
2.50000000000040234e+00 1.50000000000020162e+00 0.00000000000000000e+00
3.50000000000060396e+00 1.50000000000020162e+00 0.00000000000000000e+00
4.50000000000080558e+00 1.50000000000020162e+00 0.00000000000000000e+00
5.50000000000100631e+00 1.50000000000020162e+00 0.00000000000000000e+00
5.00000000000000000e-01 5.00000000000000000e-01 0.00000000000000000e+00
1.50000000000020162e+00 5.00000000000000000e-01 0.00000000000000000e+00
2.50000000000040234e+00 5.00000000000000000e-01 0.00000000000000000e+00
3.50000000000060396e+00 5.00000000000000000e-01 0.00000000000000000e+00
4.50000000000080558e+00 5.00000000000000000e-01 0.00000000000000000e+00
5.50000000000100631e+00 5.00000000000000000e-01 0.00000000000000000e+00
6.50000000000120792e+00 5.00000000000000000e-01 0.00000000000000000e+00
7.62165875370553980e+00 6.21658753704130262e-01 -2.88694713010988313e-01
2.47300111658802280e+00 1.44730011165904386e+01 0.00000000000000000e+00
3.47300111658822441e+00 1.44730011165904386e+01 0.00000000000000000e+00
4.47300111658842514e+00 1.44730011165904386e+01 0.00000000000000000e+00
5.47300111658862765e+00 1.44730011165904386e+01 0.00000000000000000e+00
6.47300111658882837e+00 1.44488058855171069e+01 0.00000000000000000e+00
7.47300111658902999e+00 1.44488058843708806e+01 0.00000000000000000e+00
8.47300111658923072e+00 1.44730011165904386e+01 0.00000000000000000e+00
9.47300111658943322e+00 1.44730011165904386e+01 0.00000000000000000e+00
1.04730011165896322e+01 1.44730011165904386e+01 0.00000000000000000e+00
1.14730011165898347e+01 1.44719839515848463e+01 0.00000000000000000e+00
1.24730011165900372e+01 1.44730011165904386e+01 0.00000000000000000e+00
1.34730011165902361e+01 1.44730011165904386e+01 0.00000000000000000e+00
1.44730011165904386e+01 1.44730011165904386e+01 0.00000000000000000e+00
3.47300111658822441e+00 1.34730011165902361e+01 0.00000000000000000e+00
4.47300111658842514e+00 1.34730011165902361e+01 0.00000000000000000e+00
5.47300111658862765e+00 1.34730011165902361e+01 0.00000000000000000e+00
6.47300111658882837e+00 1.34488058855169044e+01 0.00000000000000000e+00
7.47300111658902999e+00 1.34488058843706781e+01 0.00000000000000000e+00
8.47300111658923072e+00 1.34730011165902361e+01 0.00000000000000000e+00
9.47300111658943322e+00 1.34730011165902361e+01 0.00000000000000000e+00
1.04730011165896322e+01 1.34730011165902361e+01 0.00000000000000000e+00
1.14730011165898347e+01 1.34719839515846438e+01 0.00000000000000000e+00
1.24730011165900372e+01 1.34730011165902361e+01 0.00000000000000000e+00
1.34730011165902361e+01 1.34730011165902361e+01 0.00000000000000000e+00
1.44730011165904386e+01 1.34730011165902361e+01 0.00000000000000000e+00
4.47300111658842514e+00 1.24730011165900372e+01 0.00000000000000000e+00
5.47300111658862765e+00 1.24730011165900372e+01 0.00000000000000000e+00
6.47300111658882837e+00 1.24488058855167019e+01 0.00000000000000000e+00
7.47300111658902999e+00 1.24488058843704756e+01 0.00000000000000000e+00
8.47300111658923072e+00 1.24730011165900372e+01 0.00000000000000000e+00
9.47300111658943322e+00 1.24730011165900372e+01 0.00000000000000000e+00
1.04730011165896322e+01 1.24730011165900372e+01 0.00000000000000000e+00
1.14730011165898347e+01 1.24719839515844448e+01 0.00000000000000000e+00
1.24730011165900372e+01 1.24730011165900372e+01 0.00000000000000000e+00
1.34730011165902361e+01 1.24730011165900372e+01 0.00000000000000000e+00
1.44730011165904386e+01 1.24730011165900372e+01 0.00000000000000000e+00
4.47300111658842514e+00 1.14730011165898347e+01 0.00000000000000000e+00
5.47300111658862765e+00 1.14730011165898347e+01 0.00000000000000000e+00
6.47300111658882837e+00 1.14235343949258734e+01 0.00000000000000000e+00
7.47300111658902999e+00 1.14488058843702767e+01 0.00000000000000000e+00
8.47300111658923072e+00 1.14730011165898347e+01 0.00000000000000000e+00
9.47300111658943322e+00 1.14730011165898347e+01 0.00000000000000000e+00
1.04730011165896322e+01 1.14730011165898347e+01 0.00000000000000000e+00
1.14730011165898347e+01 1.14719839515842423e+01 0.00000000000000000e+00
1.24730011165900372e+01 1.14730011165898347e+01 0.00000000000000000e+00
1.34730011165902361e+01 1.14730011165898347e+01 0.00000000000000000e+00
1.44730011165904386e+01 1.14730011165898347e+01 0.00000000000000000e+00
5.47300111658862765e+00 1.04730011165896322e+01 0.00000000000000000e+00
6.47300111658882837e+00 1.04235343949256709e+01 0.00000000000000000e+00
7.47300111658902999e+00 1.04435343946773607e+01 0.00000000000000000e+00
8.47300111658923072e+00 1.04730011165896322e+01 0.00000000000000000e+00
9.47300111658943322e+00 1.04730011165896322e+01 0.00000000000000000e+00
1.04730011165896322e+01 1.04730011165896322e+01 0.00000000000000000e+00
1.14730011165898347e+01 1.04719839515840398e+01 0.00000000000000000e+00
1.24730011165900372e+01 1.04730011165896322e+01 0.00000000000000000e+00
1.34730011165902361e+01 1.04730011165896322e+01 0.00000000000000000e+00
1.44730011165904386e+01 1.04730011165896322e+01 0.00000000000000000e+00
5.45551523226752710e+00 9.47300111658943322e+00 0.00000000000000000e+00
6.46370277553616557e+00 9.41928316282866263e+00 -8.62342361342535550e-03
7.47300111658902999e+00 9.44353439467715816e+00 0.00000000000000000e+00
8.47300111658923072e+00 9.47300111658943322e+00 0.00000000000000000e+00
9.47300111658943322e+00 9.47300111658943322e+00 0.00000000000000000e+00
1.04730011165896322e+01 9.47300111658943322e+00 0.00000000000000000e+00
1.14730011165898347e+01 9.47198395158384088e+00 0.00000000000000000e+00
1.24730011165900372e+01 9.47300111658943322e+00 0.00000000000000000e+00
1.34730011165902361e+01 9.47300111658943322e+00 0.00000000000000000e+00
1.44730011165904386e+01 9.47300111658943322e+00 0.00000000000000000e+00
5.45926014345632726e+00 8.47300111658923072e+00 0.00000000000000000e+00
6.47300111658882837e+00 8.41489290304630799e+00 0.00000000000000000e+00
7.47300111658902999e+00 8.44351402900529990e+00 0.00000000000000000e+00
8.47300111658923072e+00 8.47300111658923072e+00 0.00000000000000000e+00
9.47300111658943322e+00 8.47300111658923072e+00 0.00000000000000000e+00
1.04730011165896322e+01 8.47300111658923072e+00 0.00000000000000000e+00
1.14730011165898347e+01 8.47198395158363837e+00 0.00000000000000000e+00
1.24730011165900372e+01 8.47300111658923072e+00 0.00000000000000000e+00
1.34730011165902361e+01 8.47300111658923072e+00 0.00000000000000000e+00
1.44730011165904386e+01 8.47300111658923072e+00 0.00000000000000000e+00
5.47300111658862765e+00 7.47300111658902999e+00 0.00000000000000000e+00
6.47300111658882837e+00 7.41489290304610726e+00 0.00000000000000000e+00
7.47300111658902999e+00 7.44351402900509829e+00 0.00000000000000000e+00
8.47300111658923072e+00 7.47300111658902999e+00 0.00000000000000000e+00
9.47300111658943322e+00 7.47300111658902999e+00 0.00000000000000000e+00
1.04730011165896322e+01 7.47300111658902999e+00 0.00000000000000000e+00
1.14730011165898347e+01 7.47198395158343587e+00 0.00000000000000000e+00
1.24730011165900372e+01 7.47300111658902999e+00 0.00000000000000000e+00
1.34730011165902361e+01 7.47300111658902999e+00 0.00000000000000000e+00
1.44730011165904386e+01 7.47300111658902999e+00 0.00000000000000000e+00
8.41355296216479687e+00 6.41355296216439186e+00 -1.27336490028076288e-01
9.47300111658943322e+00 6.47300111658882837e+00 0.00000000000000000e+00
1.04730011165896322e+01 6.47300111658882837e+00 0.00000000000000000e+00
1.14730011165898347e+01 6.47198395158323425e+00 0.00000000000000000e+00
1.24730011165900372e+01 6.47300111658882837e+00 0.00000000000000000e+00
1.34730011165902361e+01 6.47300111658882837e+00 0.00000000000000000e+00
1.44730011165904386e+01 6.47300111658882837e+00 0.00000000000000000e+00
1.24730011165900372e+01 5.47300111658862765e+00 0.00000000000000000e+00
1.34730011165902361e+01 5.47300111658862765e+00 0.00000000000000000e+00
1.44730011165904386e+01 5.47300111658862765e+00 0.00000000000000000e+00
1.34730011165902361e+01 4.47300111658842603e+00 0.00000000000000000e+00
1.44730011165904386e+01 4.47300111658842603e+00 0.00000000000000000e+00
1.44730011165904386e+01 1.50000000000020162e+00 0.00000000000000000e+00
3.50000000000060396e+00 4.50000000000080558e+00 0.00000000000000000e+00
3.76329972342053809e+00 5.50000000000100719e+00 0.00000000000000000e+00
4.62536257208369861e+00 4.46374469390695783e+00 -2.99800661527059698e-01
4.88866229550363318e+00 5.42904113033762936e+00 -2.99800661527059698e-01
5.24027293998482246e+00 6.36703908470785063e+00 -2.99800661527059698e-01
6.26487076351718475e+00 6.29074459248144002e+00 -2.94542981105695101e-01
7.32193573394032082e+00 6.32385318502833282e+00 -2.82797496924786451e-01
1.14264853631575320e+01 5.44679132057320903e+00 -5.38978194267817970e-02
3.28113772800869263e+00 6.56479255663889827e+00 4.53073957036159769e-01
4.17620510759664665e+00 7.01081890189085932e+00 4.53073957036159769e-01
2.42803699706978637e+00 7.26209062788325177e+00 4.62299456020394295e-01
3.32306628741095622e+00 7.70809799265628559e+00 4.62299456020394295e-01
4.30841375726790421e+00 8.18507592341107681e+00 4.36846787127276925e-01
1.58014185690796083e+00 7.95685283247650421e+00 4.62299456020394295e-01
2.47517114724912979e+00 8.40286019724953803e+00 4.62299456020394295e-01
3.37020043759029875e+00 8.84886756202257274e+00 4.62299456020394295e-01
4.29648216553285689e+00 9.28441061200081208e+00 4.14531236164389971e-01
6.60561170946421861e-01 8.66056117094803213e+00 4.20540522638016612e-01
1.59101550095155364e+00 9.07955321353636435e+00 4.62299456020394295e-01
2.48604479129272260e+00 9.52556057830939906e+00 4.62299456020394295e-01
3.38107408163389156e+00 9.97156794308243022e+00 4.62299456020394295e-01
6.60561170946421861e-01 9.75600931716000019e+00 4.20540522638016612e-01
1.57292728609787336e+00 1.01963077622604388e+01 4.46990664264830584e-01
2.46806146581315033e+00 1.06423673950808357e+01 4.46990664264830584e-01
3.30599821586361742e+00 1.23059982158654293e+01 4.46990664264830584e-01
2.41629962477225035e+00 1.18485990585153367e+01 4.46990664264830584e-01
6.67002900724606995e-01 1.08710062781198395e+01 4.46990664264830584e-01
1.56213708043988309e+00 1.13170659109402365e+01 4.46990664264830584e-01
6.67842234632064269e-01 1.19972931905804465e+01 4.50584471926796182e-01
2.41126861229467959e+00 1.29860151700814477e+01 4.50584471926796182e-01
1.52165441906091203e+00 1.25286568423997089e+01 4.50584471926796182e-01
4.43589111207645903e+00 1.04358911120776661e+01 7.72816539666149327e-02
3.32222401014551849e+00 1.11739005426559359e+01 4.46990664264830584e-01
1.55745642786583094e+00 1.36838344534837582e+01 4.50584471926796182e-01
6.67842234632064269e-01 1.32264761258020194e+01 4.50584471926796182e-01
1.29141044469285973e+01 6.48699655733994796e-01 -3.76098732331367813e-01
1.32823507831411369e+01 1.57842847788113261e+00 -3.76098732331367813e-01
1.18253005191249727e+01 6.30404323200897565e-01 -3.15305555773154444e-01
1.22094367239455472e+01 1.58635742140469471e+00 -3.77769303241618559e-01
1.25561149927932973e+01 2.52464472880758350e+00 -3.77769303241618559e-01
1.07732401249161462e+01 6.30174795790315656e-01 -3.14589453073431113e-01
1.10837705672898110e+01 1.58143334944270020e+00 -3.15911740788692941e-01
1.14671590841297899e+01 2.50818253251812440e+00 -3.15911740788692941e-01
1.18139992604924551e+01 3.44687784371048789e+00 -3.15911740788692941e-01
1.22413784639433381e+01 4.35924830612875169e+00 -3.15911740788692941e-01
9.71961637597067707e+00 6.27912973954806830e-01 -3.07585885302955497e-01
1.00268829413087488e+01 1.57954821354875463e+00 -3.07585885302955497e-01
1.03374384834817654e+01 2.53013865133611748e+00 -3.07585885302955497e-01
1.07210356318287587e+01 3.45752612786345814e+00 -3.07585885302955497e-01
1.10679849756638369e+01 4.39655542927522713e+00 -3.07585885302955497e-01
8.66482898856352435e+00 6.21658753704130262e-01 -2.88694713010988313e-01
8.96572755468405092e+00 1.57857992446905193e+00 -2.94845511911645985e-01
9.27303693835900233e+00 2.53034995375919536e+00 -2.94845511911645985e-01
9.58364861075428465e+00 3.48111708630303784e+00 -2.94845511911645985e-01
9.96759751970924768e+00 4.40961188527542358e+00 -2.94845511911645985e-01
1.03147502949307679e+01 5.34928157715482921e+00 -2.94845511911645985e-01
7.91281383339594324e+00 1.58816210637841504e+00 -3.07672069824271255e-01
8.21565467919164405e+00 2.54120325035812122e+00 -3.07672069824271255e-01
8.52292111058815749e+00 3.49283810868588240e+00 -3.07672069824271255e-01
8.83347642513797382e+00 4.44342788290351809e+00 -3.07672069824271255e-01
9.21707126537962651e+00 5.37080842646331913e+00 -3.07672069824271255e-01
7.16056222697534750e+00 2.52288829139148518e+00 -3.07672069824271255e-01
7.46340307277104831e+00 3.47592943537119137e+00 -3.07672069824271255e-01
7.77268103565236679e+00 4.43033362896555705e+00 -3.14222414817247442e-01
8.08322659310757174e+00 5.38089338038494969e+00 -3.14222414817247442e-01
6.85772138117964669e+00 1.56984714741177900e+00 -3.07672069824271255e-01
6.40442829123426183e+00 3.44539677318429138e+00 -3.07672069824271255e-01
6.70991820322954347e+00 4.40227025079156409e+00 -3.16621469037775882e-01
7.02127595339255794e+00 5.35256302221194513e+00 -3.16621469037775882e-01
5.64540079760007085e+00 4.37087548738880560e+00 -3.03742134782983508e-01
5.96048793931397558e+00 5.32667902933354309e+00 -3.16621469037775882e-01
1.37044486566763553e+01 2.55003035227240460e+00 -5.01766443264327511e-01
1.29814002701497486e+01 3.43173853818195873e+00 -3.77769303241618559e-01
6.10158744543856191e+00 2.49235562920458609e+00 -3.07672069824271255e-01
5.34545350969747712e+00 3.41486411099739229e+00 -3.07672069824271255e-01
