# n = 228
# s = 15.604601475738589
# x y theta(rad)
5.00000000000000999e-01 1.51046014757385851e+01 1.57079632679489567e+00
1.50000000000060663e+00 1.51046014757385851e+01 1.57079632679489478e+00
2.50000000000121503e+00 1.51046014757385834e+01 1.57079632679489367e+00
3.50000000000182077e+00 1.51046014757385780e+01 1.57079632679489256e+00
4.50000000000242828e+00 1.51046014757385834e+01 1.57079632679489167e+00
5.50000000000303579e+00 1.51046014757385834e+01 1.57079632679489234e+00
6.50000000000364597e+00 1.51046014757385763e+01 1.57079632679489256e+00
7.50000000000425793e+00 1.51046014757385851e+01 4.72984227290463313e-15
8.50000000000487077e+00 1.51046014757385461e+01 1.16587994033221214e-14
9.50000000000548006e+00 1.51046014757385780e+01 7.92379480405425521e-15
1.05000000000060858e+01 1.51046014757385834e+01 5.28834763354281896e-15
1.15000000000066951e+01 1.51046014757385851e+01 3.03687289847013311e-15
5.00000000000002776e-01 1.41046014757379812e+01 1.57079632679489323e+00
1.50000000000061817e+00 1.41046014757379705e+01 1.57079632679487347e+00
2.50000000000122569e+00 1.41046014757379528e+01 1.57079632679487347e+00
3.50000000000183142e+00 1.41046014757379314e+01 1.57079632679487458e+00
4.50000000000244071e+00 1.41046014757379741e+01 1.57079632679488146e+00
5.50000000000304645e+00 1.41046014757379634e+01 1.57079632679488124e+00
6.50000000000365485e+00 1.41046014757377858e+01 1.57079632679488523e+00
7.50000000000426947e+00 1.41046014757379812e+01 9.45968454580926626e-15
8.50000000000488143e+00 1.41031080535767170e+01 1.87797427514589861e-14
9.50000000000548717e+00 1.41046014757378781e+01 1.83608637309803467e-14
1.05000000000060894e+01 1.41046014757379741e+01 1.77499984927823301e-14
5.00000000000008105e-01 1.31046014757373737e+01 1.57079632679489412e+00
1.50000000000062794e+00 1.31046014757372493e+01 1.57079632679488634e+00
2.50000000000124523e+00 1.31046014757373275e+01 1.57079632679488923e+00
3.50000000000185807e+00 1.31035070998274126e+01 1.57079632679489389e+00
4.50000000000246558e+00 1.31046014757373559e+01 1.57079632679489434e+00
5.50000000000314060e+00 1.31046014757370646e+01 1.35489909832319817e-13
6.50000000000375255e+00 1.31046014757279021e+01 1.44687794990329915e-13
7.50000000000436007e+00 1.31046014757373026e+01 1.51512032365627755e-13
8.50000000000509282e+00 1.31022161848993353e+01 1.01962134901508737e-13
9.50000000000572697e+00 1.31046014757372209e+01 6.83470935080979441e-14
5.00000000000004552e-01 1.21046014757367697e+01 1.57079632679489545e+00
1.50000000000062972e+00 1.21046014757366098e+01 1.57079632679489212e+00
2.50000000000124700e+00 1.21046014757367164e+01 2.72271363311115397e-15
3.50000000000192024e+00 1.21029669903680883e+01 3.96015207277513414e-14
4.50000000000256151e+00 1.21046014757367519e+01 1.57079632679489500e+00
5.50000000000329692e+00 1.21046014757363825e+01 2.16036854811858137e-13
6.50000000000396394e+00 1.21046014757256035e+01 1.82090200860568386e-13
7.50000000000460165e+00 1.21046014757366986e+01 1.59802346312600818e-13
8.50302665688583481e+00 1.21012472998918366e+01 2.61591866066850001e-04
5.00000000000006328e-01 1.11046014757361657e+01 1.57079632679489611e+00
1.50000000000066525e+00 1.11046014757359774e+01 1.57079632679487458e+00
2.50000000000130917e+00 1.11046014757361053e+01 1.57079632679489412e+00
3.50000000000202860e+00 1.11025081874578824e+01 5.19759051243911361e-14
4.50000000000271605e+00 1.11046014757361480e+01 1.57079632679489478e+00
5.50000000000352252e+00 1.11046014757357323e+01 2.42618219319731766e-13
6.50138615755058158e+00 1.11046014757242109e+01 2.44346095279206155e-16
7.50215055924924901e+00 1.11046014757360947e+01 1.63956229932347314e-13
5.00000000000008993e-01 1.01046014757355618e+01 4.36332312998582387e-16
1.50000000000065015e+00 1.01046014757353539e+01 1.57079632679486858e+00
2.50000000000133760e+00 1.01046014757354889e+01 1.57079632679488657e+00
3.50000000000207212e+00 1.01020663082462878e+01 1.57079632679472492e+00
4.50000000000292921e+00 1.01046014757355422e+01 1.57079632679489434e+00
5.50000000000666134e+00 1.01046014757350644e+01 1.82910505609005747e-13
6.50000000000789147e+00 1.01046014757230171e+01 3.39815605363295981e-14
5.00000000000004552e-01 9.10460147573495604e+00 3.14159265358979285e-16
1.50000000000062705e+00 9.10460147573473044e+00 1.57079632679488079e+00
2.50000000000124878e+00 9.10460147573487433e+00 1.57079632679488079e+00
3.50000000000189893e+00 9.10159960194931195e+00 1.57079632679479930e+00
4.50000000000263345e+00 9.10460147573493650e+00 1.57079632679489389e+00
5.50000000000332712e+00 9.10460147573439471e+00 1.17757364632057410e-13
1.50000000000062261e+00 8.10460147573410516e+00 1.12748269678833686e-14
5.00000000000002776e-01 8.10460147573435385e+00 6.45771823237901977e-16
2.50000000000123634e+00 8.10460147573425438e+00 6.31809189221947331e-15
3.50000000000184741e+00 8.10108324582387063e+00 2.18166156499291184e-15
4.50000000000245670e+00 8.10460147573433254e+00 1.57079632679489345e+00
5.00000000000004552e-01 7.10460147573374812e+00 9.59931088596881311e-16
1.50000000000064126e+00 7.10460147573347722e+00 3.91302818297128682e-14
2.50000000000156142e+00 7.10460147573331735e+00 6.52177181592721206e-13
3.50185587073887650e+00 7.10042055395462945e+00 2.43740216991852107e-04
5.00000000000020539e-01 6.10460147573314416e+00 6.45771823237901977e-16
1.50000000000115463e+00 6.10460147573286349e+00 3.79085513533168414e-14
2.50123836114820364e+00 6.10460147573269296e+00 6.80259529257309892e-13
5.00000000000006328e-01 5.10460147573254019e+00 3.14159265358979285e-16
1.50000000000063860e+00 5.10460147573224887e+00 3.66170077068410383e-14
5.00000000000000111e-01 4.10460147573193534e+00 1.57079632679489643e-16
1.51046014757385318e+01 1.51034785568576790e+01 1.11177473352038790e-13
1.41046014757377307e+01 1.51046014757385869e+01 2.26892802759262837e-15
1.31046014757369527e+01 1.51046014757385052e+01 1.57079632679486214e+00
1.51046014757385869e+01 1.39199943890931568e+01 7.67944870877505029e-16
1.41046014757379794e+01 1.41046014757379812e+01 3.05432619099007681e-15
1.51046014757385834e+01 5.00000000000001110e-01 2.14675497995302562e-15
1.41046014757379758e+01 5.00000000000002887e-01 5.70722665402145834e-15
1.31046014757373648e+01 5.00000000000014433e-01 2.84488668075075752e-15
1.21046014757367590e+01 5.00000000000011768e-01 1.74532925199432950e-16
1.11046014757361533e+01 5.00000000000025091e-01 1.57079632679489456e+00
1.01046014757355458e+01 5.00000000000003775e-01 1.57079632679489323e+00
9.10460147573493650e+00 5.00000000000004663e-01 1.57079632679489212e+00
8.10460147573433076e+00 5.00000000000006439e-01 1.57079632679489212e+00
7.10460147573371614e+00 5.00000000000001110e-01 1.98967534727353546e-15
6.10460147573310330e+00 5.00000000000041966e-01 9.91347015132779225e-15
5.10460147573249579e+00 5.00000000000038414e-01 6.44026493985907567e-15
4.10460147573188916e+00 5.00000000000001998e-01 9.94837673636767729e-16
3.10460147573128342e+00 5.00000000000000222e-01 4.88692190558412309e-16
1.51046014757385851e+01 1.50000000000060774e+00 3.82227106186758194e-15
1.41046014757379723e+01 1.50000000000061395e+00 1.74358392274233522e-14
1.31046014757373612e+01 1.50000000000065659e+00 1.42069801112338411e-14
1.21046014757367519e+01 1.50000000000073119e+00 8.25540736193317884e-15
1.11046014757361426e+01 1.50000000000072853e+00 1.57079632679489345e+00
1.01046014757355316e+01 1.50000000000061839e+00 1.57079632679488190e+00
9.10460147573492407e+00 1.50000000000062284e+00 1.57079632679488013e+00
8.10460147573432010e+00 1.50000000000063705e+00 1.57079632679488079e+00
7.10460147573370193e+00 1.50000000000060507e+00 4.13643032722656068e-15
6.10460147573308731e+00 1.50150653183394600e+00 1.27932634171184356e-14
5.10460147573247802e+00 1.50000000000071965e+00 5.55014702134196778e-15
4.10460147573187051e+00 1.50000000000060862e+00 1.57079632679489567e+00
1.51046014757385834e+01 2.50000000000121503e+00 5.06145483078355518e-15
1.41046014757379652e+01 2.50000000000122391e+00 2.75238423039505791e-14
1.31046014757373541e+01 2.50000000000128075e+00 3.10319541004591799e-14
1.21046014757367413e+01 2.50000000000143174e+00 1.69296937443449939e-14
1.11046014757361249e+01 2.50000000000139089e+00 1.57079632679489145e+00
1.01046014757355138e+01 2.50000000000122835e+00 1.57079632679488190e+00
9.10460147573490453e+00 2.50000000000124611e+00 1.57079632679488390e+00
8.10460147573429701e+00 2.50000000000132339e+00 1.57079632679489123e+00
7.10460147573368239e+00 2.50000000000121148e+00 7.85398163397448356e-15
6.10460147573276224e+00 2.50241270121882931e+00 7.92379480405425521e-15
5.10460147573214051e+00 2.50000000000135358e+00 2.47836753783194806e-15
1.51046014757385816e+01 3.50000000000182077e+00 5.53269372882202527e-15
1.41046014757379545e+01 3.50000000000182965e+00 3.01243828894221248e-14
1.31046014757373079e+01 3.50000000000192113e+00 8.44041226264457806e-14
1.21046014757366063e+01 3.50000000000207478e+00 2.63544717051143767e-14
1.11046014757359508e+01 3.50000000000203837e+00 1.57079632679486592e+00
1.01046014757353237e+01 3.50000000000184386e+00 1.57079632679486170e+00
9.10460147573466827e+00 3.50000000000190603e+00 1.57079632679479597e+00
8.10460147573403589e+00 3.50000000000207301e+00 1.57079632679482284e+00
7.10460147573337153e+00 3.50000000000181721e+00 1.36310214580757143e-14
6.10099578992325053e+00 3.50340802288681719e+00 2.86585737260766171e-04
1.51046014757385745e+01 4.50000000000242828e+00 6.63225115757845205e-15
1.41046014757378906e+01 4.50000000000243539e+00 3.12937534882583303e-14
1.31046014757371907e+01 4.50000000000253664e+00 8.48230016469244136e-14
1.21046014757283995e+01 4.50000000000270273e+00 3.58665161284834721e-14
1.11046014757266001e+01 4.50000000000270362e+00 1.57079632679487657e+00
1.01034351768507502e+01 4.50000000000245048e+00 1.57079632679486036e+00
9.10285077806430820e+00 4.50000000000264500e+00 1.57079632679474424e+00
8.10233846463136231e+00 4.50000000000455813e+00 1.57079632679482883e+00
7.10182469548734741e+00 4.50000000000242206e+00 1.72962128872638057e-14
1.51046014757385603e+01 5.50000000000303579e+00 7.87143492649442608e-15
1.41046014757378373e+01 5.50000000000304112e+00 3.19744318965361138e-14
1.31046014757371481e+01 5.50000000000315836e+00 6.95339173994540859e-14
1.21046014757364784e+01 5.50000000000332889e+00 3.85019632989949123e-14
1.11046014757358087e+01 5.50000000000335909e+00 1.57079632679488590e+00
1.01046014757252927e+01 5.50000000000305711e+00 1.57079632679486014e+00
9.10460147572409184e+00 5.50000000000332712e+00 1.57079632679481107e+00
8.10460147572283418e+00 5.50000000000621903e+00 3.25416639034342759e-13
1.51046014757385780e+01 6.50000000000364420e+00 9.05825881785057098e-15
1.41046014757379510e+01 6.50000000000364597e+00 3.27074701823737311e-14
1.31046014757373328e+01 6.50000000000378453e+00 4.10675972994265761e-14
1.21046014757367164e+01 6.50000000000396216e+00 3.01767427669819586e-14
1.11046014757360823e+01 6.50000000000399414e+00 1.57079632679488124e+00
1.01046014757351923e+01 6.50000000000366374e+00 1.57079632679485992e+00
9.10460147573454215e+00 6.50000000000398348e+00 1.57079632679483572e+00
1.51046014757385816e+01 7.50000000000425171e+00 9.70403064108847098e-15
1.41046014757379652e+01 7.50000000000425082e+00 3.27074701823737311e-14
1.31046014757373541e+01 7.50000000000440092e+00 3.62853951489621115e-14
1.21046014757367413e+01 7.50000000000460521e+00 2.79252680319092728e-14
1.11046014757361071e+01 7.50000000000462119e+00 1.57079632679486991e+00
1.01046014757354996e+01 7.50000000000426859e+00 1.57079632679486014e+00
1.51046014757385798e+01 8.50000000000486367e+00 8.63937979737193160e-15
1.41046014757379510e+01 8.50000000000485656e+00 3.27423767674136224e-14
1.31046014757373044e+01 8.50000000000503242e+00 7.32514687062020064e-14
1.21022071296324931e+01 8.50000000000525446e+00 6.32507320922745016e-14
1.11009896722487991e+01 8.50150811857020017e+00 1.57074579225892741e+00
1.51046014757385780e+01 9.50000000000547473e+00 9.02335223281068436e-15
1.41046014757378835e+01 9.50000000000546230e+00 3.21838714067754366e-14
1.31033386313868299e+01 9.50000000000564704e+00 6.92023048415751654e-14
1.21023807659817013e+01 9.50000000000588152e+00 9.13854396344230909e-14
1.51046014757385709e+01 1.05000000000060858e+01 1.80641577581413081e-14
1.41046014757379368e+01 1.05000000000060663e+01 3.14682864134577618e-14
1.31046014757373044e+01 1.05000000000062599e+01 6.51880475619882095e-14
1.51046014757385798e+01 1.17631238691994131e+01 1.52018177848706120e-14
1.41046014757379758e+01 1.15000000000066702e+01 3.06828882500603106e-14
1.51036109907198828e+01 1.27653807176243337e+01 1.57076544136581120e+00
5.00000000000095146e-01 5.00000000000001110e-01 1.74532925199432950e-16
1.50000000000089706e+00 5.00000000000087264e-01 1.57079632679483883e+00
5.00000000000000999e-01 1.50000000000060685e+00 4.36332312998582387e-16
7.08445300811551104e-01 2.74333686632660090e+00 8.21816273617306137e-01
1.56614298123361628e+00 2.09086536120089850e+00 6.70646155738323535e-01
2.31449292111560645e+00 1.40808207282812625e+00 6.70646155738324090e-01
1.48420329996600842e+00 3.39103678460620817e+00 8.21602052735240451e-01
2.33445040029888595e+00 2.83686682578811844e+00 8.21602052735241672e-01
3.07329660905937629e+00 2.16292288736156646e+00 8.21602052735243338e-01
2.22241056592184538e+00 4.13403847594593543e+00 7.22962704817745827e-01
3.15950515828187495e+00 3.44336835029598465e+00 8.33687547284209129e-01
3.89831897298501318e+00 2.76945454134222402e+00 8.33687547283886388e-01
2.94942233428012113e+00 4.89851167813058463e+00 8.39037269702880950e-01
3.73378977991100935e+00 4.27528015011186291e+00 8.39037269702995858e-01
4.47558109098124568e+00 3.60464121653281833e+00 8.39037269702969213e-01
3.70564450212174190e+00 5.64224111716209187e+00 8.43161278319315088e-01
4.45304168464923933e+00 4.97341261976269511e+00 8.39037269703027278e-01
5.19729621077551673e+00 4.30363665490658853e+00 8.39526034916475594e-01
4.43378455735502364e+00 6.33284769064668662e+00 8.43161278319306207e-01
5.18063451062450397e+00 5.66405418834546559e+00 8.39037269703101440e-01
5.92834478592682501e+00 4.99751359556388142e+00 8.41439577401078220e-01
5.15636782461053844e+00 7.02840351474563896e+00 8.43161278319302765e-01
5.90250009523142083e+00 6.36260512501801667e+00 8.43161278319301877e-01
6.65675589106980592e+00 5.70592745088615150e+00 8.43161278319300878e-01
5.78329522023193743e+00 7.80915691761607178e+00 8.43161278319302432e-01
6.56760556564087139e+00 7.10935455637552849e+00 8.43161278319416785e-01
7.33098207706754668e+00 6.44455335703272247e+00 8.43161278319301322e-01
1.38950897876286525e+01 1.28615286242262403e+01 8.21479196393843369e-01
1.30384584945044359e+01 1.35137361145377017e+01 6.70646155738079619e-01
1.22901085546222699e+01 1.41965194029103916e+01 6.70646155738080285e-01
1.31203981757720882e+01 1.22135646911325235e+01 8.21602052735252775e-01
1.22701510754390526e+01 1.27677346499504427e+01 8.21602052735253663e-01
1.15313048666784361e+01 1.34416785883768579e+01 8.21602052735254995e-01
1.23821909098163161e+01 1.14705629997927794e+01 7.22962704817828983e-01
1.14450963174561320e+01 1.21612331254423633e+01 8.33687547284441610e-01
1.07062825027528632e+01 1.28351469343960058e+01 8.33687547284090336e-01
1.16551791414579675e+01 1.07060897976082305e+01 8.39037269702906485e-01
1.08708116958268857e+01 1.13293213256267311e+01 8.39037269703017841e-01
1.01290265038456866e+01 1.19999670726504117e+01 8.39037269702991861e-01
1.08984464175268627e+01 9.96281509430670731e+00 8.43161278319314755e-01
1.01510920218332217e+01 1.06316089550411590e+01 8.39037269703057809e-01
9.40694640956800399e+00 1.13013537732349985e+01 8.39481061534779971e-01
1.01709882030446774e+01 9.27160122740552417e+00 8.43161278319306096e-01
9.42397357590829721e+00 9.94054135030185471e+00 8.39037269703121757e-01
8.67596002707203340e+00 1.06072267985742084e+01 8.41637379934533247e-01
9.44823365112739566e+00 8.57619796099293730e+00 8.43161278319302876e-01
8.70210138050650883e+00 9.24199635072055337e+00 8.43161278319302432e-01
7.94784558466812818e+00 9.89867402485242032e+00 8.43161278319301655e-01
8.83584735378464892e+00 7.78249327405749458e+00 8.43161278319301877e-01
8.03699591009705827e+00 8.49524691936303888e+00 8.43161278319418561e-01
6.54754634684149917e+00 8.46760053240773836e+00 8.43161278319301877e-01
7.27361939867089102e+00 9.16004811870540081e+00 8.43161278319302099e-01
7.30230073786899680e+00 7.80230073786925438e+00 8.55450995554423943e-01
8.05705512889649889e+00 7.13700094333077306e+00 8.43161278319301433e-01
