# n = 236
# s = 15.872305998654513
# x y theta(rad)
5.00000000000016098e-1 1.53723059986544168e1 0.00000000000000000e0
1.50027250702464698e0 1.53723059986545127e1 0.00000000000000000e0
2.50027250702469672e0 1.53723059986545127e1 0.00000000000000000e0
3.50027250702470649e0 1.53723059986545127e1 0.00000000000000000e0
4.50027250702478199e0 1.53723059986545127e1 0.00000000000000000e0
5.50027250702478465e0 1.53723059986544559e1 0.00000000000000000e0
6.50027250702487702e0 1.53723059986545127e1 0.00000000000000000e0
7.50027250702492321e0 1.53723059986544097e1 0.00000000000000000e0
8.50096666172209048e0 1.53723059986545127e1 0.00000000000000000e0
9.50096666172214555e0 1.53723059986545127e1 0.00000000000000000e0
1.05009666617221971e1 1.53723059986545127e1 0.00000000000000000e0
1.15009666617222699e1 1.53723059986544701e1 0.00000000000000000e0
1.25009666617223036e1 1.53723059986544808e1 0.00000000000000000e0
5.00000000000077383e-1 1.43723059986543138e1 0.00000000000000000e0
1.50019587767924900e0 1.43723059986189678e1 -7.10524841545633524e-11
2.50019587790254683e0 1.43723059986544524e1 0.00000000000000000e0
3.50019587790256193e0 1.43723059986544062e1 0.00000000000000000e0
4.50000000115200383e0 1.03723058026855508e1 0.00000000000000000e0
5.50019587790261077e0 1.43723059986544346e1 0.00000000000000000e0
6.50019587812864863e0 1.43723059984284927e1 4.52024631248464891e-10
7.50019587835472912e0 1.43723059986543031e1 0.00000000000000000e0
8.50027250689242919e0 1.43723059985220853e1 -2.65131362879318883e-10
9.50060328767271045e0 1.43723059986544310e1 0.00000000000000000e0
1.05006032879061539e1 1.43723059984210746e1 4.66871023436202518e-10
1.15031841782409820e1 1.43723059986544417e1 0.00000000000000000e0
5.00000000000016098e-1 1.33723059986542232e1 0.00000000000000000e0
1.50000000052633942e0 1.33723059981283754e1 -1.05258561645326306e-9
2.50019587764382489e0 1.33723059986544062e1 0.00000000000000000e0
3.50019587764387552e0 1.33723059986543067e1 0.00000000000000000e0
4.50019587790260100e0 1.43723059986544861e1 0.00000000000000000e0
5.50019587764389772e0 1.33723059986544275e1 0.00000000000000000e0
6.50019587786675590e0 1.33723059984252455e1 4.45653072592771918e-10
7.50019587808959187e0 1.33723059986543031e1 0.00000000000000000e0
8.50019587822224132e0 1.33723059985221031e1 -2.65136812657924437e-10
9.50027250675997692e0 1.33723059986544168e1 0.00000000000000000e0
1.05002725069946727e1 1.33723059984197175e1 4.69276628406232172e-10
5.00000000000000000e-1 1.23723059986541504e1 0.00000000000000000e0
1.50000000053741633e0 1.23723059981171719e1 -1.07481709072791613e-9
2.50000000107485221e0 1.23723059986543813e1 0.00000000000000000e0
3.50031303669579597e0 1.23719929630334864e1 6.26267387969297760e-4
4.50019587764388262e0 1.33723059986543902e1 0.00000000000000000e0
5.60003219028205379e0 1.23723059982024157e1 0.00000000000000000e0
6.60003219048582057e0 1.23723059984505834e1 4.07415260673766220e-10
7.60003219068958380e0 1.23723059986282014e1 0.00000000000000000e0
8.61260308123459595e0 1.23723059983894750e1 0.00000000000000000e0
9.61260308123470608e0 1.23723059981850110e1 0.00000000000000000e0
5.00000000000058731e-1 1.13723059986541184e1 0.00000000000000000e0
1.50000000056833649e0 1.03723059980710310e1 -1.13659616422365704e-9
2.50000000115193322e0 1.13723059986543706e1 0.00000000000000000e0
3.50000000115196563e0 1.13716799274126483e1 0.00000000000000000e0
4.60003219028199428e0 1.23723059986543742e1 0.00000000000000000e0
5.50000085558940910e0 1.13723059982023837e1 0.00000000000000000e0
6.50000085558947394e0 1.13723059982023109e1 0.00000000000000000e0
7.50000085608985501e0 1.13723059986134913e1 0.00000000000000000e0
8.50000085608987987e0 1.13723059983894306e1 0.00000000000000000e0
5.00000000000000000e-1 1.03723059986541113e1 0.00000000000000000e0
2.50000000113665166e0 1.03723059986542676e1 0.00000000000000000e0
1.50000000057601746e0 1.13723059980786445e1 -1.15175567494763247e-9
3.50000000113667120e0 1.03716799274126359e1 0.00000000000000000e0
4.50000085558939311e0 1.13723058026856627e1 0.00000000000000000e0
5.50000000115202781e0 1.03723058026856485e1 0.00000000000000000e0
6.50000085558944019e0 1.03723059982022416e1 0.00000000000000000e0
7.50000085558952634e0 1.03723059986134452e1 0.00000000000000000e0
5.00000000000000000e-1 9.37230599865409708e0 0.00000000000000000e0
1.50000000056822280e0 9.37230599807084275e0 -1.13625681430680480e-9
2.50000000113638876e0 9.37230599865424097e0 0.00000000000000000e0
3.50003277071042040e0 9.37164715719425878e0 -6.55425846940866486e-5
4.50006554092888233e0 9.37230580268548152e0 0.00000000000000000e0
5.50006554092891964e0 9.37230580268554903e0 0.00000000000000000e0
6.51886830759050984e0 9.37230599820217058e0 0.00000000000000000e0
5.00000000000000000e-1 8.37230599865399761e0 0.00000000000000000e0
1.50000000024604319e0 8.37230599774864359e0 -4.91907634560849938e-10
2.50000000049201176e0 8.37230599865414504e0 0.00000000000000000e0
3.50000000049205395e0 8.37161438697587812e0 0.00000000000000000e0
4.50000004174617096e0 8.37228505684681679e0 -1.11088263954691985e-9
5.50000004230169903e0 8.37230580268541402e0 0.00000000000000000e0
5.00000000000002331e-1 7.37230599750255244e0 0.00000000000000000e0
1.50000000005988809e0 7.37230599756251515e0 -1.19732228625898725e-10
2.50000000008207834e0 7.37230599857212798e0 -1.63992788329173579e-10
3.50000000008608758e0 7.37161438688982695e0 -1.71962386445498192e-10
4.50000000055333516e0 7.37228505684447999e0 -1.10622119645896170e-9
5.00000000000017431e-1 6.37230599750250803e0 0.00000000000000000e0
1.50000000000003997e0 6.37230599750258619e0 0.00000000000000000e0
2.50000000000005773e0 6.37230599849013046e0 0.00000000000000000e0
3.50000000000009814e0 6.37161438680378467e0 0.00000000000000000e0
5.00000000000063172e-1 5.37230599750248761e0 0.00000000000000000e0
1.50000000000008171e0 5.37230599750250626e0 0.00000000000000000e0
2.50000000000008171e0 5.37230599849008339e0 0.00000000000000000e0
5.00000000000045408e-1 4.37230599750245741e0 0.00000000000000000e0
1.50000000000007772e0 4.37230599750248583e0 0.00000000000000000e0
5.00000000000012990e-1 3.37230599750239479e0 0.00000000000000000e0
1.53723059986545127e1 5.00519780071959075e-1 0.00000000000000000e0
1.43723059986544150e1 5.00000000000000000e-1 0.00000000000000000e0
1.33723059986543067e1 5.00000000000000000e-1 0.00000000000000000e0
1.23723059986542321e1 5.00000000000036304e-1 0.00000000000000000e0
1.13723059986541237e1 5.00000000000039857e-1 0.00000000000000000e0
1.03723059986541237e1 5.00000000000028311e-1 0.00000000000000000e0
9.37230599865411662e0 5.00000000000058509e-1 0.00000000000000000e0
8.37230599865404379e0 5.00000000000029199e-1 0.00000000000000000e0
7.37230599865399405e0 5.00000000000032752e-1 0.00000000000000000e0
6.37230599865395142e0 5.00000000000037192e-1 0.00000000000000000e0
5.37230599865389902e0 5.00000000000000000e-1 0.00000000000000000e0
4.37230599865383951e0 5.00000000000000000e-1 0.00000000000000000e0
3.37230599865380576e0 5.00000000000000000e-1 0.00000000000000000e0
2.37230599865379155e0 5.00000000000000000e-1 0.00000000000000000e0
1.53723059986544079e1 1.50051978007203868e0 0.00000000000000000e0
1.43723059986543440e1 1.50000000000000355e0 0.00000000000000000e0
1.33723059986542854e1 1.50000000000011346e0 0.00000000000000000e0
1.23723059986541823e1 1.50000000000005596e0 0.00000000000000000e0
1.13723059986541557e1 1.50000000000006040e0 0.00000000000000000e0
1.03723059986541468e1 1.50000000000007061e0 0.00000000000000000e0
9.37230599865414682e0 1.50000000000008349e0 0.00000000000000000e0
8.37230599865408820e0 1.50000000000004619e0 0.00000000000000000e0
7.37230599865400205e0 1.50000000000004885e0 0.00000000000000000e0
6.37230599865392389e0 1.50000000000006661e0 0.00000000000000000e0
5.37230599865392033e0 1.50000000000000910e0 0.00000000000000000e0
4.37230599865389191e0 1.50000000000001066e0 0.00000000000000000e0
3.37230599865385550e0 1.50000000000007194e0 0.00000000000000000e0
1.53723059986545127e1 2.51098644148865002e0 0.00000000000000000e0
1.43723059986544897e1 2.50051978007210973e0 0.00000000000000000e0
1.33723059986544897e1 2.50000000000017497e0 0.00000000000000000e0
1.23723059986542516e1 2.50000000000007283e0 0.00000000000000000e0
1.13723059986542143e1 2.50000000000007905e0 0.00000000000000000e0
1.03723059986541557e1 2.50000000000015987e0 0.00000000000000000e0
9.37230599865410063e0 2.50000000000015721e0 0.00000000000000000e0
8.37230599865402425e0 2.50000000000008615e0 0.00000000000000000e0
7.37230599865394787e0 2.50000000000007017e0 0.00000000000000000e0
6.37230599865393188e0 2.50000000000011635e0 0.00000000000000000e0
5.37230599865391145e0 2.50000000000011280e0 0.00000000000000000e0
4.37230599865381464e0 2.50000000000008837e0 0.00000000000000000e0
1.53723059986545127e1 3.51098644148872197e0 0.00000000000000000e0
1.43723059986544968e1 3.50051978007214970e0 0.00000000000000000e0
1.33723059986544328e1 3.50000000000027889e0 0.00000000000000000e0
1.23723059986543618e1 3.50000000000015632e0 0.00000000000000000e0
1.13723059986542978e1 3.50000000000018563e0 0.00000000000000000e0
1.03723059986542392e1 3.50000000000021672e0 0.00000000000000000e0
9.37230599865416281e0 3.50000000000017053e0 0.00000000000000000e0
8.37230599865410419e0 3.50000000000015987e0 0.00000000000000000e0
7.37230599865403313e0 3.50000000000017231e0 0.00000000000000000e0
6.37230599865398339e0 3.50000000000014877e0 0.00000000000000000e0
5.37230599865389102e0 3.50000000000012301e0 0.00000000000000000e0
1.53723059986544950e1 4.51098644148872729e0 0.00000000000000000e0
1.43723059986544257e1 4.50051978007217546e0 0.00000000000000000e0
1.33723059986543831e1 4.50000000000032330e0 0.00000000000000000e0
1.23723059986543120e1 4.50000000000016254e0 0.00000000000000000e0
1.13723059986542747e1 4.50000000000023892e0 0.00000000000000000e0
1.03723059986542037e1 4.50000000000025846e0 0.00000000000000000e0
9.37230599865410774e0 4.50000000000024070e0 0.00000000000000000e0
8.37230599865402425e0 4.50000000000022826e0 0.00000000000000000e0
7.37230599865392211e0 4.50000000000021672e0 0.00000000000000000e0
6.37230599865385194e0 4.50000000000025313e0 0.00000000000000000e0
1.53723059986545127e1 5.51098644148875660e0 0.00000000000000000e0
1.43723059986544506e1 5.50051978007225895e0 0.00000000000000000e0
1.33723059986543902e1 5.50019738934521651e0 0.00000000000000000e0
1.23723059986543387e1 5.50000000000026645e0 0.00000000000000000e0
1.13723059986542978e1 5.50000000000034994e0 0.00000000000000000e0
1.03723059986542925e1 5.50000000000033484e0 0.00000000000000000e0
9.37228306823992519e0 5.50000000012369838e0 2.46926959309801114e-10
8.37228306811645950e0 5.50000000000029932e0 0.00000000000000000e0
7.37228306811644085e0 5.50000000000026645e0 0.00000000000000000e0
1.53723059986545127e1 6.51098644148878059e0 0.00000000000000000e0
1.43723059986544879e1 6.50051978007235398e0 0.00000000000000000e0
1.33723059986543991e1 6.50019738934522451e0 0.00000000000000000e0
1.23723059986543902e1 6.50000045142326055e0 0.00000000000000000e0
1.13723059986543404e1 6.50000000000041211e0 0.00000000000000000e0
1.03723055573121741e1 6.50000047163903805e0 8.82684721717467809e-7
9.37230511616025552e0 6.50000000019060042e0 3.80666402434404257e-10
8.37230511596984961e0 6.50000000000040234e0 0.00000000000000000e0
1.53723059986545074e1 7.51098644148889161e0 0.00000000000000000e0
1.43723059986544719e1 7.50051978007236642e0 0.00000000000000000e0
1.33723059986543618e1 7.50019738934526892e0 0.00000000000000000e0
1.23723059986543422e1 7.50000045142326144e0 0.00000000000000000e0
1.13723059986543351e1 7.50000001709585540e0 0.00000000000000000e0
1.03723059986542392e1 7.50000373279148480e0 0.00000000000000000e0
9.37230599865416991e0 7.50000003029726514e0 0.00000000000000000e0
1.53723059986545127e1 8.51098644148894579e0 0.00000000000000000e0
1.43723059986544719e1 8.50051978007239484e0 0.00000000000000000e0
1.33723059986544115e1 8.50019738934534885e0 0.00000000000000000e0
1.23723059986543102e1 8.50000045142335736e0 0.00000000000000000e0
1.13713388057669569e1 8.50000187674235441e0 -3.71929989052767350e-6
1.03713369729205365e1 8.50720941395066355e0 0.00000000000000000e0
1.53723059986545127e1 9.51098644148899197e0 0.00000000000000000e0
1.43723036670484863e1 9.50052211167848171e0 -4.66322288986462922e-6
1.33723036653618461e1 9.50019972077896568e0 -4.66287789065411687e-6
1.23723036317453889e1 9.50000275015674589e0 -4.59747724670451486e-6
1.13723036317327590e1 9.50000231140564111e0 -4.59747724355122719e-6
1.53723059986545127e1 1.05109864414890968e1 0.00000000000000000e0
1.43723036999214315e1 1.05005221445620709e1 -4.59747664647110936e-6
1.33723036983766796e1 1.05001997534883387e1 -4.59747998190119281e-6
1.23723036974591292e1 1.05000027501671731e1 -4.59747749427974313e-6
1.53723059986544257e1 1.15109864414891998e1 0.00000000000000000e0
1.43723059986543351e1 1.15009477208531923e1 0.00000000000000000e0
1.33723059986543120e1 1.15006290810814225e1 0.00000000000000000e0
1.53723059986544168e1 1.25109864414892709e1 0.00000000000000000e0
1.43723059986544008e1 1.25009477208532118e1 0.00000000000000000e0
1.53723059986544826e1 1.35109864414893348e1 0.00000000000000000e0
1.53723059986544026e1 1.53723059986544843e1 0.00000000000000000e0
5.00000000000021871e-1 5.08393881843887896e-1 0.00000000000000000e0
7.31139619919719674e0 8.45120001398387899e0 -7.40269886975127411e-1
8.16520116106993754e0 7.75188771314685354e0 7.83053502595291384e-1
6.55186085544693686e0 7.75622811246508448e0 -6.88117837887897044e-1
7.32039655652513677e0 7.11623735135845692e0 -6.88268053939595115e-1
5.70709369646187437e0 7.11786336878123027e0 7.79314571702369840e-1
6.56771720470214504e0 6.41047089186861019e0 -7.48902563939043087e-1
5.06778662322652984e0 6.28054100307230190e0 6.88546245572665194e-1
5.84911421466250303e0 5.62844092389977302e0 6.88546245572673632e-1
4.33023567860148173e0 5.48778649426047060e0 -7.01905515688660664e-1
5.16524114810310131e0 4.82735113967630092e0 -7.74507850239762652e-1
3.58529145971519414e0 4.79666356697535079e0 -6.88575585282429792e-1
4.35744417831925102e0 4.16122495071360454e0 -6.88575585282438563e-1
2.77239448682444012e0 4.16855688358380405e0 -6.87907446592042171e-1
3.55380010971295102e0 3.52749726703217137e0 -6.88575587678527112e-1
2.20770004471272507e0 3.33783366520454639e0 -6.88575587679047141e-1
2.98100357074402034e0 2.70379494410098520e0 -6.88575587678662004e-1
1.45593929884232853e0 2.62712087492497215e0 -6.34114922001724479e-1
2.23190124647235066e0 1.96855592246287481e0 -6.27362311057465760e-1
6.99024126064733076e-1 1.94242982548079324e0 -6.34054557294250976e-1
1.46356121067889600e0 1.28814568812195329e0 -6.34063346032711639e-1
8.80400023808311794e0 8.59132942876916772e0 6.88576225502553152e-1
8.02351039239644770e0 9.24411175868137036e0 6.88576225502555261e-1
8.70864273531154609e0 1.00305306210148579e1 7.70830051846460806e-1
9.53882625230554382e0 9.38885487913338324e0 -6.97687600030704513e-1
9.51485898701297295e0 1.07110781804206283e1 -6.88570518722586788e-1
1.02854631573541280e1 1.00737594452412811e1 -6.88570518722577019e-1
1.03229990287485283e1 1.13411074477367304e1 -6.88570664029848345e-1
1.10972568080162848e1 1.07037764192798281e1 -6.88257407600040061e-1
1.08912968730199342e1 1.21685113910444844e1 -6.88570664029851565e-1
1.16634519253706284e1 1.15330772283388221e1 -6.88570664033865354e-1
1.16379702258618813e1 1.28616367185473592e1 -6.86505240044797294e-1
1.24047019865764074e1 1.22190108025316864e1 -6.87244410409208473e-1
1.23989094297795432e1 1.35637290140641102e1 -7.47362469810832653e-1
1.31641831936126366e1 1.29181690580245370e1 -7.47125350338123662e-1
1.31328067978973433e1 1.43341055863232221e1 6.85856369420266510e-1
1.39097779993255131e1 1.36777516293610244e1 6.85923201466293708e-1
1.38457653346773952e1 1.53723059986544595e1 0.00000000000000000e0
1.45897760588444019e1 1.44258767119963558e1 6.86091651150901205e-1
