# n = 237
# s = 15.911191683008479
# x y theta(rad)
5.00000000000001665e-01 1.54090554063814906e+01 0.00000000000000000e+00
1.50000000000028333e+00 1.54111916830084770e+01 0.00000000000000000e+00
2.50000000000056577e+00 1.34111916830079121e+01 0.00000000000000000e+00
3.50000000000084910e+00 1.54096296142911573e+01 1.57079632679489656e+00
4.50000000000113154e+00 1.54111916830084770e+01 0.00000000000000000e+00
5.50000000000141398e+00 1.54111916830084770e+01 -5.18760812398245645e-17
6.50000000000169553e+00 1.54111916830084770e+01 1.57079632679489656e+00
7.50000000000197797e+00 1.54111916830084770e+01 0.00000000000000000e+00
8.50000000000226130e+00 1.54108355793749592e+01 1.57079632679489656e+00
9.50000000000254374e+00 1.54111916830084770e+01 1.57079632679489656e+00
1.05000000000028244e+01 1.54006682992761856e+01 1.57079632679489678e+00
1.15000000000031086e+01 1.54111916830084770e+01 5.39992426568486499e-17
1.25000000000033893e+01 1.54111916830084770e+01 5.40003379473772467e-17
5.00000000000001665e-01 1.44090531086945060e+01 1.57079632679489656e+00
1.50000000000028333e+00 1.44111916830081945e+01 0.00000000000000000e+00
2.50000000000056577e+00 1.54111916830084770e+01 0.00000000000000000e+00
3.50000000000084821e+00 1.44096292597154907e+01 1.57079632679489656e+00
4.50000000000113154e+00 1.44111916830081945e+01 1.57079632679489656e+00
5.50000000000141398e+00 1.44111916830081963e+01 -4.17591484881948816e-17
6.50000000000169553e+00 1.44111916830081945e+01 1.57079632679489656e+00
7.50000000000197886e+00 1.44111916830081945e+01 1.48665726286904381e-16
8.50000000000226130e+00 1.44108351339691243e+01 -1.81293885711585988e-17
9.50000000000254552e+00 1.44111916830081945e+01 0.00000000000000000e+00
1.05000000000028244e+01 1.44006324890409285e+01 4.92108814471879160e-17
1.15000000000031086e+01 1.44111916830081945e+01 4.92110825037755546e-17
5.00000000000001665e-01 1.34090520164431357e+01 1.57079632679489656e+00
1.50000000000028333e+00 1.34111916830079121e+01 0.00000000000000000e+00
2.50000000000056577e+00 1.44111916830081945e+01 0.00000000000000000e+00
3.50000000000084821e+00 1.34096291469663083e+01 7.46051514072638872e-17
4.50000000000113154e+00 1.34111916830079121e+01 -1.10262900305572185e-16
5.50000000000141398e+00 1.34111916830079121e+01 1.57079632679489656e+00
6.50000000000169553e+00 1.34111916830079121e+01 1.57079632679489656e+00
7.50000000000197886e+00 1.34111916830079121e+01 1.57079632679489656e+00
8.50000000000226130e+00 1.34108345039138559e+01 1.57079632679489656e+00
9.50000000000254374e+00 1.34111916830079121e+01 0.00000000000000000e+00
1.05133991523928412e+01 1.33909883042107669e+01 1.94516795543828898e-02
5.00000000000001665e-01 1.24090514905363509e+01 0.00000000000000000e+00
1.50000000000028333e+00 1.24111916830076314e+01 0.00000000000000000e+00
2.50000000000056577e+00 1.24111916830076314e+01 0.00000000000000000e+00
3.50000000000084910e+00 1.24096291469660258e+01 3.13353578250918274e-17
4.50000000000113154e+00 1.24111916830076314e+01 0.00000000000000000e+00
5.50000000000141398e+00 1.24111914201015150e+01 0.00000000000000000e+00
6.50000000000169553e+00 1.24111916830076314e+01 1.57079632679489656e+00
7.50000000000197797e+00 1.24111916830076314e+01 1.57079632679489656e+00
8.50000000000226130e+00 1.24108342991152742e+01 1.57079632679489656e+00
9.50000000000254374e+00 1.24111916830076314e+01 2.50454624748206557e-18
5.00000000000001665e-01 1.14090514905360703e+01 3.38067789875824609e-17
1.50000000000028333e+00 1.14111916830073472e+01 0.00000000000000000e+00
2.50000000000056577e+00 8.41119168300649989e+00 8.89014668935667852e-17
3.50000000000084910e+00 1.14096291469657434e+01 -2.42947160359733443e-17
4.50000000000113154e+00 1.04111916830070630e+01 1.57079632679489656e+00
5.50000000000141398e+00 1.14111906110842565e+01 1.57079632679489656e+00
6.50000000000169553e+00 1.04111916830070630e+01 0.00000000000000000e+00
7.50000000000197797e+00 1.14111916830073472e+01 0.00000000000000000e+00
8.50000000000226130e+00 1.14108342991149900e+01 1.57079632679489678e+00
5.00000000000000777e-01 1.04090514905357860e+01 -1.62065396089743271e-15
1.50000000000028333e+00 1.04111916830070665e+01 -1.65154222230038270e-15
2.50000000000056577e+00 1.14111916830073472e+01 -8.31779376109287126e-18
3.50000000000085620e+00 1.04096291469654627e+01 0.00000000000000000e+00
4.50000000000113154e+00 1.14111916830073472e+01 -6.30061532602786157e-17
5.50000000000141398e+00 1.04111906110839758e+01 1.57079632679489656e+00
6.50000000000169553e+00 1.14111916830073472e+01 1.57079632679489656e+00
7.50000000000197886e+00 1.04111916830070630e+01 0.00000000000000000e+00
5.00000000000001665e-01 9.40905149053550538e+00 -3.29757292409453907e-17
1.50000000000028066e+00 9.41119168300678410e+00 -8.35109640202594805e-18
2.50000000000056577e+00 1.04111916830070630e+01 0.00000000000000000e+00
3.50000000000084821e+00 9.40962914696517849e+00 0.00000000000000000e+00
4.50000000000113509e+00 9.41119168300678233e+00 1.57079632679489656e+00
5.50000000000141753e+00 9.40979700225991778e+00 1.57079632679489656e+00
6.50000000000169553e+00 9.41119168300678233e+00 0.00000000000000000e+00
5.00000000000001665e-01 8.40905149053522294e+00 -2.33682939479843012e-17
1.50000000000028333e+00 8.41119168300649989e+00 0.00000000000000000e+00
2.50000000000056311e+00 9.41119168300678233e+00 0.00000000000000000e+00
3.50000000000084910e+00 8.40962914696489605e+00 0.00000000000000000e+00
4.50000000000113154e+00 8.41119168300649989e+00 1.57079632679489656e+00
5.50002323329577436e+00 8.40873525060115767e+00 -4.64676683242389756e-05
5.00000000000001665e-01 7.40905149053493961e+00 0.00000000000000000e+00
1.50000000000028333e+00 7.41119168300621745e+00 4.42416052166920166e-17
2.50000000000056577e+00 7.41119168300621745e+00 0.00000000000000000e+00
3.50000000000084910e+00 7.40962914696461450e+00 0.00000000000000000e+00
4.50000000000113154e+00 7.41119168300621745e+00 1.57079632679489656e+00
5.00000000000001665e-01 6.40905149053465806e+00 5.46751589221332134e-17
1.50000000000028333e+00 6.41119168300593500e+00 0.00000000000000000e+00
2.50000000000056577e+00 6.41119168300593500e+00 0.00000000000000000e+00
3.50000000000084910e+00 6.40962914696433117e+00 1.57079632679489656e+00
5.00000000000001665e-01 5.40905149053437473e+00 -8.84868601755820546e-17
1.50000000000028333e+00 5.41119168300565256e+00 0.00000000000000000e+00
2.50000000000056577e+00 5.41119168300565256e+00 1.57079632679489656e+00
5.00000000000001665e-01 4.40905149053409229e+00 -3.29757292546778813e-17
1.50000000000028333e+00 4.41119168300537012e+00 0.00000000000000000e+00
5.01551283348546373e-01 3.40750020718526514e+00 3.10739966029172435e-03
1.54103314488927587e+01 5.00000000000000000e-01 0.00000000000000000e+00
1.44103294759508778e+01 5.00000000000000000e-01 1.57079632679489656e+00
1.34103288471901134e+01 5.00000000000000000e-01 1.57079632679489656e+00
1.24103284719038349e+01 5.00000000000000000e-01 0.00000000000000000e+00
1.14103284719035525e+01 5.00000000000000000e-01 0.00000000000000000e+00
1.04103284719032700e+01 5.00000000000000000e-01 0.00000000000000000e+00
9.41032847190298760e+00 5.00000000000000000e-01 0.00000000000000000e+00
8.41032847190270694e+00 5.00000000000000000e-01 0.00000000000000000e+00
7.41032847190242272e+00 5.00000000000000000e-01 0.00000000000000000e+00
6.41032847190214028e+00 5.00000000000000000e-01 0.00000000000000000e+00
5.41032847190185873e+00 5.00000000000000000e-01 0.00000000000000000e+00
4.41032847190157629e+00 5.00000000000000000e-01 0.00000000000000000e+00
3.41032847190129296e+00 5.00000000000000000e-01 0.00000000000000000e+00
2.41032847190101140e+00 5.00000000000000000e-01 0.00000000000000000e+00
1.54111916830084787e+01 1.50000000000028155e+00 0.00000000000000000e+00
1.44111916830081963e+01 1.50000000000028155e+00 0.00000000000000000e+00
1.34111916830079139e+01 1.50000000000028155e+00 -1.21682570932060033e-17
1.24111916830076314e+01 1.50000000000028155e+00 0.00000000000000000e+00
1.14111916830073490e+01 1.50000000000028155e+00 0.00000000000000000e+00
1.04111916830070648e+01 1.50000000000028155e+00 0.00000000000000000e+00
9.41119168300678410e+00 1.50000000000028155e+00 0.00000000000000000e+00
8.41119168300650166e+00 1.50000000000028155e+00 0.00000000000000000e+00
7.41119168300621922e+00 1.50000000000028155e+00 0.00000000000000000e+00
6.41119168300593678e+00 1.50000000000028155e+00 0.00000000000000000e+00
5.41119168300565434e+00 1.50000000000028155e+00 0.00000000000000000e+00
4.41119168300537190e+00 1.50000000000028155e+00 0.00000000000000000e+00
3.41119168300509035e+00 1.50000000000028155e+00 0.00000000000000000e+00
1.54097970042141945e+01 2.50000000000056399e+00 0.00000000000000000e+00
1.44092175223770802e+01 2.50000000000056399e+00 5.15928608329274583e-17
1.34070201353394687e+01 2.50000000000056399e+00 0.00000000000000000e+00
1.24067639962813487e+01 2.50000000000056399e+00 0.00000000000000000e+00
4.37874690715463100e+00 2.51376314473973306e+00 -2.79141676931074084e-02
1.14043063136818326e+01 2.50000000000056399e+00 0.00000000000000000e+00
1.04041845144959915e+01 2.50000000000056399e+00 0.00000000000000000e+00
9.40198712743822362e+00 2.50000000000056399e+00 0.00000000000000000e+00
8.39976399432688758e+00 2.50000000000056399e+00 0.00000000000000000e+00
7.39694122217960714e+00 2.50000000000056399e+00 0.00000000000000000e+00
6.39673860457790155e+00 2.50000000000056399e+00 0.00000000000000000e+00
5.39351677145771013e+00 2.50000000000056399e+00 2.22044609709780472e-15
1.54111916830084787e+01 3.50000000000084732e+00 0.00000000000000000e+00
1.44111916830081963e+01 3.50000000000084732e+00 1.57079632679489656e+00
1.34111916830079139e+01 3.50000000000084732e+00 0.00000000000000000e+00
1.24111916830076314e+01 3.50000000000084732e+00 0.00000000000000000e+00
1.14111916830073490e+01 3.50000000000084732e+00 0.00000000000000000e+00
1.04111916830070648e+01 3.50000000000084732e+00 0.00000000000000000e+00
9.41119168300678410e+00 3.50000000000084732e+00 0.00000000000000000e+00
8.41119168300650166e+00 3.50000000000084643e+00 1.57079632679489656e+00
7.41119168300621922e+00 3.50000000000084732e+00 0.00000000000000000e+00
6.41119168300593678e+00 3.50000000000084732e+00 0.00000000000000000e+00
5.41119168300565434e+00 3.50000000000084732e+00 0.00000000000000000e+00
1.54111916830084787e+01 4.50000000000112976e+00 0.00000000000000000e+00
1.44111916830081963e+01 4.50000000000112976e+00 0.00000000000000000e+00
1.34111916830079139e+01 4.50000000000112976e+00 0.00000000000000000e+00
1.24111916830076314e+01 4.50000000000112976e+00 1.70800806620529532e-17
1.14111916830073490e+01 4.50000000000112976e+00 0.00000000000000000e+00
1.04111916830070648e+01 4.50000000000112976e+00 0.00000000000000000e+00
9.41119168300678410e+00 4.50000000000112976e+00 0.00000000000000000e+00
8.41119168300650166e+00 4.50000000000112976e+00 0.00000000000000000e+00
7.41119168300621922e+00 4.50000000000112976e+00 0.00000000000000000e+00
6.41119168300593678e+00 4.50000000000112976e+00 0.00000000000000000e+00
1.54111916830084787e+01 5.50000000000141220e+00 0.00000000000000000e+00
1.44111916830081963e+01 5.50000000000141220e+00 0.00000000000000000e+00
1.34111916830079139e+01 5.50000000000141220e+00 0.00000000000000000e+00
1.24111916830076314e+01 5.50000000000141220e+00 0.00000000000000000e+00
1.14111916830073490e+01 5.50000000000141220e+00 0.00000000000000000e+00
1.04111916830070648e+01 5.50000000000141220e+00 0.00000000000000000e+00
9.41119168300678410e+00 5.50000000000141220e+00 0.00000000000000000e+00
8.41119168300650166e+00 5.50000000000141220e+00 1.57079632679489656e+00
7.41119168300621922e+00 5.50000000000141220e+00 0.00000000000000000e+00
1.54111916830084787e+01 6.50000000000169376e+00 0.00000000000000000e+00
1.44111916830081963e+01 6.50000000000169376e+00 0.00000000000000000e+00
1.34111916830079139e+01 6.50000000000169376e+00 1.57079632679489656e+00
1.24111916830076314e+01 6.50000000000169376e+00 0.00000000000000000e+00
1.14111916830073490e+01 6.50000000000169376e+00 0.00000000000000000e+00
1.04111916830070648e+01 6.50000000000169376e+00 0.00000000000000000e+00
9.41119168300678410e+00 6.50000000000169376e+00 0.00000000000000000e+00
8.41119168300650166e+00 6.50000000000169376e+00 1.57079632679489656e+00
1.54060020111169802e+01 7.50000000000197709e+00 0.00000000000000000e+00
1.44037386084411985e+01 7.50000000000197709e+00 0.00000000000000000e+00
1.34027132191210061e+01 7.50000000000197709e+00 0.00000000000000000e+00
1.23997132177254485e+01 7.50000000000197709e+00 0.00000000000000000e+00
1.13990785388547575e+01 7.50000000000197709e+00 0.00000000000000000e+00
1.03968048986824453e+01 7.50000000000197709e+00 0.00000000000000000e+00
9.39460357498579945e+00 7.51274476565698635e+00 -3.56832404201440074e-04
1.54111916830084787e+01 8.50000000000225953e+00 0.00000000000000000e+00
1.44111916830081963e+01 8.50000000000225953e+00 0.00000000000000000e+00
1.34111916830079139e+01 8.50000000000225953e+00 0.00000000000000000e+00
1.24111916830076314e+01 8.50000000000225953e+00 0.00000000000000000e+00
1.14111916830073490e+01 9.50000000000254197e+00 1.57079632679489656e+00
1.04111916830070648e+01 8.50000000000225953e+00 1.57079632679489656e+00
1.54111916830084787e+01 9.50000000000254197e+00 0.00000000000000000e+00
1.44111916830081963e+01 9.50000000000254197e+00 0.00000000000000000e+00
1.34111916830079139e+01 9.50000000000254197e+00 1.57079632679489656e+00
1.24111916830076314e+01 9.50000000000254197e+00 0.00000000000000000e+00
1.14111916830073490e+01 8.50000000000225953e+00 1.57079632679489656e+00
1.24111916830076314e+01 1.05000000000028226e+01 0.00000000000000000e+00
1.54111916830084787e+01 1.05000000000028226e+01 0.00000000000000000e+00
1.44111916830081963e+01 1.05000000000028226e+01 0.00000000000000000e+00
1.34111916830079139e+01 1.05000000000028226e+01 1.57079632679489656e+00
1.54111916830084787e+01 1.15000000000031068e+01 0.00000000000000000e+00
1.44111916830081963e+01 1.15000000000031068e+01 -1.09144649621315197e-16
1.34111916830079139e+01 1.15000000000031068e+01 0.00000000000000000e+00
1.54111916830084787e+01 1.25000000000033875e+01 1.57079632679489656e+00
1.44111916830081963e+01 1.25000000000033875e+01 -5.36334981315634283e-17
1.54111916830084787e+01 1.35000000000036700e+01 0.00000000000000000e+00
1.54108205288764886e+01 1.45000002629923657e+01 1.57079606385069059e+00
1.44092408280623943e+01 1.52040925345392264e+01 -7.80542226089105173e-01
5.00000000000001665e-01 5.00000000000000000e-01 1.57079632679489656e+00
1.42040980412980016e+01 1.39921919119698277e+01 7.79301921296378874e-01
1.34926937321591662e+01 1.32894089376888171e+01 7.79301921296378874e-01
1.27873483503739855e+01 1.25804927086394258e+01 7.79301921296378874e-01
1.13686047949324411e+01 1.11622141598700413e+01 -7.79301921296378652e-01
1.21390810672457405e+01 1.18104419818583608e+01 7.85065771612320495e-01
1.06596885658830498e+01 1.04568687780848570e+01 -7.79301921296378763e-01
9.96039212873200697e+00 9.74202018430694849e+00 -7.79301921296378541e-01
9.24798936255264792e+00 9.04011908716084278e+00 -7.79301921296378541e-01
8.51576825986149721e+00 8.35359328707747117e+00 -7.85756969279889472e-01
7.82922474576221017e+00 7.62186161423224906e+00 7.79301921296378763e-01
7.18240973694432494e+00 6.85077262883163041e+00 7.84348074730346734e-01
6.40997404737995335e+00 6.20409090636796368e+00 -7.79301921296378763e-01
5.70105781833055936e+00 5.49874552458278210e+00 -7.79301921296378763e-01
5.00162410492732334e+00 4.78403254343973394e+00 -7.79301921296378874e-01
4.28935861500015569e+00 4.08199583365876606e+00 -7.79301921296377875e-01
3.55552651264028263e+00 3.39755385276618327e+00 -7.85035359306919367e-01
2.87110149238170020e+00 2.66323086679985099e+00 7.79301921296378208e-01
2.18777292619598729e+00 1.93202773259741090e+00 7.79301921296378208e-01
1.45392545811927931e+00 1.25196323694122125e+00 7.79301921296378208e-01
7.07091320823226677e-01 1.92021316561996525e+00 7.78785397581625682e-01
1.42695961712530295e+00 2.62308075430104104e+00 7.66542772439997022e-01
2.13328408568196615e+00 3.34002531723923113e+00 7.79301921296378208e-01
2.77195629874610638e+00 4.12935469319570814e+00 -7.79613829218792631e-01
3.57810807699881117e+00 4.78493446545259804e+00 -7.79301921296377875e-01
4.28895106037859808e+00 5.49029464978475090e+00 -7.76568941838751248e-01
4.99043441787910869e+00 6.20361745578152934e+00 -7.77477274685875797e-01
5.70064041290016199e+00 6.90896995714652284e+00 -7.79301921296378763e-01
6.41155104407858634e+00 7.61364093553756760e+00 -7.81183430672449108e-01
7.11987368614386007e+00 8.32677743505380619e+00 7.79301921296378763e-01
7.71946108205388981e+00 9.14830046672704178e+00 -7.80013789049552431e-01
8.53867707575236423e+00 9.74501974749988698e+00 -7.79301921296378541e-01
9.24810902346718144e+00 1.04503700035972766e+01 -7.78569841451987155e-01
9.91382261807864396e+00 1.11985573789627502e+01 -7.78877619743935101e-01
1.06597801794875728e+01 1.18676084740344923e+01 -7.79301921296378652e-01
1.13880115117931879e+01 1.25583330611292521e+01 7.84729762760542071e-01
1.20785028778022827e+01 1.32859079894218493e+01 7.79301921296378874e-01
1.27070936417135840e+01 1.40725227122640906e+01 7.79301921296378763e-01
1.34952537159817840e+01 1.46976083261044277e+01 7.79301921296378874e-01
