# n = 238
# s = 15.931725503598480
# x y theta(rad)
1.50000000000044054e+00 1.54317255035984555e+01 0.00000000000000000e+00
5.00000000000000000e-01 1.50304715299821545e+01 0.00000000000000000e+00
1.50828282257408421e+01 5.00000000000003553e-01 0.00000000000000000e+00
1.54317255035984520e+01 1.50000000000044409e+00 0.00000000000000000e+00
5.00000000000000000e-01 9.50000000000397193e+00 0.00000000000000000e+00
5.00000000000000000e-01 8.50000000000353140e+00 0.00000000000000000e+00
1.50000000000044054e+00 8.50000000000352784e+00 0.00000000000000000e+00
5.00000000000000000e-01 7.50000000000309086e+00 -8.88178419700125232e-16
1.50000000000043876e+00 7.50000000000308553e+00 4.44089209850062616e-16
2.50000000000088107e+00 7.50000000000308731e+00 -4.45122032418959424e-15
5.00000000000000000e-01 6.50000000000264855e+00 -8.88178419700125232e-16
1.50000000000044054e+00 6.50000000000264322e+00 -2.22044604925031308e-15
2.50000000000088285e+00 6.50000000000264322e+00 -8.88178419696288213e-16
3.50108815453786804e+00 6.50855127558095425e+00 -2.07922623253891216e-03
5.00000000000000000e-01 5.50000000000220801e+00 -8.94230981488492332e-16
1.50000000000044054e+00 5.50000000000220624e+00 -8.94230980594354784e-16
2.50000000000088285e+00 5.50000000000220091e+00 2.66453525910037570e-15
3.50000000000132161e+00 5.50527571677703520e+00 8.88178419700125232e-16
4.50000000000176037e+00 5.50000000000220624e+00 1.33226762955018785e-15
5.00000000000000000e-01 4.50000000000176570e+00 4.68368140450613615e-19
1.50000000000044409e+00 4.50000000000176925e+00 -5.32907051820405041e-15
2.50000000000088640e+00 4.50000000000176215e+00 8.79579909321428163e-28
3.50000000000132161e+00 4.50442957076481676e+00 -9.85129498439999543e-27
4.50000000000176215e+00 4.50000000000176570e+00 -1.77635683940025046e-15
5.00000000000000000e-01 3.50000000000132516e+00 0.00000000000000000e+00
1.50000000000044054e+00 3.50000000000132516e+00 0.00000000000000000e+00
2.50000000000087930e+00 3.50000000000132161e+00 0.00000000000000000e+00
3.50000000000132339e+00 3.50420643787924035e+00 -5.77315972808960230e-15
4.50000000000176570e+00 3.50000000000132161e+00 0.00000000000000000e+00
5.50000000000220624e+00 3.50000000000132516e+00 0.00000000000000000e+00
5.00000000000000000e-01 2.50000000000088463e+00 0.00000000000000000e+00
1.50000000000044054e+00 2.50000000000088463e+00 0.00000000000000000e+00
2.50000000000088285e+00 2.50000000000088107e+00 -2.22044604925031308e-15
3.50000000000132339e+00 2.50233087759126782e+00 -4.44089209850062616e-15
4.50000000000176215e+00 2.50000000000088463e+00 0.00000000000000000e+00
5.50000000000220446e+00 2.50000000000088463e+00 1.33226762955018785e-15
6.50000000000264500e+00 2.50000000000088463e+00 0.00000000000000000e+00
5.00000000000000000e-01 1.50000000000044409e+00 0.00000000000000000e+00
1.50000000000044054e+00 1.50000000000044409e+00 0.00000000000000000e+00
2.50000000000088107e+00 1.50000000000044231e+00 0.00000000000000000e+00
3.50000000000132339e+00 1.50216408574376281e+00 2.22044604928268557e-15
4.50000000000176215e+00 1.50000000000044409e+00 0.00000000000000000e+00
5.50000000000220268e+00 1.50000000000044231e+00 0.00000000000000000e+00
6.50000000000264322e+00 1.50000000000044231e+00 1.33226762955018785e-15
7.50000000000308376e+00 1.50000000000044409e+00 0.00000000000000000e+00
5.00000000000000000e-01 5.00000000000003553e-01 0.00000000000000000e+00
1.50000000000044054e+00 5.00000000000003553e-01 3.20377555082512817e-24
2.50000000000088107e+00 5.00000000000003553e-01 0.00000000000000000e+00
3.50000000000132161e+00 5.01997293891339069e-01 -4.44089209850062616e-16
4.50000000000176215e+00 5.00000000000001776e-01 -1.33226763254517874e-15
5.50000000000220446e+00 5.00000000000001776e-01 1.33226762654782742e-15
6.50000000000264322e+00 5.00000000000001776e-01 1.33226762665215585e-15
7.50000000000308376e+00 5.00000000000003553e-01 0.00000000000000000e+00
8.50000000000352429e+00 5.00000000000003553e-01 0.00000000000000000e+00
9.50000000000396483e+00 5.00000000000003553e-01 0.00000000000000000e+00
3.43172550359317263e+00 1.54317255035984502e+01 9.76996261670137756e-15
4.43172550359361317e+00 1.54317255035984608e+01 1.30451205390610788e-14
5.43172550359403772e+00 1.54317255035984449e+01 -1.91985355708492969e-14
6.43172550359447825e+00 1.54317255035984644e+01 -1.91530062457169703e-14
7.43172550359492767e+00 1.54317255035984555e+01 -2.12818163128600766e-17
8.43172550359536999e+00 1.54317255035984555e+01 -6.90465479101966644e-17
9.43172550359580875e+00 1.54317255035984555e+01 -3.20745407796498868e-17
1.04317255035962493e+01 1.54317255035984555e+01 -4.31896516335833010e-18
1.14317255035966898e+01 1.54317255035984555e+01 -4.31896517617731981e-18
1.24317255035971233e+01 1.54317255035984555e+01 1.82206936120990295e-17
1.34317255035975602e+01 1.54317255035984555e+01 0.00000000000000000e+00
1.44317255035980132e+01 1.54317255035984555e+01 -5.41574798590082084e-17
1.54317255035984413e+01 1.54317255035984680e+01 2.53385800240694771e-14
4.43172550359359541e+00 1.44317255035980203e+01 1.30435085387643566e-14
5.43172550359405371e+00 1.44317255035980043e+01 -1.91546182462991434e-14
6.43172550359448891e+00 1.44317255035980150e+01 -9.67857938512636181e-18
7.43172550359492767e+00 1.44317255035980132e+01 -1.32706176330343826e-15
8.43172550359536999e+00 1.44317255035980150e+01 1.52542753996485513e-16
9.43172550359580875e+00 1.44317255035980150e+01 1.10681739093825359e-16
1.04317255035962493e+01 1.44317255035980132e+01 1.42634033823284365e-17
1.14317255035966863e+01 1.44317255035980168e+01 6.76561135466887451e-15
1.24317255035971250e+01 1.44317255035980150e+01 1.02091088620222080e-14
1.34317255035975727e+01 1.44317255035980114e+01 -2.21891525467745789e-15
1.44317255035980043e+01 1.44317255035980185e+01 1.01139659586671845e-14
1.54317255035984449e+01 1.44317255035980203e+01 1.10664227021563694e-14
1.14317255035966809e+01 1.14317255035966916e+01 -1.09497430378652814e-16
5.43172550359403772e+00 1.34317255035975673e+01 -1.22318780337105459e-14
6.43172550359449602e+00 1.34317255035975762e+01 -4.73618672800183027e-15
7.43172550359492945e+00 1.34317255035975744e+01 -1.13702748478576107e-15
8.43172550359537176e+00 1.34317255035975727e+01 1.30245623654749518e-15
9.43172550359580875e+00 1.34317255035975744e+01 1.21335185302924752e-16
1.14317255035966827e+01 1.34317255035975727e+01 -1.07927235657355293e-17
1.24317255035971286e+01 1.34317255035975727e+01 -2.21086328603448931e-15
1.34317255035975851e+01 1.34317255035975744e+01 2.95425940100961822e-14
1.44317255035980256e+01 1.34317255035975887e+01 2.95425940099424048e-14
1.54317255035984591e+01 1.34317255035976100e+01 4.19702619281409059e-14
6.43172550359449424e+00 1.24317255035971357e+01 -4.23666026190692732e-15
7.43172550359493478e+00 1.24317255035971339e+01 -2.88456525159560008e-15
8.43172550359537532e+00 1.24317255035971321e+01 2.64770523726715849e-16
9.43172550359581408e+00 1.24317255035971357e+01 -4.49944498536364387e-16
1.04317255035962422e+01 1.24317255035971321e+01 1.24814690932894299e-15
1.14317255035966809e+01 1.24317255035971321e+01 -1.36492764836225880e-15
1.24317255035971215e+01 1.24317255035971321e+01 -2.21086328603450193e-15
1.34317255035975673e+01 1.24317255035971215e+01 6.01954492979619058e-15
1.44317255035980079e+01 1.24317255035971517e+01 6.87191580558192831e-15
1.54317255035984520e+01 1.24317255035971481e+01 0.00000000000000000e+00
7.43172550359493655e+00 1.14317255035966987e+01 5.63994452236229040e-15
6.43172550359449247e+00 1.14317255035966951e+01 -2.85280652507482557e-15
8.43172550359536466e+00 1.14317255035966916e+01 -4.90181133041958291e-16
9.43172550359580342e+00 1.14317255035966951e+01 -1.14694793993483438e-15
1.04317255035962404e+01 1.14317255035966951e+01 -1.41865160139256590e-15
1.04317255035962493e+01 1.34317255035975727e+01 1.26153788322218438e-15
1.24317255035971215e+01 1.14317255035966916e+01 -7.92123068881412769e-17
1.34317255035975638e+01 1.14317255035966916e+01 4.44089209850062616e-16
1.44317255035980114e+01 1.14317255035967094e+01 0.00000000000000000e+00
1.54317255035984520e+01 1.14317255035967129e+01 -8.88178419700125232e-16
7.43071033061807285e+00 1.04317255035962582e+01 5.65921354628332214e-15
8.43071033061851693e+00 1.04317255035962564e+01 -4.37527126174596885e-16
9.43071033061895925e+00 1.04317255035962493e+01 -3.65077589683266478e-15
1.04307103306193980e+01 1.04317255035962546e+01 -1.51567366309365625e-15
1.14307103306198350e+01 1.04317255035962528e+01 -1.03259281223112485e-14
1.24307103306202702e+01 1.04317255035962511e+01 -8.68401588762869852e-18
1.34307103306207107e+01 1.04317255035962511e+01 4.91782446416740375e-16
1.44307105329468168e+01 1.04317255035962546e+01 2.47141422662508597e-14
1.54307117466240964e+01 1.04317255035962582e+01 -1.75009164458008353e-14
7.43172550359491169e+00 9.42895836532580134e+00 -5.25775005567362714e-15
8.43172550359535222e+00 9.43172550359581763e+00 -4.40147933871110305e-16
9.43172550359579098e+00 9.43172550359581408e+00 -1.41044609902388776e-15
1.04317255035962493e+01 9.43172550359581408e+00 8.88178419700125232e-16
1.14317255035966898e+01 9.43172550359581408e+00 1.53972794868476283e-16
1.24317255035971304e+01 9.43172550359581052e+00 -7.51395237022953734e-17
1.34317255035975709e+01 9.43172550359580875e+00 -8.88178419700125232e-16
1.44317255035980114e+01 9.43172550359581052e+00 -8.40343643720136190e-16
1.54317255035984591e+01 9.43172550359583539e+00 1.66413237713550316e-14
7.43172550359491169e+00 8.42876590709279938e+00 -5.75335000951617770e-15
8.43172550359535400e+00 8.43172550359536999e+00 5.10500337876595896e-15
9.43172550359579276e+00 8.43172550359537709e+00 -7.36823755551009525e-15
1.04317255035962404e+01 8.43172550359538420e+00 -2.02087544281705322e-14
1.14317255035966916e+01 8.43172550359537354e+00 1.09159988687112901e-15
1.24317255035971321e+01 8.43172550359536999e+00 0.00000000000000000e+00
1.34317255035975691e+01 8.43172550359536999e+00 -8.88178419700125232e-16
1.44317255035980114e+01 8.43172550359536999e+00 -1.89254498660503580e-17
1.54317255035984520e+01 8.43172550359540196e+00 0.00000000000000000e+00
8.43172550359535045e+00 7.43172550359493123e+00 8.88178419700125232e-16
9.43172550359578921e+00 7.43172550359493123e+00 5.49778943582009333e-16
1.04317255035962404e+01 7.43172550359494366e+00 -2.01609753645928655e-14
1.14317255035966880e+01 7.43172550359493478e+00 -2.22044604925031308e-15
1.24317255035971304e+01 7.43172550359492767e+00 0.00000000000000000e+00
1.34317255035975709e+01 7.43172550359492767e+00 0.00000000000000000e+00
1.44317255035980114e+01 7.43172550359492767e+00 8.95854795073088433e-16
1.54317255035984342e+01 7.43172550359494366e+00 3.32812964825943534e-14
1.14317255035966898e+01 6.43172550359449247e+00 0.00000000000000000e+00
1.24317255035971304e+01 6.43172550359449247e+00 0.00000000000000000e+00
1.34317255035975691e+01 6.43172550359448891e+00 2.90416448449940723e-15
1.44317255035980097e+01 6.43172550359448891e+00 4.00001355621544872e-15
1.54317255035984520e+01 6.43172550359448536e+00 -1.77635683940025046e-15
1.34317255035975727e+01 5.43172550359404838e+00 2.37956138679594845e-15
1.44317255035980132e+01 5.43172550359405193e+00 8.10429462323006173e-18
1.54317255035984520e+01 5.43172550359404482e+00 -9.15933995304239932e-16
1.44317255035980114e+01 4.43172550359361139e+00 8.88178419700125232e-16
1.54317255035984520e+01 4.43172550359360606e+00 0.00000000000000000e+00
1.54317255035984520e+01 3.43172550359316553e+00 0.00000000000000000e+00
6.43071033061763231e+00 1.04317255035962546e+01 -7.17374943100193970e-15
7.43172550359491169e+00 7.42855508642949047e+00 -5.82686881645434571e-15
5.02360013654224602e+00 6.50000000000264677e+00 0.00000000000000000e+00
6.43172550359446937e+00 7.43172550359492767e+00 -1.10309097836470287e-14
6.76606698015001840e-01 1.38291062942624379e+01 4.90619150534287840e-01
1.58277151310037745e+00 1.42551188055830131e+01 4.90619150534287840e-01
2.51739472750978877e+00 1.46482328672924602e+01 5.10009659965959261e-01
6.53244823263399610e-01 1.26532448232686932e+01 3.92563629199104258e-01
1.54738406150586805e+00 1.31077552180026178e+01 3.92563629199104258e-01
2.47243772762124614e+00 1.34876029787339409e+01 3.92563629199104258e-01
3.38185265208104546e+00 1.39368111515752133e+01 4.20039730723103855e-01
5.00000000000000000e-01 1.15000000000048530e+01 0.00000000000000000e+00
1.56250631623836078e+00 1.19436952899920534e+01 3.85698844477616987e-01
2.45716126865386109e+00 1.23984192186953912e+01 3.85698844477616987e-01
3.38487325015897156e+00 1.27717290829423948e+01 3.85698844477616987e-01
4.28035426264216312e+00 1.32244185605940849e+01 3.85698844477616987e-01
5.00001415857417086e-01 1.05000000000044125e+01 0.00000000000000000e+00
1.63408900279105929e+00 1.07576797128583870e+01 3.26943027528490027e-01
2.53091887132304549e+00 1.12268585439636297e+01 3.26943027528490027e-01
3.43179410028190901e+00 1.16841081279577601e+01 3.26943027528490027e-01
4.36335026300447915e+00 1.20508835880555232e+01 3.26943027528490082e-01
5.43172550359405371e+00 1.24317255035971321e+01 -2.89722609937440792e-15
1.63691575381507093e+00 9.63691575381859700e+00 3.36060266825099929e-01
2.56301628451560859e+00 1.00181035716359723e+01 3.36060266825099874e-01
3.45854001836548441e+00 1.04868261564265737e+01 3.36060266825099874e-01
4.35821753215829588e+00 1.09436573661611618e+01 3.36060266825099874e-01
5.29480974977939844e+00 1.12948097497820399e+01 3.36060266825172371e-01
2.57226287095148010e+00 8.90962276278257903e+00 3.72927110583794852e-01
3.49712671732143932e+00 9.29032674707674033e+00 3.72927110583794852e-01
4.38823109966364377e+00 9.75732032927759008e+00 3.72927110583794852e-01
5.28392161917538949e+00 1.02125916894674695e+01 3.72927110583794852e-01
3.46414156924274508e+00 8.18601424617349771e+00 3.91883753656389999e-01
4.38961740249162347e+00 8.56687248222808506e+00 3.90324636733274222e-01
5.27908838232536937e+00 9.03319402635780833e+00 3.90324636733274222e-01
4.35430279432822864e+00 7.47101110538567070e+00 3.90324636733274222e-01
5.27908838232537825e+00 7.85149975992565352e+00 3.90324636733276165e-01
6.43172550359448181e+00 9.43172550359581408e+00 5.14100651932533394e-26
6.43172550359447648e+00 8.43172550359537354e+00 8.88178419700125232e-16
6.27458130232978384e+00 4.41831524915480855e+00 -5.41762522417793324e-01
6.73280051697348370e+00 5.30967802455013604e+00 -5.41762522417793213e-01
7.18291389754800846e+00 6.27666078854170273e+00 -3.99342372443763249e-01
5.50000000000220091e+00 5.43172550359405548e+00 4.44089209850062616e-16
1.39134412429920449e+01 6.43401982757206170e-01 -3.57663598380989767e-01
1.42635278859105394e+01 1.58011930535294987e+00 -3.57663598380989767e-01
1.45938663363019803e+01 2.52421727337793378e+00 -3.57663598380989767e-01
1.27326783413362907e+01 6.43401982757188406e-01 -3.57663598380930814e-01
1.31820954856774364e+01 1.54299574529523831e+00 -3.57663598380930814e-01
1.35124339360688328e+01 2.48709371332023643e+00 -3.57663598380989767e-01
1.38427966019606661e+01 3.43118263109811394e+00 -3.57663598380989767e-01
1.16254283563999810e+01 6.25428356395140383e-01 -3.00000025768862311e-01
1.19788759393906030e+01 1.56284580654222083e+00 -3.00000025768862311e-01
1.24310189784910108e+01 2.46973317165615924e+00 -3.00000025768862311e-01
1.27615142040096661e+01 3.41425061863137280e+00 -3.00000025768862366e-01
1.30627440141962730e+01 4.36782092025496560e+00 -3.00000025768862311e-01
1.05000000000044054e+01 5.00000000000003553e-01 0.00000000000000000e+00
1.08374476131963977e+01 1.57365915523167921e+00 -3.00000025768868972e-01
1.12224290723963342e+01 2.50132203348616855e+00 -3.00000025768868972e-01
1.16745721114967349e+01 3.40820939860010697e+00 -3.00000025768868916e-01
1.20050673370153955e+01 4.35272684557531697e+00 -3.00000025768868972e-01
1.23062971472019900e+01 5.30629714719891155e+00 -3.00000025768877465e-01
9.62542835639910699e+00 1.62542835639558625e+00 -3.00000025768882239e-01
1.00863985922232864e+01 2.52958514933119005e+00 -3.00000025768882239e-01
1.04713800514232211e+01 3.45724802758567940e+00 -3.00000025768882239e-01
1.09235230905236218e+01 4.36413539269961603e+00 -3.00000025768882239e-01
1.12540183160422824e+01 5.30865283967482426e+00 -3.00000025768882184e-01
8.87434818743162523e+00 2.56876271810363654e+00 -3.21218988322995613e-01
9.33422936123062819e+00 3.46964652663233863e+00 -3.21218988322995613e-01
9.71865459183385916e+00 4.39563775765131304e+00 -3.21218988322995613e-01
1.01697704652272432e+01 5.29943815685819608e+00 -3.21218988322994892e-01
8.50000000000352429e+00 1.50000000000044587e+00 -4.88498130835068878e-15
8.15759063927703387e+00 3.54439563336506680e+00 -3.85921971399217578e-01
8.61456180774655422e+00 4.43811715912449145e+00 -3.85921971399217578e-01
8.99801248183833380e+00 5.36170975216197121e+00 -3.85921971399217578e-01
7.44561597066928371e+00 4.44364901494392939e+00 -4.19363034853410310e-01
7.90455045887275176e+00 5.34477393644743159e+00 -3.99342372443763194e-01
7.69875257048107109e+00 2.65143262134693813e+00 -3.85921971399217578e-01
6.98776145500810841e+00 3.55289222496649515e+00 -4.19363034853410310e-01
1.04233814897839441e+01 6.43172550359449247e+00 9.43258382062325931e-16
9.42338148978350532e+00 6.43172550359448891e+00 -3.33034292309717664e-15
8.26831677473028748e+00 6.27666078854171161e+00 -3.99342372443763194e-01
6.02360013654268656e+00 6.43172550359449602e+00 1.76238240397959226e-17
