# n = 239
# s = 15.953819333484685
# x y theta(rad)
5.00000000000008882e-01 1.50471980982733271e+01 -1.41448817909696269e-18
1.50000000000023803e+00 1.54538193334846738e+01 1.40907611987972664e-17
1.53065143205046859e+01 5.00000000000000222e-01 -4.08166542557007739e-16
1.54538193334846845e+01 1.50000000000022937e+00 -2.67797936603919595e-17
6.16582186065100402e-01 9.61658218606714676e+00 2.73832035933438023e-01
5.00000000000008882e-01 8.50000000000182787e+00 5.21926697428203783e-17
5.00000000000008882e-01 7.50000000000159872e+00 1.07703820974015096e-16
1.50000000000023803e+00 7.50000000000159872e+00 1.03225081778377261e-16
5.01572142793760278e-01 6.50000000000137046e+00 1.07894747488009114e-16
1.50449295607114664e+00 6.50000000000137046e+00 -1.47246456519190721e-16
2.52374880758313402e+00 6.51675124333529610e+00 2.45208233132519042e-02
5.00000000000008882e-01 5.50000000000114220e+00 8.62952709209311162e-17
1.50000000000023803e+00 5.50000000000114220e+00 -2.15603387671669913e-16
2.50950538380916477e+00 5.50950538380983978e+00 1.91961876943405399e-02
3.50968965891369500e+00 5.50950538380983978e+00 1.91961876943146856e-02
5.00000000000008882e-01 4.50000000000091394e+00 5.50128311604762815e-17
1.50000000000023803e+00 4.50000000000091394e+00 -6.08293274725172370e-17
2.50000000000046718e+00 4.50000000000091394e+00 3.50870436156777783e-16
3.50000000000069456e+00 4.50000000000091394e+00 3.72037281232025729e-16
4.50000000000092548e+00 4.50000000000091394e+00 6.55095544036320368e-17
5.00000000000008882e-01 3.50000000000068479e+00 5.49630679748250913e-17
1.50000000000023803e+00 3.50000000000068567e+00 -7.31763627143591480e-17
2.50000000000046718e+00 3.50000000000068479e+00 -9.76678380431053539e-17
3.50000000000069456e+00 3.50000000000068567e+00 3.24077834509329235e-16
4.50000000000092548e+00 3.50000000000068567e+00 1.21001082114178777e-16
5.50000000000115286e+00 3.50000000000068567e+00 -8.22420663950507675e-17
5.00000000000008882e-01 2.50000000000045652e+00 -4.68860452047111609e-18
1.50000000000023803e+00 2.50000000000045652e+00 -3.64580511084798925e-17
2.50000000000046718e+00 2.50000000000045652e+00 -8.37516622952518685e-17
3.50000000000069633e+00 2.50000000000045652e+00 -8.07686838158323844e-17
4.50000000000092548e+00 2.50000000000045741e+00 1.20371656893834665e-16
5.50000000000115286e+00 2.50000000000045741e+00 8.70011326737381606e-19
6.50000000000138201e+00 2.50000000000045741e+00 -2.14067369758051258e-16
5.00000000000008882e-01 1.50000000000022848e+00 -7.35965752045580207e-19
1.50000000000023803e+00 1.50000000000022848e+00 -5.09490317773461654e-19
2.50000000000046718e+00 1.50000000000022848e+00 4.43949551286227971e-17
3.50000000000069456e+00 1.50000000000022848e+00 -4.65277024687315340e-17
4.50000000000092548e+00 1.50000000000022848e+00 -4.64738563195767821e-17
5.50000000000115286e+00 1.50000000000022937e+00 -2.13103132880561568e-16
6.50000000000138201e+00 1.50000000000022848e+00 -2.13106847630754682e-16
7.50000000000161116e+00 1.50000000000022760e+00 -2.79425175076236117e-15
5.00000000000008882e-01 5.00000000000000222e-01 5.47676680618053649e-17
1.50000000000023803e+00 5.00000000000000222e-01 6.89865719193468894e-17
2.50000000000046718e+00 5.00000000000000222e-01 3.78492437315847835e-17
3.50000000000069456e+00 5.00000000000000222e-01 8.70641108984710851e-17
4.50000000000092548e+00 5.00000000000000222e-01 -5.17128014204589327e-17
5.50000000000115286e+00 5.00000000000000222e-01 -1.87255393446855793e-17
6.50000000000138201e+00 5.00000000000000222e-01 -2.13059652013724857e-16
7.50000000000160938e+00 5.00000000000000222e-01 -1.87484125429838956e-17
8.50000000000183675e+00 5.00000000000000222e-01 -7.42599608209357481e-17
9.50000000000206590e+00 5.00000000000000222e-01 -4.74533268040276679e-17
3.45381933348194892e+00 1.54538193334846738e+01 3.03735313152206666e-16
4.45381933348217807e+00 1.54538193334846738e+01 2.77839559077957951e-16
5.45381933348240544e+00 1.54538193334846774e+01 2.93012750468425507e-16
6.45381933348263281e+00 1.54538193334846774e+01 -5.12476023846447833e-15
7.45381933348285308e+00 1.54538193334846738e+01 3.58948750561386191e-15
8.45381933348308579e+00 1.54538193334846774e+01 3.54825890966792032e-15
9.45381933348331494e+00 1.54538193334846738e+01 -9.70416044854947039e-16
1.04538193334835423e+01 1.54538193334846738e+01 -4.78903782535077155e-17
1.14538193334837715e+01 1.54533345194839189e+01 -5.81168132149726703e-17
1.24538193334839988e+01 1.54538193334846845e+01 -1.02871853575003726e-16
1.34538193334842262e+01 1.54538193334846738e+01 -4.11581334718435063e-17
1.44538193334844571e+01 1.54538193334846738e+01 3.43914511375102096e-15
1.54538193334846845e+01 1.54482183244483871e+01 4.60243822220096632e-17
4.45381933348217807e+00 1.44538193334844465e+01 3.39333601687198425e-16
5.45381933348240366e+00 1.44538193334844465e+01 -5.21885057793705999e-15
6.45381933348263281e+00 1.44538193334844447e+01 -4.26042135397530170e-15
7.45381933348285663e+00 1.44538193334844483e+01 -3.64308546976380699e-15
8.45381933348308401e+00 1.44538193334844465e+01 3.83379564220946617e-17
9.45381933348331494e+00 1.44538193334844465e+01 -1.89477037311030160e-15
1.04538193334835441e+01 1.44538193334844465e+01 -1.09350970357023373e-16
1.14538193334837715e+01 1.44533345194836897e+01 -1.27177967044443831e-15
1.24538193334839988e+01 1.44538193334844571e+01 -1.71186928691522814e-16
1.34538193334842280e+01 1.34538193334842191e+01 5.18615069063128904e-17
1.44538193334844571e+01 1.44538193334844465e+01 3.12366908410352732e-17
1.54538193334846845e+01 1.44463050819046259e+01 -4.87132066733579537e-17
5.45381933348240011e+00 1.34538193334842191e+01 6.35763044525719611e-16
6.45381933348263104e+00 1.34538193334842227e+01 2.29091520509921724e-16
7.45381933348285663e+00 1.34538193334842227e+01 2.54031053041609924e-16
8.45381933348308579e+00 1.34538193334842191e+01 2.25842516676281380e-15
9.45381933348331494e+00 1.34538193334842191e+01 6.35505621568694822e-17
1.04538193334835423e+01 1.34538193334842191e+01 -1.15559489600416650e-16
1.14538193334837697e+01 1.34533345194834606e+01 1.73194156772788496e-15
1.24538193334839988e+01 1.34538193334842298e+01 -1.50585961796229857e-16
1.34538193334842280e+01 1.24538193334839900e+01 -6.07375594391916062e-17
1.44538193334844571e+01 1.34538193334842227e+01 -2.68307242923313726e-17
1.54538193334846845e+01 1.34435530403485579e+01 -2.52912644412677988e-17
6.45381933348262926e+00 1.24538193334839953e+01 -1.01720798578947482e-15
7.45381933348285663e+00 1.24538193334839971e+01 2.07773733831663808e-16
8.45381933348308579e+00 1.24538193334839882e+01 -2.66666532039521661e-17
9.45381933348331494e+00 1.24538193334839900e+01 2.84534980614681799e-16
1.04538193334835423e+01 1.24538193334839882e+01 1.76236964955991298e-15
1.14538193334837697e+01 1.24533345194832314e+01 3.15414541636587107e-15
1.24538193334839988e+01 1.24538193334840006e+01 3.43441708952101237e-17
1.34538193334842280e+01 1.14538193334837644e+01 -7.95295184780688193e-17
1.44538193334844571e+01 1.24538193334839935e+01 6.54432639755654461e-18
1.54538193334846845e+01 1.24410147404353406e+01 1.98263233315828905e-17
6.45381933348263104e+00 1.14538193334837679e+01 9.27410873207936849e-16
7.45381933348286019e+00 1.14538193334837679e+01 2.41768349231657804e-15
8.45381933348308579e+00 1.14538193334837608e+01 2.43791499943014985e-15
9.45381933348331494e+00 1.14538193334837608e+01 2.36848637485853103e-17
1.04538193334835423e+01 1.14538193334837608e+01 3.60811162546376962e-16
1.14538193334837697e+01 1.14533345194830023e+01 -1.03441811121903415e-15
1.24538193334839988e+01 1.14538193334837715e+01 -1.20583243099148029e-15
1.34538193334842244e+01 1.04538193334835334e+01 -6.77090709928822652e-15
1.44538193334844571e+01 1.14538193334837608e+01 3.50250666115589580e-15
1.54538193334846845e+01 1.14390300116776853e+01 -6.26327167507713660e-18
6.33723714741753774e+00 1.03372371474184526e+01 2.73832035933433915e-01
7.45381933348286019e+00 1.04538193334835388e+01 1.16790293231590015e-16
8.45381933348308579e+00 1.04538193334835334e+01 -2.86399665217469369e-15
9.45381933348331671e+00 1.04538193334835317e+01 -5.65157000867676437e-16
1.04538193334835370e+01 1.04538193334835299e+01 -1.04900982032123451e-15
1.14538193334837661e+01 1.04533345194827749e+01 -5.01860470537200539e-15
1.24538193334839953e+01 1.04538193334835441e+01 -3.75014163474034045e-15
1.34538193334842262e+01 9.45381933348331316e+00 -1.42791898464796759e-16
1.44538193334844536e+01 1.04538193334835388e+01 -6.79987338950757722e-15
1.54538193334846810e+01 1.04376935631196517e+01 -6.74118224420253263e-15
7.44861960113075838e+00 9.45381933348330961e+00 1.56871437307109172e-16
8.45036505934144699e+00 9.45381933348331316e+00 1.10447899746596217e-16
9.45281932982069506e+00 9.45381933348330250e+00 -2.82075017944655560e-15
1.04538193334835405e+01 9.45381933348330250e+00 -1.04406844516709327e-15
1.14538193334837679e+01 9.45333451948255110e+00 1.49216501155979895e-15
1.24538193334839971e+01 9.45381933348331316e+00 -2.88358519438611955e-17
1.34538193334842280e+01 1.44538193334844465e+01 3.52148927085294056e-17
1.44538193334844536e+01 9.45381933348331316e+00 -1.78002858922438891e-15
1.54538193334846827e+01 9.43769356311942076e+00 -2.49292337071265268e-15
7.45381933348285308e+00 8.45381933348308046e+00 -2.35947929331901665e-15
8.45381933348307868e+00 8.45381933348307868e+00 -5.13129794085780336e-15
9.45381933348330961e+00 8.45381933348307335e+00 -1.30875099653931812e-16
1.04538193334835388e+01 8.45381933348307335e+00 -1.02203172809722356e-15
1.14538193334837679e+01 8.45333451948232195e+00 1.37036290092716944e-15
1.24538193334839953e+01 8.45381933348308579e+00 -6.83280419735087349e-17
1.34538193334842244e+01 8.45381933348308579e+00 -8.72779057885089281e-16
1.44538193334844571e+01 8.45381933348308401e+00 -2.53031693097240539e-15
1.54538193334846845e+01 8.43769356311919516e+00 -3.60225526470106150e-17
7.45381933348285663e+00 7.45381933348284775e+00 -8.94609713572933394e-15
8.45381933348308579e+00 7.45381933348285131e+00 2.46074771494690652e-15
9.45381933348330605e+00 7.45381933348284509e+00 1.04444538927378447e-14
1.04538193334835405e+01 7.45381933348284509e+00 -1.05981928680300240e-15
1.14538193334837732e+01 7.45333451948209369e+00 1.32975988190673179e-15
1.24538193334839988e+01 7.45381933348286019e+00 2.36963996431882649e-15
1.34538193334842262e+01 7.45381933348285752e+00 -1.41157676738394371e-16
1.44538193334844571e+01 7.45381933348285575e+00 -3.89924335150139244e-15
1.54538193334846845e+01 7.43769356311896601e+00 -1.24107129758129806e-16
1.14538193334837715e+01 6.45333451948186543e+00 1.66497166893008729e-15
1.24538193334839988e+01 6.45381933348262837e+00 1.93350021593764828e-15
1.34538193334842280e+01 6.45381933348262926e+00 -1.75051076812973699e-16
1.44538193334844571e+01 6.45381933348262926e+00 -9.11499716834661669e-17
1.54538193334846845e+01 6.43769356311873686e+00 1.20435763727349648e-16
1.34538193334842244e+01 5.45381933348240100e+00 -1.41612577451518460e-16
1.44538193334844536e+01 5.45381933348240278e+00 4.42392583421386465e-15
1.54538193334846845e+01 5.43769356311850949e+00 4.81112515824373040e-17
1.44538193334844554e+01 4.45381933348217451e+00 -1.03302062886204946e-16
1.54538193334846845e+01 4.43769356311828034e+00 -2.90164688609116650e-16
1.54538193334846845e+01 3.43769356311805119e+00 -1.19262238973405488e-18
4.36027879974410304e+00 6.55633495329429827e+00 2.92714169416713799e-01
5.31774302387302633e+00 6.84488695816287507e+00 2.92714169416697145e-01
6.27520724800194252e+00 7.13343896303144653e+00 2.92714169416713632e-01
4.72892272056539475e+00 5.62300811450001703e+00 2.92714169416713799e-01
6.29163451444748389e-01 1.38988467522825587e+01 3.11446080381419133e-01
1.58105488643981928e+00 1.42052822201766773e+01 3.11446080381397872e-01
2.54118598114537342e+00 1.46569830299095489e+01 4.42549572204775699e-01
6.29102263307116161e-01 1.28482516268233962e+01 3.11256518778256275e-01
1.58107356817104261e+00 1.31547482637905873e+01 3.11446080381397816e-01
2.53604059461258302e+00 1.34635610608399361e+01 3.18785332715394110e-01
3.44087401448223673e+00 1.39126644088011915e+01 3.18785332715394110e-01
6.09075282924534278e-01 1.17809142796025519e+01 2.52547626473693165e-01
1.56731288997763762e+00 1.20696972699414165e+01 2.52547626473693165e-01
2.52084056508405041e+00 1.23767317481603278e+01 2.52547626473693165e-01
3.47371902765922158e+00 1.26862819940760083e+01 2.52547626473693165e-01
4.38964041655802717e+00 1.31390448362499939e+01 2.52547626473693165e-01
6.05365678285741282e-01 1.07002660235008786e+01 2.42309021570472044e-01
1.56401336027129823e+00 1.09893230844102110e+01 2.42309021570472044e-01
2.52270013388674919e+00 1.12782219855151151e+01 2.42309021570472100e-01
3.47686385185887481e+00 1.15854205993175086e+01 2.42309021570477817e-01
4.43040411615133500e+00 1.18951416280795570e+01 2.42309021570472100e-01
5.34845365519667304e+00 1.23484536551982593e+01 2.42309021570472460e-01
1.57098666570839995e+00 9.91668649807918712e+00 2.73832035933438023e-01
2.52857756476504569e+00 1.02054467212531677e+01 2.73832035933438078e-01
3.48621249899068530e+00 1.04940501732039557e+01 2.73832035933438078e-01
4.43875239061674165e+00 1.08007926735302568e+01 2.73832035933438078e-01
5.39058998642615173e+00 1.11100354429991803e+01 2.73832035933438078e-01
2.51763382669979130e+00 9.14388820249844336e+00 2.73832035933433804e-01
3.47522472575643704e+00 9.43264842567243811e+00 2.73832035933433804e-01
4.43285965998207310e+00 9.72125187762322263e+00 2.73832035933446016e-01
5.38539955160812767e+00 1.00279943779495238e+01 2.73832035933446016e-01
1.56322934705648997e+00 8.84378389048640656e+00 2.73832035933433804e-01
3.45915904985584355e+00 8.37518981816565145e+00 3.01652534681735529e-01
4.42131841950927829e+00 8.66358142142857446e+00 2.92714169416713188e-01
5.37878264363820335e+00 8.95213342629714148e+00 2.92714169416697201e-01
4.41588277072591495e+00 7.61751782749547246e+00 2.92714169416713910e-01
5.37334699485483824e+00 7.90606983236404304e+00 2.92714169416697256e-01
2.50085794983278653e+00 8.07541473276218902e+00 3.09873422771716478e-01
3.45452688291763366e+00 7.32646013594173162e+00 3.01652534681735529e-01
6.33081121898374199e+00 9.25872183069573751e+00 2.92714169416713632e-01
6.33081121898375443e+00 8.19462183723263493e+00 2.92714169416713854e-01
6.51892542425889587e+00 4.28965445794075251e+00 -4.90649116135186691e-01
6.97563629763913617e+00 5.34827177700779099e+00 -3.51196855657651297e-01
7.29488273836062184e+00 6.34555449671986871e+00 -2.60288602503981892e-01
5.67661285368366109e+00 4.83519397729134592e+00 -4.90649116135186691e-01
1.39594793014386944e+01 6.36856647434744128e-01 -3.35867867448064461e-01
1.43169626860497132e+01 1.57124338289387055e+00 -3.35867867448064461e-01
1.46087473977129925e+01 2.52856516058341096e+00 -3.35867867448064461e-01
1.28361418175559656e+01 6.36856647434755674e-01 -3.35867867448103041e-01
1.32229166643468705e+01 1.56101789595563756e+00 -3.35867867448064461e-01
1.35425960916981918e+01 2.50860178315811222e+00 -3.35867867448064461e-01
1.38721847606211668e+01 3.45272640910430439e+00 -3.35867867448064461e-01
1.17321581979470881e+01 6.22254548259179474e-01 -2.90465766410057502e-01
1.20767681999868230e+01 1.56296454842969657e+00 -2.90465766410057502e-01
1.24647900402996932e+01 2.49069787755739380e+00 -2.90465766410057502e-01
1.27846522928564106e+01 3.43880547748101861e+00 -2.90465766410057502e-01
1.31145809527199440e+01 4.38390402592468220e+00 -2.90465766410057447e-01
1.06232135840884219e+01 6.23213584086127925e-01 -2.93328860835675054e-01
1.09701987966543353e+01 1.56302874009766168e+00 -2.93328860835675109e-01
1.13147596873599223e+01 2.50357614240857007e+00 -2.93328860835675109e-01
1.17026949072478281e+01 3.43102268853723835e+00 -2.93328860835675109e-01
1.20225294312456761e+01 4.37903848471738222e+00 -2.93328860835675109e-01
1.23306057493978685e+01 5.33060574939626974e+00 -2.93328860835675109e-01
9.87037402637950834e+00 1.57062589890574178e+00 -3.22909310597024324e-01
1.02169309463532372e+01 2.50916112281740133e+00 -3.22909310597024324e-01
1.05610873126788558e+01 3.44849962320343639e+00 -3.22909310597024324e-01
1.09481927633883664e+01 4.37346644349444524e+00 -3.22909310597024324e-01
1.12678651819444724e+01 5.32099779524982708e+00 -3.22909310597024324e-01
9.13982584744160498e+00 2.52851511754893732e+00 -3.41793081924333275e-01
9.48624744666914665e+00 3.46666996588205301e+00 -3.41793081924333275e-01
9.83028451346004317e+00 4.40567312500795971e+00 -3.41793081924333275e-01
1.02074789068702980e+01 5.33288037915945345e+00 -3.41793081924333275e-01
8.65762053768036566e+00 1.63866608605428188e+00 -3.41793081924333386e-01
8.41185649932269897e+00 3.45846526553292843e+00 -3.60963952259946930e-01
8.75877981663326111e+00 4.40153938056104543e+00 -3.51196855657651297e-01
9.10280167177212718e+00 5.34050102151730322e+00 -3.51196855657651297e-01
7.69310074213094452e+00 4.39970294919033833e+00 -3.51196855657651297e-01
8.03712259726981060e+00 5.33866459014659700e+00 -3.51196855657651297e-01
7.93030055527318467e+00 2.56522883684804270e+00 -3.76545335837423445e-01
7.21053281406896396e+00 3.45418241764447842e+00 -4.83242196361299836e-01
1.04538193334835459e+01 6.45381933348261683e+00 -1.09793760462819199e-15
9.41306935462709049e+00 6.41306935462638883e+00 -8.52332766850209395e-02
8.34370408880839420e+00 6.35836611391463258e+00 -2.15763412036052787e-01
6.01348221826306784e+00 5.79390718439054098e+00 -4.78186450858189394e-01
