# n = 240
# s = 15.969685337533795
# x y theta(rad)
5.00000000000000000e-01 1.53959398543607708e+01 0.00000000000000000e+00
1.50000000000020073e+00 1.54696853375337948e+01 0.00000000000000000e+00
1.50850655095125585e+01 5.00000000000000000e-01 0.00000000000000000e+00
1.54696853375337948e+01 1.50000000000020162e+00 0.00000000000000000e+00
5.00000000000000000e-01 8.50000000000161116e+00 0.00000000000000000e+00
5.13033501930716618e-01 7.50000000000141043e+00 0.00000000000000000e+00
5.00000000000000000e-01 6.50000000000120881e+00 0.00000000000000000e+00
1.50000000000020073e+00 6.50000000000120881e+00 0.00000000000000000e+00
5.00000000000000000e-01 5.50000000000100719e+00 0.00000000000000000e+00
1.50000000000020073e+00 5.50000000000100719e+00 0.00000000000000000e+00
2.50000000000040234e+00 5.52402620341755934e+00 0.00000000000000000e+00
5.00000000000000000e-01 4.50000000000080558e+00 0.00000000000000000e+00
1.50000000000020073e+00 4.50000000000080558e+00 0.00000000000000000e+00
2.50000000000040234e+00 4.50099590026147567e+00 0.00000000000000000e+00
5.00000000000000000e-01 3.50000000000060396e+00 0.00000000000000000e+00
1.50000000000020073e+00 3.50000000000060396e+00 0.00000000000000000e+00
2.50000000000040234e+00 3.50069754147604417e+00 0.00000000000000000e+00
3.50000000000060396e+00 3.63842530956196786e+00 0.00000000000000000e+00
4.50000000000080469e+00 3.50000000000060396e+00 0.00000000000000000e+00
5.00000000000000000e-01 2.50000000000040323e+00 0.00000000000000000e+00
1.44696853375335923e+01 1.14696853375329901e+01 0.00000000000000000e+00
1.50000000000020073e+00 2.50000000000040323e+00 0.00000000000000000e+00
2.50000000000040234e+00 2.50059318534363761e+00 0.00000000000000000e+00
3.50000000000060396e+00 2.50350243787531479e+00 0.00000000000000000e+00
5.50410712782326250e+00 2.50032185704186105e+00 9.26194841385480740e-06
5.00000000000000000e-01 1.50000000000020162e+00 0.00000000000000000e+00
1.50000000000020073e+00 1.50000000000020162e+00 0.00000000000000000e+00
2.50000000000040234e+00 1.50039571210272893e+00 0.00000000000000000e+00
3.50000000000060396e+00 1.50023221749271762e+00 0.00000000000000000e+00
4.50000000000080469e+00 1.50000000000020162e+00 0.00000000000000000e+00
5.50000000000100719e+00 1.50000000000020162e+00 0.00000000000000000e+00
6.50000000000120792e+00 1.50000000000020162e+00 0.00000000000000000e+00
5.00000000000000000e-01 5.00000000000000000e-01 0.00000000000000000e+00
1.50000000000020073e+00 5.00000000000000000e-01 0.00000000000000000e+00
2.50000000000040234e+00 5.00000000000000000e-01 0.00000000000000000e+00
3.50000000000060396e+00 5.00000000000000000e-01 0.00000000000000000e+00
4.50000000000080469e+00 5.00000000000000000e-01 0.00000000000000000e+00
5.50000000000100719e+00 5.00000000000000000e-01 0.00000000000000000e+00
6.50000000000120792e+00 5.00000000000000000e-01 0.00000000000000000e+00
7.50000000000140954e+00 5.00000000000000000e-01 0.00000000000000000e+00
8.50000000000161116e+00 5.00000000000000000e-01 0.00000000000000000e+00
3.46968533753137809e+00 1.54696853375337948e+01 0.00000000000000000e+00
4.46968533753157971e+00 1.54696853375337948e+01 0.00000000000000000e+00
5.46968533753178043e+00 1.54696853375337948e+01 0.00000000000000000e+00
6.46968533753198205e+00 1.54696853375337948e+01 0.00000000000000000e+00
7.46968533753218367e+00 1.54696853375337948e+01 0.00000000000000000e+00
8.46968533753238439e+00 1.54696853375337948e+01 0.00000000000000000e+00
9.46968533753258690e+00 1.54696853375337948e+01 0.00000000000000000e+00
1.04696853375327876e+01 1.54696853375337948e+01 0.00000000000000000e+00
1.14696853375329884e+01 1.54696853375337948e+01 0.00000000000000000e+00
1.24696853375331909e+01 1.54407093273968314e+01 0.00000000000000000e+00
1.34696853375333934e+01 1.54696853375337948e+01 0.00000000000000000e+00
1.44696853375335923e+01 1.54696853375337948e+01 0.00000000000000000e+00
1.54696853375337948e+01 1.54696853375337948e+01 0.00000000000000000e+00
4.46968533753157971e+00 1.44696853375335941e+01 0.00000000000000000e+00
5.46968533753178043e+00 1.44696853375335941e+01 0.00000000000000000e+00
6.46968533753198205e+00 1.44696853375335941e+01 0.00000000000000000e+00
7.46968533753218367e+00 1.44696853375335941e+01 0.00000000000000000e+00
8.46968533753238439e+00 1.44696853375335941e+01 0.00000000000000000e+00
9.46968533753258690e+00 1.44696853375335941e+01 0.00000000000000000e+00
1.04696853375327876e+01 1.44696853375335941e+01 0.00000000000000000e+00
1.14696853375329884e+01 1.44696853375335941e+01 0.00000000000000000e+00
1.24696853375331909e+01 1.44373953557311747e+01 0.00000000000000000e+00
1.34696853375333934e+01 1.44696853375335941e+01 0.00000000000000000e+00
1.44696853375335923e+01 1.44696853375335941e+01 0.00000000000000000e+00
1.54696853375337948e+01 1.44696853375335941e+01 0.00000000000000000e+00
5.46968533753178043e+00 1.34696853375333934e+01 0.00000000000000000e+00
6.46968533753198205e+00 1.34696853375333934e+01 0.00000000000000000e+00
7.46968533753218367e+00 1.34696853375333934e+01 0.00000000000000000e+00
8.46968533753238439e+00 1.34696853375333934e+01 0.00000000000000000e+00
9.46968533753258690e+00 1.34696853375333934e+01 0.00000000000000000e+00
1.04696853375327876e+01 1.34696853375333934e+01 0.00000000000000000e+00
1.14696853375329884e+01 1.34696853375333934e+01 0.00000000000000000e+00
1.24696853375331909e+01 1.34357587759571100e+01 0.00000000000000000e+00
1.34696853375333934e+01 1.34696853375333934e+01 0.00000000000000000e+00
1.44696853375335923e+01 1.34696853375333934e+01 0.00000000000000000e+00
1.54696853375337948e+01 1.34696853375333934e+01 0.00000000000000000e+00
6.46968533753198205e+00 1.24696853375331909e+01 0.00000000000000000e+00
7.46968533753218367e+00 1.24696853375331909e+01 0.00000000000000000e+00
8.46968533753238439e+00 1.24696853375331909e+01 0.00000000000000000e+00
9.46968533753258690e+00 1.24696853375331909e+01 0.00000000000000000e+00
1.04696853375327876e+01 1.24696853375331909e+01 0.00000000000000000e+00
1.14696853375329884e+01 1.24696853375331909e+01 0.00000000000000000e+00
1.24696853375331909e+01 1.24336908089353670e+01 0.00000000000000000e+00
1.34696853375333934e+01 1.24696853375331909e+01 0.00000000000000000e+00
1.44696853375335923e+01 1.24696853375331909e+01 0.00000000000000000e+00
1.54696853375337948e+01 1.24696853375331909e+01 0.00000000000000000e+00
6.46968533753198205e+00 1.14696853375329901e+01 0.00000000000000000e+00
7.46968533753218367e+00 1.14696853375329901e+01 0.00000000000000000e+00
4.50368015581759096e+00 2.50000000000040323e+00 0.00000000000000000e+00
8.46968533753238439e+00 1.14696853375329901e+01 0.00000000000000000e+00
9.46968533753258690e+00 1.14696853375329901e+01 0.00000000000000000e+00
1.04696853375327876e+01 1.14696853375329901e+01 0.00000000000000000e+00
1.14696853375329884e+01 1.14696853375329901e+01 0.00000000000000000e+00
1.24696853375331909e+01 1.14297502305398186e+01 0.00000000000000000e+00
1.34696853375333934e+01 1.14696853375329901e+01 0.00000000000000000e+00
1.54696853375337948e+01 1.14696853375329901e+01 0.00000000000000000e+00
6.46761222437157013e+00 1.04696853375327894e+01 0.00000000000000000e+00
7.46862111573828003e+00 1.04696853375327894e+01 0.00000000000000000e+00
8.46892707658723332e+00 1.04696853375327894e+01 0.00000000000000000e+00
9.46906605391069967e+00 1.04696853375327894e+01 0.00000000000000000e+00
1.04691670157819186e+01 1.04696853375327894e+01 0.00000000000000000e+00
1.14693104763457630e+01 1.04696853375327894e+01 0.00000000000000000e+00
1.24696853375331909e+01 1.04195578759846690e+01 0.00000000000000000e+00
1.34696853375333934e+01 1.04696853375327894e+01 0.00000000000000000e+00
1.44696853375335923e+01 1.04696853375327894e+01 0.00000000000000000e+00
1.54696853375337948e+01 1.04696853375327894e+01 0.00000000000000000e+00
6.46968533753198205e+00 9.46968533753258690e+00 0.00000000000000000e+00
7.46968533753218367e+00 9.46968533753258690e+00 0.00000000000000000e+00
9.46968533753258690e+00 9.46968533753258690e+00 0.00000000000000000e+00
1.04696853375327876e+01 9.46968533753258690e+00 0.00000000000000000e+00
1.14696853375329884e+01 9.46968533753258690e+00 0.00000000000000000e+00
1.24696853375331909e+01 9.41932705776465973e+00 0.00000000000000000e+00
8.46968533753238439e+00 9.46968533753258690e+00 0.00000000000000000e+00
1.34696853375333934e+01 9.46968533753258690e+00 0.00000000000000000e+00
1.44696853375335923e+01 9.46968533753258690e+00 0.00000000000000000e+00
1.54696853375337948e+01 9.46968533753258690e+00 0.00000000000000000e+00
6.46968533753198205e+00 8.32488862291720366e+00 0.00000000000000000e+00
7.46968533753218367e+00 8.46968533753238617e+00 0.00000000000000000e+00
8.46968533753238439e+00 8.46968533753238617e+00 0.00000000000000000e+00
9.46968533753258690e+00 8.46968533753238617e+00 0.00000000000000000e+00
1.04696853375327876e+01 8.46968533753238617e+00 0.00000000000000000e+00
1.14696853375329884e+01 8.46968533753238617e+00 0.00000000000000000e+00
1.24696853375331909e+01 8.41915024329279227e+00 0.00000000000000000e+00
1.34696853375333934e+01 8.46968533753238617e+00 0.00000000000000000e+00
1.44696853375335923e+01 8.46968533753238617e+00 0.00000000000000000e+00
1.54696853375337948e+01 8.46968533753238617e+00 0.00000000000000000e+00
6.46640587861653771e+00 7.32160916400155859e+00 -6.58061751114922145e-03
7.46968533753218367e+00 7.46968533753218455e+00 0.00000000000000000e+00
8.46968533753238439e+00 7.46968533753218455e+00 0.00000000000000000e+00
9.46968533753258690e+00 7.46968533753218455e+00 0.00000000000000000e+00
1.04696853375327876e+01 7.46968533753218455e+00 0.00000000000000000e+00
1.14696853375329884e+01 7.46968533753218455e+00 0.00000000000000000e+00
1.24696853375331909e+01 7.41899038336220951e+00 0.00000000000000000e+00
1.34696853375333934e+01 7.46968533753218455e+00 0.00000000000000000e+00
1.44696853375335923e+01 7.46968533753218455e+00 0.00000000000000000e+00
1.54696853375337948e+01 7.46968533753218455e+00 0.00000000000000000e+00
1.04696853375327876e+01 6.46968533753198294e+00 0.00000000000000000e+00
1.14696853375329884e+01 6.46968533753198294e+00 0.00000000000000000e+00
1.24696853375331909e+01 6.41886254478163742e+00 0.00000000000000000e+00
1.34696853375333934e+01 6.46968533753198294e+00 0.00000000000000000e+00
1.44696853375335923e+01 6.46968533753198294e+00 0.00000000000000000e+00
1.54696853375337948e+01 6.46968533753198294e+00 0.00000000000000000e+00
1.34696853375333934e+01 5.46968533753178132e+00 0.00000000000000000e+00
1.44696853375335923e+01 5.46968533753178132e+00 0.00000000000000000e+00
1.54696853375337948e+01 5.46968533753178132e+00 0.00000000000000000e+00
1.44696853375335923e+01 4.46968533753157971e+00 0.00000000000000000e+00
1.54696853375337948e+01 4.46968533753157971e+00 0.00000000000000000e+00
1.54696853375337948e+01 3.46968533753137898e+00 0.00000000000000000e+00
3.50000000000060396e+00 5.10277699984091537e+00 0.00000000000000000e+00
4.56362572782686993e+00 4.65430446064835035e+00 -3.96496936272153711e-01
4.94981515201293476e+00 5.57672395775757757e+00 -3.96496936272153711e-01
5.51113978952639005e+00 4.32805379759832487e+00 -3.96496936272153711e-01
5.89732921371245311e+00 5.25047329470755209e+00 -3.96496936272153711e-01
5.41633698964873389e+00 1.24163369896501443e+01 1.13357382655466091e-01
1.24696853375331909e+01 5.41857961218200757e+00 0.00000000000000000e+00
6.54971183693946024e-01 1.39442341066427726e+01 3.98991235490043561e-01
1.58401720296331572e+00 1.43147141538396472e+01 3.98991235490043561e-01
6.41648299793932786e-01 1.28495620814495979e+01 3.51723432278742087e-01
1.57087592855676750e+00 1.32201087762066400e+01 3.51723432278742087e-01
2.51475113400399586e+00 1.35507419471156627e+01 3.51723432278742087e-01
6.28946308133880194e-01 1.17689010947927546e+01 3.10773684089989788e-01
1.57155119663333576e+00 1.21042510689886829e+01 3.10773684089989788e-01
2.50263302428744527e+00 1.24754782228440373e+01 3.10773684089989788e-01
3.44761901764919010e+00 1.28034146002466471e+01 3.10773684089989788e-01
4.36369475204169888e+00 1.32213633943986348e+01 3.10773684089989788e-01
6.29350374028786241e-01 1.06800865479126870e+01 3.12025603247602978e-01
1.57009290274514957e+00 1.10210861263252351e+01 3.12025603247602978e-01
2.51266155197203389e+00 1.13564244110941370e+01 3.12025603247602978e-01
3.44366224313206803e+00 1.17276253933665782e+01 3.12025603247602978e-01
4.38862127470348895e+00 1.20555530739091754e+01 3.12025603247602978e-01
6.29350374028786241e-01 9.62935037403059901e+00 3.12025603247602978e-01
1.58106406282829237e+00 9.93633743328886609e+00 3.12025603247602978e-01
2.52180659154465658e+00 1.02773370117014107e+01 3.12025603247602978e-01
3.46437524077154002e+00 1.06126752964703162e+01 3.12025603247602978e-01
4.39537593193157416e+00 1.09838762787427573e+01 3.12025603247602978e-01
5.34033496350299419e+00 1.13118039592853545e+01 3.12025603247602978e-01
1.57646606692515956e+00 8.86435069700720391e+00 3.34443100779250602e-01
2.52105932139487354e+00 9.19259387456115995e+00 3.34443100779250602e-01
3.46128248253131954e+00 9.53341297437728841e+00 3.34443100779250602e-01
4.40345771614702652e+00 9.86861454846177644e+00 3.34443100779250602e-01
5.33326712152004667e+00 1.02394015626794452e+01 3.34443100779250602e-01
2.55117060463042211e+00 8.14440072684830341e+00 3.34443100779250602e-01
3.49576385910013610e+00 8.47264390440225768e+00 3.34443100779250602e-01
4.43598702023658120e+00 8.81346300421838968e+00 3.34443100779250602e-01
5.37816225385228819e+00 9.14866457830287594e+00 3.34443100779250602e-01
1.63641821601193449e+00 7.73028377485475282e+00 3.34443100779250602e-01
3.45024132725720634e+00 7.39406699784507904e+00 3.26664751421645083e-01
4.39486315767729874e+00 7.72232010545168812e+00 3.26664751421645083e-01
5.33521271665380947e+00 8.06318312811870008e+00 3.26664751421645083e-01
4.37768361657367855e+00 6.65413001330290488e+00 3.38173738681835812e-01
5.32228347317485273e+00 6.98237539308169630e+00 3.38173738681835812e-01
2.55075897000998975e+00 1.46911419720816010e+01 4.76132681836915317e-01
3.43556040930520723e+00 1.39649991100266799e+01 3.68268552647506020e-01
2.53479239299871129e+00 6.97970799843788647e+00 3.26664751421645083e-01
3.45835602399804642e+00 6.23677889449304335e+00 3.26664751421645083e-01
1.38699788585725781e+01 6.55712925144485759e-01 -4.01306591999275097e-01
1.42953857821331933e+01 1.57363286227490562e+00 -4.24189726509374698e-01
1.27698785779686244e+01 6.57928320231341068e-01 -4.10244023205295516e-01
1.31735264846131788e+01 1.57285779005465631e+00 -4.10244023205295516e-01
1.35391456389824416e+01 2.50432677636982337e+00 -4.10244023205295516e-01
1.16793940133970011e+01 6.57928320231341068e-01 -4.10244023205295516e-01
1.20782271282740492e+01 1.57495184581717496e+00 -4.10244023205295516e-01
1.24486610744108201e+01 2.50432677636982337e+00 -4.10244023205295516e-01
1.28474941892878700e+01 3.42135030195565637e+00 -4.10244023205295516e-01
1.33075264379800888e+01 4.31175701730023953e+00 -4.10244023205295516e-01
1.05214656931654584e+01 5.00000000000000000e-01 0.00000000000000000e+00
1.09556548089976218e+01 1.55968581501166526e+00 -3.62408633509957723e-01
1.13455187311560319e+01 2.48133341348370440e+00 -3.62408633509957723e-01
1.17252440753092682e+01 3.40682510692118434e+00 -3.62408633509957723e-01
1.21245339355035053e+01 4.32489881160559442e+00 -3.62408633509957723e-01
9.52146569316525770e+00 5.00000000000000000e-01 0.00000000000000000e+00
9.84351500576426375e+00 1.65028239708385360e+00 -3.81760130971639244e-01
1.02682680643415729e+01 2.55733733519855999e+00 -3.81760130971639244e-01
1.06579293034702065e+01 3.47848006267166276e+00 -3.81760130971639244e-01
1.10375301312429297e+01 4.40366159344045194e+00 -3.81760130971639244e-01
1.14696853375329884e+01 5.46968533753178132e+00 0.00000000000000000e+00
8.74075839131282351e+00 1.64286096871098497e+00 -3.81760130971639244e-01
9.13243417735377072e+00 2.56319494608223764e+00 -3.81760130971639244e-01
9.55718723593107988e+00 3.47024988419694402e+00 -3.81760130971639244e-01
9.94684847505971348e+00 4.39139261167004769e+00 -3.81760130971639244e-01
1.03194029404491356e+01 5.31940294044812934e+00 -3.81760130971639244e-01
8.03651376010714635e+00 2.57280206576073667e+00 -3.81760130971639244e-01
8.42818954614809357e+00 3.49313604313198933e+00 -3.81760130971639244e-01
8.85294260472540273e+00 4.40019098124669483e+00 -3.81760130971639244e-01
9.24260384385403633e+00 5.32133370871979849e+00 -3.81760130971639244e-01
7.65028239708506153e+00 1.65028239708385360e+00 -3.81760130971639244e-01
7.32799544174409689e+00 3.48883629793436789e+00 -3.96496936272153711e-01
7.71959590120661954e+00 4.40899035659155025e+00 -3.96496936272153711e-01
8.14407078793596817e+00 5.31538087688423655e+00 -3.96496936272153711e-01
6.61532171863738050e+00 4.37600679322031549e+00 -3.96496936272153711e-01
7.04753045313259285e+00 5.38725389782101338e+00 -4.12922219727876683e-01
1.47102783055709434e+01 2.54221675367029132e+00 -5.36185730969916730e-01
1.40020446268971757e+01 3.40408584281098214e+00 -4.32336240274317163e-01
6.94180601755803206e+00 2.56641680082514068e+00 -3.96496936272153711e-01
6.22832739976826666e+00 3.45166479253572689e+00 -3.96496936272153711e-01
6.28990317197015614e+00 6.17021977856787363e+00 -3.96496936272153711e-01
7.46410079541885096e+00 6.46968533753198294e+00 0.00000000000000000e+00
8.46410079541905347e+00 6.46968533753198294e+00 0.00000000000000000e+00
9.46968533753258690e+00 6.46968533753198294e+00 0.00000000000000000e+00
