# n = 241
# s = 15.988132439528009
# x y theta(rad)
1.51774883701292218e+01 5.00000000000000000e-01 0.00000000000000000e+00
1.54881324395280089e+01 1.50000000000020073e+00 0.00000000000000000e+00
5.00000000000000000e-01 1.54881324395280089e+01 0.00000000000000000e+00
6.50000000000120881e+00 5.00000000000000000e-01 0.00000000000000000e+00
5.50000000000100719e+00 5.00000000000000000e-01 0.00000000000000000e+00
5.50000000000100719e+00 1.50000000000020073e+00 0.00000000000000000e+00
4.50000000000080647e+00 5.00000000000000000e-01 0.00000000000000000e+00
4.50000000000080647e+00 1.50000000000020073e+00 0.00000000000000000e+00
4.50000000000080647e+00 2.50000000000040234e+00 0.00000000000000000e+00
3.50000000000060485e+00 5.00000000000000000e-01 0.00000000000000000e+00
3.50000000000060485e+00 1.50000000000020073e+00 0.00000000000000000e+00
3.50000000000060485e+00 2.50000000000040234e+00 0.00000000000000000e+00
3.50000000000060485e+00 3.50000000000060396e+00 0.00000000000000000e+00
2.50000000000040323e+00 5.00000000000000000e-01 0.00000000000000000e+00
2.50000000000040323e+00 1.50000000000020073e+00 0.00000000000000000e+00
2.50000000000040323e+00 3.50000000000060396e+00 0.00000000000000000e+00
2.50000000000040323e+00 2.50000000000040234e+00 0.00000000000000000e+00
1.50000000000020162e+00 5.00000000000000000e-01 0.00000000000000000e+00
1.50000000000020162e+00 1.50000000000020073e+00 0.00000000000000000e+00
1.50000000000020162e+00 2.50000000000040234e+00 0.00000000000000000e+00
1.50000000000020162e+00 3.50000000000060396e+00 0.00000000000000000e+00
1.50000000000020162e+00 4.50000000000080469e+00 0.00000000000000000e+00
1.50000000000020162e+00 5.50000000000100719e+00 0.00000000000000000e+00
1.50000000000210232e+00 6.50000000000310862e+00 0.00000000000000000e+00
5.00000000000000000e-01 5.00000000000000000e-01 0.00000000000000000e+00
5.00000000000000000e-01 1.50000000000020073e+00 0.00000000000000000e+00
5.00000000000000000e-01 2.50000000000040234e+00 0.00000000000000000e+00
5.00000000000000000e-01 3.50000000000060396e+00 0.00000000000000000e+00
5.00000000000000000e-01 4.50000000000080469e+00 0.00000000000000000e+00
5.00000000000000000e-01 5.50000000000100719e+00 0.00000000000000000e+00
5.00000000000000000e-01 6.50000000000120792e+00 0.00000000000000000e+00
5.00000000000000000e-01 7.50000000000140954e+00 0.00000000000000000e+00
1.54878310053091326e+01 3.48426968959083538e+00 -5.76029371308506332e-04
1.54881324395280089e+01 4.48457112332022056e+00 0.00000000000000000e+00
1.54881324395280089e+01 5.48457112332042218e+00 0.00000000000000000e+00
1.54881324395280089e+01 6.48457112332062380e+00 0.00000000000000000e+00
1.54881324395280089e+01 7.48536431174300887e+00 0.00000000000000000e+00
1.54795476574286610e+01 8.48813243952659846e+00 0.00000000000000000e+00
1.54790570644800880e+01 9.48813243952680097e+00 0.00000000000000000e+00
1.54881324395280089e+01 1.04881324395270017e+01 0.00000000000000000e+00
1.54881324395280089e+01 1.14881324395272042e+01 0.00000000000000000e+00
1.54881324395280089e+01 1.24881324395274049e+01 0.00000000000000000e+00
1.54881324395280089e+01 1.34881324395276057e+01 0.00000000000000000e+00
1.54881324395280089e+01 1.44881324395278082e+01 0.00000000000000000e+00
1.54881324395280089e+01 1.54881324395280089e+01 0.00000000000000000e+00
1.44881324395278082e+01 1.34881324395276057e+01 0.00000000000000000e+00
1.44881324395278082e+01 4.48813243952579377e+00 0.00000000000000000e+00
1.44881324395278082e+01 5.48813243952599450e+00 0.00000000000000000e+00
1.44881324395278082e+01 6.48813243952619612e+00 0.00000000000000000e+00
1.44881324395278082e+01 7.48813243952639773e+00 0.00000000000000000e+00
1.44754548097066653e+01 8.48813243952659846e+00 0.00000000000000000e+00
1.44757161163032464e+01 9.48813243952680097e+00 0.00000000000000000e+00
1.44881324395278082e+01 1.04881324395270017e+01 0.00000000000000000e+00
1.44881324395278082e+01 1.14881324395272042e+01 0.00000000000000000e+00
1.44881324395278082e+01 1.24881324395274049e+01 0.00000000000000000e+00
1.44881324395278082e+01 1.44881324395278082e+01 0.00000000000000000e+00
1.44881324395278082e+01 1.54881324395280089e+01 0.00000000000000000e+00
1.34881324395276074e+01 5.48813243952599450e+00 0.00000000000000000e+00
1.34881324395276074e+01 6.48813243952619612e+00 0.00000000000000000e+00
1.34881324395276074e+01 7.48813243952639773e+00 0.00000000000000000e+00
1.34739158536225059e+01 8.48813243952659846e+00 0.00000000000000000e+00
1.34725770842222392e+01 9.48813243952680097e+00 0.00000000000000000e+00
1.34881324395276074e+01 1.04881324395270017e+01 0.00000000000000000e+00
1.34881324395276074e+01 1.14881324395272042e+01 0.00000000000000000e+00
1.34881324395276074e+01 1.24881324395274049e+01 0.00000000000000000e+00
1.34881324395276074e+01 1.34881324395276057e+01 0.00000000000000000e+00
1.34881324395276074e+01 1.44881324395278082e+01 0.00000000000000000e+00
1.34881324395276074e+01 1.54881324395280089e+01 0.00000000000000000e+00
1.24881324395274049e+01 6.48813243952619612e+00 0.00000000000000000e+00
1.24881324395274049e+01 7.48813243952639773e+00 0.00000000000000000e+00
1.24709092442726543e+01 8.48813243952659846e+00 0.00000000000000000e+00
1.24710556041177618e+01 9.48813243952680097e+00 0.00000000000000000e+00
1.24881324395274049e+01 1.04881324395270017e+01 0.00000000000000000e+00
1.24881324395274049e+01 1.14881324395272042e+01 0.00000000000000000e+00
1.24881324395274049e+01 1.24881324395274049e+01 0.00000000000000000e+00
1.24881324395274049e+01 1.34881324395276057e+01 0.00000000000000000e+00
1.24881324395274049e+01 1.44881324395278082e+01 0.00000000000000000e+00
1.24881324395274049e+01 1.54881324395280089e+01 0.00000000000000000e+00
1.14881324395272042e+01 6.48813243952619612e+00 0.00000000000000000e+00
1.14881324395272042e+01 7.48813243952639773e+00 0.00000000000000000e+00
1.14694718592334155e+01 8.48813243952659846e+00 0.00000000000000000e+00
1.14598622349555495e+01 9.48813243952680097e+00 0.00000000000000000e+00
1.14881324395272042e+01 1.04881324395270017e+01 0.00000000000000000e+00
1.14881324395272042e+01 1.14881324395272042e+01 0.00000000000000000e+00
1.14881324395272042e+01 1.24881324395274049e+01 0.00000000000000000e+00
1.14881324395272042e+01 1.34881324395276057e+01 0.00000000000000000e+00
1.14881324395272042e+01 1.44881324395278082e+01 0.00000000000000000e+00
1.14881324395272042e+01 1.54881324395280089e+01 0.00000000000000000e+00
1.04693334756111298e+01 6.48813243952619612e+00 0.00000000000000000e+00
1.04881324395270035e+01 7.48813243952639773e+00 0.00000000000000000e+00
1.04684269316282226e+01 8.48813243952659846e+00 0.00000000000000000e+00
1.04576992119498389e+01 9.48813243952680097e+00 0.00000000000000000e+00
1.04881324395270035e+01 1.04881324395270017e+01 0.00000000000000000e+00
1.04881324395270035e+01 1.14881324395272042e+01 0.00000000000000000e+00
1.04881324395270035e+01 1.24881324395274049e+01 0.00000000000000000e+00
1.04881324395270035e+01 1.34881324395276057e+01 0.00000000000000000e+00
1.04881324395270035e+01 1.44881324395278082e+01 0.00000000000000000e+00
1.04881324395270035e+01 1.54881324395280089e+01 0.00000000000000000e+00
9.48813243952680097e+00 7.48813243952639773e+00 0.00000000000000000e+00
9.46763731649287976e+00 8.48813243952659846e+00 0.00000000000000000e+00
9.45601775600972161e+00 9.48813243952680097e+00 0.00000000000000000e+00
9.48813243952680097e+00 1.04881324395270017e+01 0.00000000000000000e+00
9.48813243952680097e+00 1.14881324395272042e+01 0.00000000000000000e+00
9.48813243952680097e+00 1.24881324395274049e+01 0.00000000000000000e+00
9.48813243952680097e+00 1.34881324395276057e+01 0.00000000000000000e+00
9.48813243952680097e+00 1.44881324395278082e+01 0.00000000000000000e+00
9.48813243952680097e+00 1.54881324395280089e+01 0.00000000000000000e+00
8.48813243952660024e+00 7.48813243952639773e+00 0.00000000000000000e+00
8.46763731649267726e+00 8.48813243952659846e+00 0.00000000000000000e+00
8.45412686398571722e+00 9.48813243952680097e+00 0.00000000000000000e+00
8.48813243952660024e+00 1.04881324395270017e+01 0.00000000000000000e+00
8.48813243952660024e+00 1.14881324395272042e+01 0.00000000000000000e+00
8.48813243952660024e+00 1.24881324395274049e+01 0.00000000000000000e+00
8.48813243952660024e+00 1.34881324395276057e+01 0.00000000000000000e+00
8.48813243952660024e+00 1.44881324395278082e+01 0.00000000000000000e+00
8.48813243952660024e+00 1.54881324395280089e+01 0.00000000000000000e+00
7.48813243952639862e+00 7.48813243952639773e+00 0.00000000000000000e+00
7.46763731649247742e+00 8.48813243952659846e+00 0.00000000000000000e+00
7.45139614945521256e+00 9.48813243952680097e+00 0.00000000000000000e+00
7.48813243952639862e+00 1.04881324395270017e+01 0.00000000000000000e+00
7.48813243952639862e+00 1.14881324395272042e+01 0.00000000000000000e+00
7.48813243952639862e+00 1.24881324395274049e+01 0.00000000000000000e+00
7.48813243952639862e+00 1.34881324395276057e+01 0.00000000000000000e+00
7.48813243952639862e+00 1.44881324395278082e+01 0.00000000000000000e+00
7.48813243952639862e+00 1.54881324395280089e+01 0.00000000000000000e+00
6.48813243952619700e+00 7.48813243952639773e+00 0.00000000000000000e+00
6.46763731649227580e+00 8.48813243952659846e+00 0.00000000000000000e+00
6.44917245699929431e+00 9.48813243952680097e+00 0.00000000000000000e+00
6.48813243952619700e+00 1.04881324395270017e+01 0.00000000000000000e+00
6.48813243952619700e+00 1.14881324395272042e+01 0.00000000000000000e+00
6.48813243952619700e+00 1.24881324395274049e+01 0.00000000000000000e+00
6.48813243952619700e+00 1.34881324395276057e+01 0.00000000000000000e+00
6.48813243952619700e+00 1.44881324395278082e+01 0.00000000000000000e+00
6.48813243952619700e+00 1.54881324395280089e+01 0.00000000000000000e+00
5.48813243952599628e+00 7.48813243952639773e+00 0.00000000000000000e+00
5.46763731649207507e+00 8.48813243952659846e+00 0.00000000000000000e+00
5.44757051945392323e+00 9.48813243952680097e+00 0.00000000000000000e+00
5.48813243952599628e+00 1.04881324395270017e+01 0.00000000000000000e+00
5.48813243952599628e+00 1.14881324395272042e+01 0.00000000000000000e+00
5.48813243952599628e+00 1.24881324395274049e+01 0.00000000000000000e+00
5.48813243952599628e+00 1.34881324395276057e+01 0.00000000000000000e+00
5.48813243952599628e+00 1.44881324395278082e+01 0.00000000000000000e+00
5.48813243952599628e+00 1.54881324395280089e+01 0.00000000000000000e+00
4.48813243952579377e+00 1.24881324395274049e+01 0.00000000000000000e+00
4.48813243952579377e+00 1.34881324395276057e+01 0.00000000000000000e+00
4.48813243952579377e+00 1.44881324395278082e+01 0.00000000000000000e+00
4.48813243952579377e+00 1.54881324395280089e+01 0.00000000000000000e+00
3.48813243952559304e+00 1.44881324395278082e+01 0.00000000000000000e+00
3.48813243952559304e+00 1.54881324395280089e+01 0.00000000000000000e+00
2.48813243952539143e+00 1.54881324395280089e+01 0.00000000000000000e+00
4.50000000000080647e+00 4.48813243952579377e+00 0.00000000000000000e+00
4.80988882601850953e+00 5.48813243952599450e+00 0.00000000000000000e+00
3.80988882601830792e+00 5.50000000000100719e+00 0.00000000000000000e+00
9.42303586698182016e+00 6.48813243952619612e+00 0.00000000000000000e+00
3.50000000000060485e+00 4.50000000000080469e+00 0.00000000000000000e+00
2.50000000000040323e+00 4.50000000000080469e+00 0.00000000000000000e+00
2.50000000000040323e+00 5.50000000000100719e+00 0.00000000000000000e+00
8.37380269286899015e+00 6.48813243952619612e+00 0.00000000000000000e+00
7.37380269286878942e+00 6.48813243952619612e+00 0.00000000000000000e+00
6.37380269286858780e+00 6.48391854231901732e+00 0.00000000000000000e+00
5.37380269286838619e+00 6.48813243952619612e+00 0.00000000000000000e+00
1.41209992961493498e+01 5.00001000000000140e-01 6.80678408277788493e-16
1.43485070741757106e+01 1.61516914581290560e+00 -3.16058070924930823e-01
1.29862529780132760e+01 6.30784651915192285e-01 -3.15806388388450543e-01
1.32863930861021675e+01 1.58524780078924543e+00 -3.16192364598748721e-01
1.35869366162851044e+01 2.54115791360422527e+00 -3.16111404712191624e-01
1.18965345682450465e+01 6.19353415290009757e-01 -2.81895674381617833e-01
1.22222162645305747e+01 1.56612551258188137e+00 -2.81895674381617833e-01
1.25223040492466264e+01 2.52030980810235761e+00 -2.81895674381617833e-01
1.28223916885581897e+01 3.47449414573311621e+00 -2.81895674381617833e-01
1.31309934703577529e+01 4.42621272068839211e+00 -2.81895674381617833e-01
1.07665872619095051e+01 6.23966637732597640e-01 -2.95587780680332091e-01
1.11301032256339028e+01 1.55860802360292361e+00 -2.95587780680332091e-01
1.14556149731083714e+01 2.50482201209434763e+00 -2.95587780680332091e-01
1.17556390828229684e+01 3.45879720006968672e+00 -2.95587780680332091e-01
1.20556630477368429e+01 4.41277243213806170e+00 -2.95587780680332091e-01
9.71694173066806322e+00 6.24870540725766865e-01 -2.98311904944944972e-01
1.00129443299472474e+01 1.58006019077895488e+00 -2.98311904944944972e-01
1.03764009459263882e+01 2.51450856805990686e+00 -2.98311904944944972e-01
1.07018851527302488e+01 3.46063298977905465e+00 -2.98311904944944972e-01
1.10019030532810245e+01 4.41458798453651369e+00 -2.98311904944944972e-01
1.13019208091522643e+01 5.36854302378113424e+00 -2.98311904944944972e-01
8.67043782331813873e+00 6.24545803248309106e-01 -2.97331623614182472e-01
8.96539570045992917e+00 1.58171477777762437e+00 -3.00504239992530675e-01
9.26139758839587302e+00 2.53690213235198225e+00 -3.00504239992530675e-01
9.62703937959175526e+00 3.47372473575633212e+00 -3.07650558845677158e-01
9.95244033052307842e+00 4.41964848623798723e+00 -3.07553667390036811e-01
1.02524532728217039e+01 5.37358787095594792e+00 -3.07553667390036811e-01
7.91856938876602179e+00 1.58200107539301715e+00 -3.00504239992530675e-01
8.21457127670196563e+00 2.53718842996737415e+00 -3.00504239992530675e-01
8.51057316463790769e+00 3.49237578454173203e+00 -3.00504239992530675e-01
8.88083412851734444e+00 4.42768731199201859e+00 -3.07553667390036811e-01
9.20348912638468342e+00 5.37443484939065819e+00 -3.07553667390036811e-01
7.16234907433947754e+00 2.52006238413714367e+00 -3.00504239992530675e-01
7.45835096227542138e+00 3.47524973871150067e+00 -3.00504239992530675e-01
7.75435285021136433e+00 4.43043709328585944e+00 -3.00504239992530675e-01
8.12485445433893894e+00 5.36253781827094489e+00 -3.00504239992530675e-01
6.86634718640353459e+00 1.56487502956278579e+00 -3.00504239992530675e-01
6.40228186238998731e+00 3.44570989412517026e+00 -3.00504239992530675e-01
6.69828375032593115e+00 4.40089724869952814e+00 -3.00504239992530675e-01
6.99245580095744046e+00 5.35754419828051542e+00 -3.02024462641003577e-01
5.64221465044049708e+00 4.37135740411319773e+00 -3.00504239992530675e-01
5.87501220256981682e+00 5.44102546184253910e+00 -9.78084343636290848e-02
1.23641658017948082e+01 5.36416580179339775e+00 -2.95587780680332091e-01
7.62454580324971953e+00 6.24545803248309106e-01 -2.97331623614182472e-01
1.46482675718122106e+01 2.56928372877480893e+00 -3.16111404712191624e-01
1.38953834991410279e+01 3.49240290633287476e+00 -3.16111404712191624e-01
6.10627997445404347e+00 2.49052253955081238e+00 -3.00504239992530675e-01
5.34621276250455324e+00 3.41617004953884074e+00 -3.00504239992530675e-01
3.30234168247716653e+00 6.54524175271714093e+00 4.24302915275155068e-01
4.21229692060230398e+00 6.95996159791034330e+00 4.24302915275155068e-01
2.43517206369024564e+00 7.25080948912788603e+00 4.27632375610161708e-01
3.34512225825385467e+00 7.66552703567499183e+00 4.27632375610161708e-01
4.32778216430493501e+00 8.10904433270938085e+00 4.19705566412424180e-01
1.56981747272234173e+00 7.95537801493427388e+00 4.27632375610161708e-01
2.47976766728595077e+00 8.37009556148137968e+00 4.27632375610161708e-01
3.38971786184956159e+00 8.78481310802848725e+00 4.27632375610161708e-01
4.30880851742812254e+00 9.19611345449436435e+00 4.13734978097707151e-01
6.56060196760766878e-01 8.65606019676237715e+00 4.03098605852187708e-01
1.58380080054691863e+00 9.06071228203746593e+00 4.27632375610161708e-01
2.49375099511052767e+00 9.47542982858457172e+00 4.27632375610161708e-01
3.40370118967413848e+00 9.89014737513167930e+00 4.27632375610161708e-01
4.33540550659438217e+00 1.03008805747991161e+01 3.90654777234050177e-01
6.57761268426987122e-01 9.74744180763908297e+00 4.09599799443722101e-01
1.57954671778551958e+00 1.01577346940316939e+01 4.27632375610161708e-01
2.48949691234912951e+00 1.05724522405787997e+01 4.27632375610161708e-01
3.39716806153870987e+00 1.09921703418378609e+01 4.27632375610161708e-01
6.59851532653789263e-01 1.08429467035840279e+01 4.17738202936547842e-01
1.57518939383013468e+00 1.12556512188490245e+01 4.25918077217325441e-01
2.48287045256210792e+00 1.16753738364663828e+01 4.25918077217325441e-01
6.61035755702363836e-01 1.19409278915843586e+01 4.22426157804175861e-01
1.56874529318798128e+00 1.23606634297200753e+01 4.22426157804175861e-01
2.43485474886292330e+00 1.28729493673717261e+01 4.22426157804175861e-01
3.32709668382322921e+00 1.33270966838252427e+01 4.22426157804175861e-01
6.65965478276811851e-01 1.30504644808028889e+01 4.42598770780363804e-01
1.53021417229146017e+00 1.35618684934008140e+01 4.42598770780363804e-01
2.42175720259110339e+00 1.40156845575808369e+01 4.42598770780363804e-01
4.43863902121885801e+00 1.14386390212202684e+01 1.04648384679496706e-01
3.34862876082233729e+00 1.21875004621384377e+01 4.25918077217325441e-01
1.56511685982992965e+00 1.47176809811788356e+01 4.77749535429836558e-01
6.73906875330879451e-01 1.42640373527163451e+01 4.77749535429836558e-01
