# n = 259
# s = 16.602568490496513
# x y theta(rad)
5.00000000000000000e-01 1.61025684904965090e+01 0.00000000000000000e+00
1.50000000000020162e+00 1.61025684904965090e+01 0.00000000000000000e+00
2.50000000000040323e+00 1.61025684904965090e+01 0.00000000000000000e+00
3.50000000000060485e+00 1.61025684904965090e+01 0.00000000000000000e+00
4.50000000000080647e+00 1.61025684904965090e+01 0.00000000000000000e+00
5.50000000000100808e+00 1.61025684904965090e+01 0.00000000000000000e+00
6.50000000000120970e+00 1.61025684904965090e+01 0.00000000000000000e+00
7.50000000000141132e+00 1.61025684904965090e+01 0.00000000000000000e+00
8.50000000000161293e+00 1.61025684904965090e+01 0.00000000000000000e+00
9.50000000000181544e+00 1.61025684904965090e+01 0.00000000000000000e+00
1.05000000000020179e+01 1.61025684904965090e+01 0.00000000000000000e+00
1.15000000000022169e+01 1.61025684904965090e+01 0.00000000000000000e+00
1.25000000000024194e+01 1.61025684904965090e+01 0.00000000000000000e+00
5.01035985799283878e-01 1.51025684904963100e+01 0.00000000000000000e+00
1.50115382809198561e+00 1.51025684904963100e+01 0.00000000000000000e+00
2.50194760387991710e+00 1.51025684904963100e+01 0.00000000000000000e+00
3.50200652518451960e+00 1.51025684904963100e+01 0.00000000000000000e+00
4.50206544648912566e+00 1.51025684904963100e+01 0.00000000000000000e+00
5.50217648851949104e+00 1.51025684904963100e+01 0.00000000000000000e+00
6.50222073237721343e+00 1.51025684904963100e+01 0.00000000000000000e+00
7.50229120448722497e+00 1.51025684904963100e+01 0.00000000000000000e+00
8.50240837369117486e+00 1.51025684904963100e+01 0.00000000000000000e+00
9.50254417054933498e+00 1.51025684904963100e+01 0.00000000000000000e+00
1.05027233331147833e+01 1.51025684904963100e+01 0.00000000000000000e+00
1.15039372182646815e+01 1.51015748524320728e+01 1.67378526377527995e-03
5.00000000000000000e-01 1.41025684904961075e+01 0.00000000000000000e+00
1.50000000000020162e+00 1.41025684904961075e+01 0.00000000000000000e+00
2.50000000000040323e+00 1.41025684904961075e+01 0.00000000000000000e+00
3.50000000000060485e+00 1.41025684904961075e+01 0.00000000000000000e+00
4.50000000000080647e+00 1.41025684904961075e+01 0.00000000000000000e+00
5.50000000000100808e+00 1.41025684904961075e+01 0.00000000000000000e+00
6.50000000000120970e+00 1.41025684904961075e+01 0.00000000000000000e+00
7.50000000000141132e+00 1.41025684904961075e+01 0.00000000000000000e+00
8.50000000000161293e+00 1.41025684904961075e+01 0.00000000000000000e+00
9.50000000000181544e+00 1.41025684904961075e+01 0.00000000000000000e+00
1.05000000000020179e+01 1.41025684904961075e+01 0.00000000000000000e+00
5.00000000000000000e-01 1.31025684904959050e+01 0.00000000000000000e+00
1.50000000000020162e+00 1.31025684904959050e+01 0.00000000000000000e+00
2.50000000000040323e+00 1.31025684904959050e+01 0.00000000000000000e+00
3.50000000000060485e+00 1.31025684904959050e+01 0.00000000000000000e+00
4.50000000000080647e+00 1.31025684904959050e+01 0.00000000000000000e+00
5.50000000000100808e+00 1.31025684904959050e+01 0.00000000000000000e+00
6.50000000000120970e+00 1.31025684904959050e+01 0.00000000000000000e+00
7.50000000000141132e+00 1.31025684904959050e+01 0.00000000000000000e+00
8.50000000000161293e+00 1.31025684904959050e+01 0.00000000000000000e+00
9.50000000000181544e+00 1.31025684904959050e+01 0.00000000000000000e+00
5.00000000000000000e-01 1.21025684904957043e+01 0.00000000000000000e+00
1.50000000000020162e+00 1.21025684904957043e+01 0.00000000000000000e+00
2.50000000000040323e+00 1.21025684904957043e+01 0.00000000000000000e+00
3.50000000000060485e+00 1.21025684904957043e+01 0.00000000000000000e+00
4.50000000000080647e+00 1.21025684904957043e+01 0.00000000000000000e+00
5.50000000000100808e+00 1.21025684904957043e+01 0.00000000000000000e+00
6.50000000000120970e+00 1.21025684904957043e+01 0.00000000000000000e+00
7.50000000000141132e+00 1.21025684904957043e+01 0.00000000000000000e+00
8.50000000000161293e+00 1.21025684904957043e+01 0.00000000000000000e+00
5.00000000000000000e-01 1.11025684904955035e+01 0.00000000000000000e+00
1.50000000000020162e+00 1.11025684904955035e+01 0.00000000000000000e+00
2.50000000000040323e+00 1.11025684904955035e+01 0.00000000000000000e+00
3.50000000000060485e+00 1.11025684904955035e+01 0.00000000000000000e+00
4.50000000000080647e+00 1.11025684904955035e+01 0.00000000000000000e+00
5.50000000000100808e+00 1.11025684904955035e+01 0.00000000000000000e+00
6.50000000000120970e+00 1.11025684904955035e+01 0.00000000000000000e+00
7.50000000000141132e+00 1.11025684904955035e+01 0.00000000000000000e+00
5.01065447139136921e-01 1.01025684904953010e+01 0.00000000000000000e+00
1.50306544606302062e+00 1.01025684904953010e+01 0.00000000000000000e+00
2.50312436730698895e+00 1.01025684904953010e+01 0.00000000000000000e+00
3.50318328738269713e+00 1.01025684904953010e+01 0.00000000000000000e+00
4.50420594866814117e+00 1.01025684904953010e+01 0.00000000000000000e+00
5.50428903248616486e+00 1.01025684904953010e+01 0.00000000000000000e+00
6.50547127909294876e+00 1.01014152442893987e+01 1.99362187766251699e-03
5.00000000000000000e-01 9.10256849049509853e+00 0.00000000000000000e+00
1.50000000000020162e+00 9.10256849049509853e+00 0.00000000000000000e+00
2.50000000000040323e+00 9.10256849049509853e+00 0.00000000000000000e+00
3.50000000000060485e+00 9.10256849049509853e+00 0.00000000000000000e+00
4.50000000000080647e+00 9.10256849049509853e+00 0.00000000000000000e+00
5.50000000000100808e+00 9.10256849049509853e+00 0.00000000000000000e+00
5.00000000000000000e-01 8.10256849049489780e+00 0.00000000000000000e+00
1.50000000000020162e+00 8.10256832611139366e+00 0.00000000000000000e+00
2.50000000000040323e+00 8.10256849049489780e+00 0.00000000000000000e+00
3.50000000000060485e+00 8.10256849049489780e+00 0.00000000000000000e+00
4.50000000000080647e+00 8.10256849049489780e+00 0.00000000000000000e+00
5.00000000000000000e-01 7.10256849049469619e+00 0.00000000000000000e+00
1.50000000000020162e+00 7.10256816169958594e+00 0.00000000000000000e+00
2.50000000000040323e+00 7.10256849049469619e+00 0.00000000000000000e+00
3.50000000000060485e+00 7.10256849049469619e+00 0.00000000000000000e+00
5.00000000000000000e-01 6.10256849049449457e+00 0.00000000000000000e+00
1.50000000000020162e+00 6.10155335848298996e+00 0.00000000000000000e+00
2.50000000000040323e+00 6.10256849049449457e+00 0.00000000000000000e+00
5.00000000000000000e-01 5.10256849049429295e+00 0.00000000000000000e+00
1.50138670547415920e+00 5.10140482977555365e+00 -1.68999854263459693e-04
5.00000000000000000e-01 4.10256849049409134e+00 0.00000000000000000e+00
1.61025684904965125e+01 1.61025684904965090e+01 0.00000000000000000e+00
1.51025684904963100e+01 1.61025684904965090e+01 0.00000000000000000e+00
1.61016438978562881e+01 1.51016438978560821e+01 1.85089925078980107e-03
1.61025684904965125e+01 5.02205947222411631e-01 0.00000000000000000e+00
1.51025684904963100e+01 5.00000000000000000e-01 0.00000000000000000e+00
1.41025684904961075e+01 5.00000000000000000e-01 0.00000000000000000e+00
1.31025684904959050e+01 5.00000000000000000e-01 0.00000000000000000e+00
1.21025684904957060e+01 5.00000000000000000e-01 0.00000000000000000e+00
1.11025684904955035e+01 5.01291456716312922e-01 0.00000000000000000e+00
1.01025684904953010e+01 5.00000000000000000e-01 0.00000000000000000e+00
9.10256849049509853e+00 5.00000000000000000e-01 0.00000000000000000e+00
8.10256849049489958e+00 5.01941146793602577e-01 0.00000000000000000e+00
7.10256849049469619e+00 5.00000000000000000e-01 0.00000000000000000e+00
6.10256849049449457e+00 5.00000000000000000e-01 0.00000000000000000e+00
5.10256849049429295e+00 5.00000000000000000e-01 0.00000000000000000e+00
4.10256849049409134e+00 5.00000000000000000e-01 0.00000000000000000e+00
3.10256749047746272e+00 5.02702737376417907e-01 -9.82314941842104627e-17
1.61025684904965125e+01 1.50300129379458802e+00 0.00000000000000000e+00
1.51025684904963100e+01 1.50000000000020162e+00 0.00000000000000000e+00
1.41025684904961075e+01 1.50000000000020162e+00 0.00000000000000000e+00
1.31025684904959050e+01 1.50000000000020162e+00 0.00000000000000000e+00
1.21025684904957060e+01 1.50000000000020162e+00 0.00000000000000000e+00
1.11025684904955035e+01 1.50179091427857436e+00 0.00000000000000000e+00
1.01025684904953010e+01 1.50000000000020162e+00 0.00000000000000000e+00
9.10256849049509853e+00 1.50000000000020162e+00 0.00000000000000000e+00
8.10256849049489958e+00 1.50196558249486323e+00 0.00000000000000000e+00
7.10256849049469619e+00 1.50000000000020162e+00 0.00000000000000000e+00
6.10256849049449457e+00 1.50000000000020162e+00 0.00000000000000000e+00
5.10256849049429295e+00 1.50000000000020162e+00 0.00000000000000000e+00
4.10256849049409134e+00 1.50000000000020162e+00 0.00000000000000000e+00
1.61025684904965125e+01 2.50304661800089878e+00 0.00000000000000000e+00
1.51025684904963100e+01 2.50000000000040323e+00 0.00000000000000000e+00
1.41025684904961075e+01 2.50000000000040323e+00 0.00000000000000000e+00
1.31025684904959050e+01 2.50000000000040323e+00 0.00000000000000000e+00
1.21025684904957060e+01 2.50000000000040323e+00 0.00000000000000000e+00
1.11025684904955035e+01 2.50185501185976467e+00 0.00000000000000000e+00
1.01025684904953010e+01 2.50000000000040323e+00 0.00000000000000000e+00
9.10256849049509853e+00 2.50000000000040323e+00 0.00000000000000000e+00
8.10256849049489958e+00 2.50198640314231913e+00 0.00000000000000000e+00
7.10256849049469619e+00 2.50000000000040323e+00 0.00000000000000000e+00
6.10256849049449457e+00 2.50000000000040323e+00 0.00000000000000000e+00
5.10256849049429295e+00 2.50000000000040323e+00 0.00000000000000000e+00
1.61025684904965125e+01 3.50316446037128060e+00 0.00000000000000000e+00
1.51025684904963100e+01 3.50000000000060485e+00 0.00000000000000000e+00
1.41025684904961075e+01 3.50000000000060485e+00 0.00000000000000000e+00
1.31025684904959050e+01 3.50000000000060485e+00 0.00000000000000000e+00
1.21025684904957060e+01 3.50000000000060485e+00 0.00000000000000000e+00
1.11025684904955035e+01 3.50192988672172767e+00 0.00000000000000000e+00
1.01025684904953010e+01 3.50000000000060485e+00 0.00000000000000000e+00
9.10256849049509853e+00 3.50000000000060485e+00 0.00000000000000000e+00
8.10256849049489958e+00 3.50200440425104453e+00 0.00000000000000000e+00
7.10256849049469619e+00 3.50000000000060485e+00 0.00000000000000000e+00
6.10256849049449457e+00 3.50000000000060485e+00 0.00000000000000000e+00
1.61025684904965125e+01 4.50322338175560244e+00 0.00000000000000000e+00
1.51025684904963100e+01 4.50000000000080647e+00 0.00000000000000000e+00
1.41025684904961075e+01 4.50000000000080647e+00 0.00000000000000000e+00
1.31025684904959050e+01 4.50000000000080647e+00 0.00000000000000000e+00
1.21025684904957060e+01 4.50000000000080647e+00 0.00000000000000000e+00
1.11025684904955035e+01 4.50195264531494388e+00 0.00000000000000000e+00
1.01025684904953010e+01 4.50000000000080647e+00 0.00000000000000000e+00
9.10256849049509853e+00 4.50000000000080647e+00 0.00000000000000000e+00
8.10256849049489958e+00 4.50201278022147022e+00 0.00000000000000000e+00
7.10256849049469619e+00 4.50000000000080647e+00 0.00000000000000000e+00
1.61025684904965125e+01 5.50408427175765347e+00 0.00000000000000000e+00
1.51025684904963100e+01 5.50000000000100808e+00 0.00000000000000000e+00
1.41025684904961075e+01 5.50000000000100808e+00 0.00000000000000000e+00
1.31025684904959050e+01 5.50000000000100808e+00 0.00000000000000000e+00
1.21025684904957060e+01 5.50000000000100808e+00 0.00000000000000000e+00
1.11025684904955035e+01 5.50199065428668987e+00 0.00000000000000000e+00
1.01025684904953010e+01 5.50000000000100808e+00 0.00000000000000000e+00
9.10256849049509853e+00 5.50000000000100808e+00 0.00000000000000000e+00
8.10256749049558778e+00 5.50202004109686094e+00 2.36510119031828410e-17
1.61025684904965125e+01 6.50422338149448098e+00 0.00000000000000000e+00
1.51025684904963100e+01 6.50000000000120970e+00 0.00000000000000000e+00
1.41025684904961075e+01 6.50000000000120970e+00 0.00000000000000000e+00
1.31025684904959050e+01 6.50000000000120970e+00 0.00000000000000000e+00
1.21025684904957060e+01 6.50000000000120970e+00 0.00000000000000000e+00
1.11025684904955035e+01 6.50200766796349949e+00 0.00000000000000000e+00
1.01025684904953010e+01 6.50000000000120970e+00 0.00000000000000000e+00
9.10256849049509853e+00 6.50000000000120970e+00 0.00000000000000000e+00
1.61025684904965125e+01 7.50471243239039332e+00 0.00000000000000000e+00
1.51025684904963100e+01 7.50000000000141132e+00 0.00000000000000000e+00
1.41025684904961075e+01 7.50000000000141132e+00 0.00000000000000000e+00
1.31025684904959050e+01 7.50000000000141132e+00 0.00000000000000000e+00
1.21025684904957060e+01 7.50000000000141132e+00 0.00000000000000000e+00
1.11025684904955035e+01 7.50201797941220327e+00 0.00000000000000000e+00
1.01025684904953010e+01 7.50000000000141132e+00 0.00000000000000000e+00
1.61025684904965125e+01 8.50474621972229450e+00 0.00000000000000000e+00
1.51025684904963100e+01 8.50000000000161293e+00 0.00000000000000000e+00
1.41025684904961075e+01 8.50000000000161293e+00 0.00000000000000000e+00
1.31025684904959050e+01 8.50000000000161293e+00 0.00000000000000000e+00
1.21025684904957060e+01 8.50000000000161293e+00 0.00000000000000000e+00
1.11025674904962841e+01 8.50202604122431538e+00 1.84011000006324183e-18
1.61025684904965125e+01 9.50478361251763459e+00 0.00000000000000000e+00
1.51025684904963100e+01 9.50000000000181544e+00 0.00000000000000000e+00
1.41025684904961075e+01 9.50000000000181544e+00 0.00000000000000000e+00
1.31025684904959050e+01 9.50000000000181544e+00 0.00000000000000000e+00
1.21025684904957060e+01 9.50000000000181544e+00 0.00000000000000000e+00
1.61025684904965125e+01 1.05048425338019964e+01 0.00000000000000000e+00
1.51025684904963100e+01 1.05000000000020162e+01 0.00000000000000000e+00
1.41025684904961075e+01 1.05000000000020162e+01 0.00000000000000000e+00
1.31025684904959050e+01 1.05000000000020162e+01 0.00000000000000000e+00
1.61025684904965125e+01 1.15048595474788105e+01 0.00000000000000000e+00
1.51025684904963100e+01 1.15000000000022169e+01 0.00000000000000000e+00
1.41025684904961075e+01 1.15000000000022169e+01 0.00000000000000000e+00
1.61025684904965125e+01 1.25048823059539345e+01 0.00000000000000000e+00
1.51025684904963100e+01 1.25000000000024194e+01 0.00000000000000000e+00
1.61025674903830520e+01 1.35049304901275100e+01 3.00431868032103258e-15
5.01486685214154626e-01 5.00000000000000000e-01 0.00000000000000000e+00
1.50355793579261210e+00 5.03375758920989291e-01 3.55932542456128967e-03
5.00000000000000000e-01 1.50000000000020162e+00 0.00000000000000000e+00
8.97729318591265368e-01 2.85098745955372124e+00 -7.44608500971884357e-01
1.59936263891413066e+00 2.12771699130933367e+00 -7.44338750968905893e-01
2.30130878355123425e+00 1.41365518545693902e+00 -7.44338750968905338e-01
1.62864102055615856e+00 3.54705163856013606e+00 -7.44338750968905893e-01
2.32094842147118463e+00 2.82263334964129786e+00 -7.44338750968905893e-01
3.02284134715290254e+00 2.10862192275340554e+00 -7.44338750968905893e-01
2.36350012418852895e+00 4.25358827667013006e+00 -7.83454241569840448e-01
3.07158624328535534e+00 3.51405157872716423e+00 -7.84448574117771025e-01
3.77480073684963280e+00 2.79804192647248762e+00 -7.83341183819671993e-01
3.07194205541732934e+00 4.98905635262322011e+00 7.44338750968905893e-01
3.76291947277661709e+00 4.26594732278291122e+00 7.44338750968905893e-01
4.46431392528242821e+00 3.55243318793549978e+00 7.44338750968905893e-01
3.76659002699667322e+00 5.71093351869588162e+00 7.44338750968905893e-01
4.45912717017124205e+00 4.98613111767759243e+00 7.44338750968905893e-01
5.16052162267705317e+00 4.27261698283018099e+00 7.44338750968905893e-01
4.50368580265485541e+00 6.38672573362427975e+00 7.44338750968905893e-01
5.19466322001414316e+00 5.66361670378397086e+00 7.44338750968905893e-01
5.89605767251995427e+00 4.95010256893655942e+00 7.44338750968905893e-01
5.19989350004947948e+00 7.10690952851896096e+00 7.44338750968905893e-01
5.89087091740876811e+00 6.38380049867865207e+00 7.44338750968905893e-01
6.60843684409653420e+00 5.68518154220720895e+00 7.44338750968905893e-01
5.90811159697081134e+00 7.84561539614203163e+00 -7.79148683946778831e-01
6.59944035687211983e+00 7.12220676089539673e+00 -7.78732363562053220e-01
7.31650436322220887e+00 6.42395978389901057e+00 -7.78922892444131931e-01
6.63658731724919804e+00 8.55567881499057492e+00 -7.44338750968905893e-01
7.32878464173803224e+00 7.83114101772888560e+00 -7.44338750968905893e-01
8.04556736187054611e+00 7.13329521977526149e+00 -7.44338750968905893e-01
1.37831253030999541e+01 1.57291811401687980e+01 7.44228134398123076e-01
1.44731872072015157e+01 1.50050127487002278e+01 7.44338750968905893e-01
1.51929596194998204e+01 1.43073505348637191e+01 7.44928125404772268e-01
1.30897658293123911e+01 1.50054734268191332e+01 7.44338750968905893e-01
1.37799351408552120e+01 1.42816200690253261e+01 7.44338750968905893e-01
1.44989814613698407e+01 1.35843646697577380e+01 7.44338750968905893e-01
1.23820944534362027e+01 1.42705052786188311e+01 7.85393003547489088e-01
1.30729865616737158e+01 1.35465421202582590e+01 7.84448574117771025e-01
1.38036377440304783e+01 1.28347604136779321e+01 -7.81707176758122069e-01
1.16450677127625823e+01 1.35648858545865156e+01 -7.44338750968905893e-01
1.23366211677135986e+01 1.28396490177198928e+01 -7.44338750968905893e-01
1.30547617947268826e+01 1.21432774791211813e+01 -7.44338750968905893e-01
1.09245885875987092e+01 1.28689501792097936e+01 -7.44338750968905893e-01
1.16164373728189183e+01 1.21434413203252696e+01 -7.44338750968905893e-01
1.23345779998321987e+01 1.14470697817265545e+01 -7.44338750968905893e-01
1.02473983317615200e+01 1.21331421073489878e+01 -7.44338750968905893e-01
1.09389517867125399e+01 1.14079052704823667e+01 -7.44338750968905893e-01
1.16611312319945988e+01 1.07065576356470160e+01 -7.42471107937912156e-01
9.52721453531739471e+00 1.14369344082721582e+01 -7.44338750968905893e-01
1.02187679918178596e+01 1.07116975730877435e+01 -7.44338750968905893e-01
1.09355811383518216e+01 1.00138848086267753e+01 -7.44338750968905893e-01
8.78748384416528694e+00 1.07328143712994510e+01 7.83948728841581621e-01
9.47851347562668067e+00 1.00050011934994689e+01 7.78732363562053220e-01
1.02007734207825607e+01 9.30717377704087134e+00 -7.83665546620173181e-01
8.08095098495761022e+00 9.99735427345408922e+00 7.44338750968905893e-01
8.77142747276762336e+00 9.27378384875847850e+00 7.44338750968905893e-01
9.48899664710003066e+00 8.57516788361891003e+00 7.44338750968905893e-01
7.37325040637257434e+00 9.26132592639007868e+00 -7.84126065374211811e-01
8.06577327802337152e+00 8.53679521247313744e+00 -7.85398163397448279e-01
8.78443392802976319e+00 7.83462997230354574e+00 -7.81574968058853070e-01
