# n = 263
# s = 16.742280159187313
# x y theta(rad)
5.00000000000001443e-01 1.62422801591873096e+01 9.64974344225581152e-18
1.50000000000056621e+00 1.62422801591873096e+01 2.24018509329489048e-17
2.50000000000113021e+00 1.62422801591873096e+01 -1.68228948956380573e-17
3.50000000000169509e+00 1.62422801591873096e+01 -3.54661158727403195e-16
4.50000000000226130e+00 1.62422801591873096e+01 -6.39948341486167382e-19
5.50000000000282530e+00 1.62422801591873096e+01 -1.11665550538940808e-16
6.50000000000338929e+00 1.62422801591873096e+01 -1.29664140667637305e-16
7.50000000000395506e+00 1.62422801591873096e+01 -1.52277260637615643e-16
8.50000000000451905e+00 1.62422801591873096e+01 2.81836978353496236e-17
9.50000000000508393e+00 1.62422801591873096e+01 -3.15549419005380777e-17
1.05000000000056488e+01 1.62422801591873096e+01 -1.86618361361315336e-17
1.15000000000062119e+01 1.62422801591873096e+01 -1.47641953022626081e-17
5.00000000000001443e-01 1.52422801591867483e+01 -7.07010791011529005e-18
1.50000000000056621e+00 1.52422801591867483e+01 -6.25798794041113786e-17
2.50000000000113021e+00 1.52422801591867483e+01 -7.40698548638363610e-18
3.50000000000169509e+00 1.52422801591867483e+01 -9.66310264437802961e-17
4.50000000000226130e+00 1.52422801591867483e+01 -6.52036688809223974e-17
5.50000000000282530e+00 1.52422801591867483e+01 1.86138237717085277e-16
6.50000000000338929e+00 1.52422801591867483e+01 -7.92008161110924770e-17
7.50000000000395417e+00 1.52422801591867483e+01 -1.75653580105160435e-16
8.50000000000451905e+00 1.52422801591867483e+01 -3.01107689234429718e-17
9.50000000000508393e+00 1.52422801591867483e+01 -2.98056024635891666e-16
1.05000000000056399e+01 1.52422801591867554e+01 -2.60204286231784793e-17
5.00000000000001443e-01 1.42422801591861834e+01 1.18119952255854692e-16
1.50000000000056621e+00 1.42422801591861834e+01 1.03521638056055287e-16
2.50000000000113021e+00 1.42422801591861834e+01 3.03796836862227360e-17
3.50000000000169509e+00 1.42422801591861834e+01 -5.57244607225256231e-17
4.50000000000226130e+00 1.42422801591861834e+01 -9.03244425251384779e-17
5.50000000000282530e+00 1.42422801591861834e+01 -1.19125256868765032e-16
6.50000000000338929e+00 1.42422801591861816e+01 -1.07853875023764888e-16
7.50000000000395417e+00 1.42422801591861834e+01 -1.85721413717032842e-16
8.50000000000451905e+00 1.42422801591861834e+01 -8.56202451539461605e-17
9.50000000000508393e+00 1.42422801591861834e+01 6.03984866101931317e-17
5.00000000000001443e-01 1.32422801591856185e+01 3.96428945208279994e-17
1.50000000000056621e+00 1.32422801591856185e+01 9.51540457516819296e-17
2.50000000000113021e+00 1.32422801591856185e+01 9.51540391342370292e-17
3.50000000000169509e+00 1.32422801591856185e+01 -1.61082045197530251e-17
4.50000000000226130e+00 1.32422801591856185e+01 -1.01071168216053057e-16
5.50000000000282530e+00 1.32422801591856185e+01 -1.41540452713402500e-16
6.50000000000338929e+00 1.32422801591856185e+01 -1.41540444855186681e-16
7.50000000000395417e+00 1.32422801591856185e+01 -1.41540444855186681e-16
8.50000000000451905e+00 1.32422801591856185e+01 -2.08069114174294171e-16
5.00000000000001443e-01 1.22422801591850536e+01 -6.59097512082252451e-17
1.50000000000056621e+00 1.22422801591850536e+01 8.79238704314242329e-17
2.50000000000113021e+00 1.22422801591850536e+01 1.14732025116490915e-16
3.50000000000169598e+00 1.22422801591850536e+01 -1.91532398813514288e-16
4.50000000000226130e+00 1.22422801591850536e+01 -2.43709628390531506e-16
5.50000000000282530e+00 1.22422801591850536e+01 -2.85808860141759894e-16
6.50000000000338929e+00 1.22422801591850536e+01 1.89420100669304905e-16
7.50000000000395417e+00 1.22422801591850536e+01 1.37605400014636842e-16
5.00000000000001443e-01 1.12422801591844888e+01 -1.44893455957320616e-17
1.50000000000056621e+00 1.12422801591844888e+01 4.10201115696312568e-17
2.50000000000113021e+00 1.12422801591844888e+01 -1.05353957979489876e-17
3.50000000000169509e+00 1.12422801591844888e+01 3.37534165355220736e-17
4.50000000000226130e+00 1.12422801591844905e+01 9.79789937402927217e-18
5.50000000000282530e+00 1.12422801591844905e+01 3.30055965550532240e-17
6.50000000000339107e+00 1.12422801591844888e+01 -2.38253042351114456e-16
5.00000000000001443e-01 1.02422801591839239e+01 -5.55045664599915986e-17
1.50000000000056621e+00 1.02422801591839256e+01 -1.82146906690525544e-17
2.50000000000113021e+00 1.02422801591839256e+01 3.72964605383090981e-17
3.50000000000169509e+00 1.02422801591839239e+01 3.36627840101658635e-17
4.50000000000226130e+00 1.02422801591839256e+01 -4.43143630737098688e-17
5.50000000000282530e+00 1.02422801591839256e+01 -1.89470107239926641e-17
5.00000000000004108e-01 9.24228015918336254e+00 -4.30062344243531403e-16
1.50000000000056533e+00 9.24228015918336432e+00 2.87695819888533524e-15
2.50000000000113198e+00 9.24228015918336254e+00 1.37352857352731770e-15
3.50000000000169509e+00 9.24228015918335899e+00 1.37488297926601800e-15
4.50000000000226130e+00 9.24228015918336077e+00 7.44060489841329716e-16
5.00000000000001443e-01 8.24228015918279944e+00 5.55473618897529484e-17
1.50000000000056799e+00 8.24228015918279766e+00 -2.82754882425211981e-15
2.50000000000113198e+00 8.24228015918280121e+00 4.10064852652023786e-15
3.50000000000169775e+00 8.24228015918279588e+00 1.41697284261085597e-15
5.00000000000003220e-01 7.24228015918223367e+00 -3.08063341817547270e-15
1.50000000000056621e+00 7.24228015918223189e+00 -4.51236374519772714e-17
2.50000000000112932e+00 7.24228015918222834e+00 -1.16353428493312532e-17
5.00000000000003220e-01 6.24228015918166967e+00 -3.17897224928580246e-15
1.50000000000056621e+00 6.24228015918166790e+00 -4.34144122319727176e-17
5.00000000000001443e-01 5.24228015918110390e+00 -2.90139955247056824e-15
1.62422801591873096e+01 5.00000000000000222e-01 -5.55106847013923471e-17
1.52422801591867501e+01 5.00000000000000222e-01 -3.79606285641487240e-17
1.42422801591861852e+01 5.00000000000000222e-01 -7.39365679042391503e-17
1.32422801591856203e+01 5.00000000000000222e-01 3.76238564327289631e-16
1.22422801591850554e+01 5.00000000000000222e-01 -6.33665347840942084e-18
1.12422801591844905e+01 5.00000000000000222e-01 1.48535697630514107e-17
1.02422801591839274e+01 5.00000000000000222e-01 -3.75931956708216976e-16
9.24228015918336254e+00 5.00000000000000222e-01 1.62263984123138180e-17
8.24228015918279588e+00 5.00000000000000222e-01 1.60167048183091753e-17
7.24228015918223278e+00 5.00000000000000222e-01 4.55597846504406795e-19
6.24228015918166790e+00 5.00000000000000222e-01 2.72426971660664347e-19
1.62422801591873096e+01 1.50000000000056510e+00 4.63221143029695498e-22
1.52422801591867501e+01 1.50000000000056510e+00 -9.63146705722745371e-17
1.42422801591861852e+01 1.50000000000056599e+00 -3.23748557663065091e-16
1.32422801591856203e+01 1.50000000000056510e+00 4.31436128053756761e-16
1.22422801591850554e+01 1.50000000000056599e+00 -4.24432216228588611e-16
1.12422801591844905e+01 1.50000000000056510e+00 1.48544167959986650e-17
1.02422801591839274e+01 1.50000000000056510e+00 1.51996565013455533e-16
9.24228015918336254e+00 1.50000000000056510e+00 5.95819916016113886e-17
8.24228015918279588e+00 1.50000000000056510e+00 1.60171283347828024e-17
7.24228015918223189e+00 1.50000000000056510e+00 5.73890244902421356e-17
1.62422801591873096e+01 2.50000000000112887e+00 4.63221143029695498e-22
1.52422801591867501e+01 2.50000000000112887e+00 -1.23939167839315848e-16
1.42422801591861852e+01 2.50000000000112976e+00 -3.79259708015443517e-16
1.32422801591856203e+01 2.50000000000112976e+00 -2.96741364051894817e-16
1.22422801591850554e+01 2.50000000000112976e+00 -3.87717573026453386e-16
1.12422801591844905e+01 2.50000000000112887e+00 -4.05805014700062749e-17
1.02422801591839256e+01 2.50000000000112887e+00 9.65387768707994243e-17
9.24228015918336077e+00 2.50000000000112976e+00 -5.14403108092054772e-17
8.24228015918279588e+00 2.50000000000112887e+00 -3.24623258418866704e-17
1.62422801591873096e+01 3.50000000000169376e+00 -2.00301540342082668e-16
1.52422801591867501e+01 3.50000000000169464e+00 -2.34637048824817285e-16
1.42422801591861852e+01 3.50000000000169553e+00 -2.23928839875010397e-16
1.32422801591856203e+01 3.50000000000169376e+00 -2.96733425030869475e-16
1.22422801591850554e+01 3.50000000000169464e+00 -3.32175081576147150e-16
1.12422801591844905e+01 3.50000000000169464e+00 -2.71337421279250941e-15
1.02422801591839256e+01 3.50000000000169464e+00 -6.89130467556785889e-17
9.24228015918336077e+00 3.50000000000169464e+00 3.08305758676584511e-16
1.62422801591873096e+01 4.50000000000225864e+00 -2.00301431296413479e-16
1.52422801591867501e+01 4.50000000000226308e+00 5.37642138002265180e-17
1.42422801591861852e+01 4.50000000000225775e+00 4.39306792139898229e-16
1.32422801591856203e+01 4.50000000000225864e+00 -3.21397583389965359e-16
1.22422801591850536e+01 4.50000000000225775e+00 7.15707359157280829e-16
1.12422801591845083e+01 4.50000000000227640e+00 3.54962606000322973e-14
1.02422801591839612e+01 4.50000000000225864e+00 -1.74095599769042247e-17
1.62422801591873132e+01 5.50000000000282352e+00 4.38055767696990633e-16
1.52422801591867501e+01 5.50000000000282352e+00 4.15845008358539761e-16
1.42422801591861852e+01 5.50000000000282174e+00 3.75042987359921230e-15
1.32422801591856185e+01 5.50000000000282352e+00 4.39296995219518304e-16
1.22422801591850536e+01 5.50000000000282352e+00 1.04609128948406699e-17
1.12422801591844905e+01 5.50000000000282352e+00 -1.38184276803219977e-15
1.62422801591873096e+01 6.50000000000338840e+00 3.82544775284410416e-16
1.52422801591867501e+01 6.50000000000338929e+00 -9.06867354550572694e-17
1.42422801591861852e+01 6.50000000000338751e+00 4.39301247108812585e-16
1.32422801591856185e+01 6.50000000000338751e+00 4.94808126598441430e-16
1.22422801591850483e+01 6.50000000000338662e+00 3.31134408671873300e-17
1.62422801591873096e+01 7.50000000000395328e+00 3.95915792544305486e-16
1.52422801591867501e+01 7.50000000000395328e+00 -2.50700179523681721e-17
1.42422801591861852e+01 7.50000000000395239e+00 4.39348607890546283e-16
1.32422801591856256e+01 7.50000000000395239e+00 4.70527454069785318e-16
1.62422801591873096e+01 8.50000000000451905e+00 4.51426829417843627e-16
1.52422801591867465e+01 8.50000000000451905e+00 4.51461774903591849e-16
1.42422801591861816e+01 8.50000000000451905e+00 -2.40317258013607611e-14
1.62422801591873096e+01 9.50000000000508216e+00 2.27547460345987277e-19
1.52422801591867429e+01 9.50000000000508216e+00 6.55427741996174749e-16
1.62422801591873096e+01 1.05000000000056470e+01 6.19322062489052185e-16
5.00000000000001443e-01 6.03812443341988692e-01 5.43987852132761171e-17
1.50000000000056621e+00 5.00000000000000222e-01 5.59084890928588990e-17
2.50000000000113021e+00 5.00000000000000222e-01 5.48885820150259163e-17
3.74757294206690750e+00 5.00000000000000222e-01 -5.53979664536809711e-17
4.74757294206747282e+00 5.00000000000000222e-01 3.57342024622907956e-22
5.00000000000001443e-01 1.60731847589108878e+00 -3.67921466134114167e-17
1.50000000000056621e+00 1.50000000000056510e+00 6.10232181355151865e-17
5.00000000000001443e-01 2.61115009168298151e+00 -1.07418177271948606e-16
1.62422801591873096e+01 1.62422801591873096e+01 5.11743425413158093e-17
1.62422801591873025e+01 1.52422801591867483e+01 3.66460334300100499e-17
1.62421883998897876e+01 1.42422801591861834e+01 6.80878964320896785e-17
1.62420276109211805e+01 1.32422801591856185e+01 3.15255159759504633e-15
1.62422801591873096e+01 1.22422801591850536e+01 3.16357319030471928e-15
1.52422801591867501e+01 1.62420969502778973e+01 -1.76129355553875258e-14
1.52422277815639280e+01 1.52420450873854350e+01 -1.03184230592353636e-04
1.42422801591861852e+01 1.62422801591873096e+01 -5.47928654162895179e-17
5.10886724018551619e-01 3.81692634991777169e+00 -2.20176045882741964e-02
1.49970530234664112e+00 4.53551118674639575e+00 -7.83233316279482228e-01
2.24791187380435487e+00 5.28323777233407643e+00 7.84674888200239895e-01
2.91588409057006048e+00 6.02955438198011340e+00 7.84651201333880000e-01
3.66284592267590847e+00 6.69934871213832306e+00 -7.83251029517587183e-01
4.37110850400013184e+00 7.40630710964694750e+00 -7.84674888200239229e-01
5.07870719725027797e+00 8.11542787507991648e+00 7.82570220193475219e-01
5.70710395373242374e+00 8.90169679059862951e+00 7.82570220193475219e-01
6.49528880208182624e+00 9.53125832522524163e+00 -7.82587651251326011e-01
7.20393275743961681e+00 1.02393222280084721e+01 7.84674888200238341e-01
7.85216439727513382e+00 1.10054079878805826e+01 7.84651201334371384e-01
8.61905655857490061e+00 1.16550096760270723e+01 -7.83930467012724730e-01
9.32777550545904965e+00 1.23629859606980457e+01 7.84674888200238452e-01
1.00348316974609961e+01 1.30732009400411489e+01 7.80345144543970970e-01
1.07080846351043082e+01 1.38145828170858600e+01 7.80263885871297025e-01
1.14531098138420226e+01 1.44885251998861584e+01 -7.84181582966575141e-01
1.21614909006028906e+01 1.51983668187347334e+01 7.80927728821998568e-01
1.28263857955367708e+01 1.62422801591873096e+01 2.02210190853733426e-17
1.70710622599805317e+00 2.99670524664958382e+00 -7.84145041892380879e-01
2.24809276284094617e+00 3.86986088453830046e+00 -7.83233316279482228e-01
2.95674610338522781e+00 4.57785557286612299e+00 7.84674888200240006e-01
3.63348342009460135e+00 5.31537615147078046e+00 -7.86121438594656663e-01
4.37140385446489432e+00 5.99369605968814145e+00 -7.83251029517587183e-01
5.07966705960195952e+00 6.70065383428565031e+00 -7.84674888200239229e-01
5.78727355967934365e+00 7.40976680417617928e+00 7.82570220193488431e-01
6.41918362059907288e+00 8.19250248800021375e+00 7.82570220193475330e-01
7.20384696225792531e+00 8.82560550309715808e+00 -7.82587651251326011e-01
7.91249344145553124e+00 9.53366687838708060e+00 7.84674888200238341e-01
8.61827517362330653e+00 1.02421009969055312e+01 -7.86121438594658328e-01
9.32766546220453563e+00 1.09494079076443214e+01 -7.83930467012724730e-01
1.00359196453330242e+01 1.16569146690514174e+01 7.84674888200237231e-01
1.07429891575614871e+01 1.23671163088856702e+01 7.80345144543970970e-01
1.14186630754057958e+01 1.31061516654648393e+01 -7.90203829168241612e-01
1.21610531298029230e+01 1.37822559435356062e+01 -7.84181582966575141e-01
1.28694455330665445e+01 1.44920862733828564e+01 7.80927728821998568e-01
1.35330311170594459e+01 1.52431193139965604e+01 7.80927728821998568e-01
2.41593740794861711e+00 2.29132608164514284e+00 -7.84145041892367667e-01
2.95692347188478388e+00 3.16448219039745382e+00 -7.83233316279482228e-01
3.66538252321348823e+00 3.87227584958057136e+00 7.84674888200239895e-01
4.36727251507773051e+00 4.58520523253210222e+00 7.85534109517486034e-01
5.08001575124692373e+00 5.28809760447013844e+00 -7.83251029517587183e-01
5.78827965725650806e+00 5.99505467920821555e+00 -7.84674888200239118e-01
6.49589415635488532e+00 6.70415966164038046e+00 7.82570220193488431e-01
7.19917385430545398e+00 7.41673585486145814e+00 7.84888553297650837e-01
7.91245713988497901e+00 8.12000499163624845e+00 -7.82587651251326011e-01
8.62110632712598068e+00 8.82806365496246492e+00 7.84674888200238341e-01
9.32747137927930581e+00 9.53644845765095184e+00 -7.85362618270890267e-01
1.00358075044956880e+01 1.02433379054863849e+01 -7.83930467012724730e-01
1.07440633796421228e+01 1.09508429724261571e+01 7.84674888200256437e-01
1.14511462103436497e+01 1.16610312745075699e+01 7.80345144543970970e-01
1.21308519111712396e+01 1.23998875741331478e+01 -7.84181582966575141e-01
1.28693247694970641e+01 1.30763158107562170e+01 -7.84181582966575141e-01
1.35777303610143054e+01 1.37861329844000124e+01 7.80927728821998568e-01
1.42413159450072069e+01 1.45371660250137182e+01 7.80927728821998457e-01
3.12279165004793802e+00 1.58331981346998973e+00 -7.83233316279482228e-01
3.66506607894546255e+00 2.45841240853392140e+00 -7.83233316279482228e-01
4.37352665046292977e+00 3.16620454532765638e+00 7.84674888200239895e-01
5.07541561263367047e+00 3.87913025275650813e+00 -7.85268981543300271e-01
5.78815834834219611e+00 4.58202782992732693e+00 -7.83251029517587183e-01
6.49642228508455855e+00 5.28898487397706862e+00 -7.84674888200239118e-01
7.20404311181541956e+00 5.99808353792337634e+00 7.82570220193488320e-01
7.90733432894375277e+00 6.71066366613804721e+00 7.84910780266992902e-01
8.62060021965697665e+00 7.41393474934494545e+00 -7.82587651251326011e-01
9.32925046085940757e+00 8.12199235718416368e+00 7.84674888200238341e-01
1.00361525997666128e+01 8.82983930218284208e+00 -7.85363764895168348e-01
1.07439499440536697e+01 9.53726830176310436e+00 -7.83930467012768029e-01
1.14522075120890836e+01 1.02447716733632497e+01 7.84674888200256437e-01
1.21593036629850175e+01 1.09549466359679730e+01 7.80345144543970859e-01
1.28444980955528028e+01 1.16847340878954675e+01 7.81145771827493118e-01
1.35771675431574490e+01 1.23699457671714566e+01 -7.84181582966575141e-01
1.42855838779927407e+01 1.30797522236056629e+01 7.80927728822011447e-01
1.52420509509994027e+01 1.38294759479622229e+01 -2.74435932199864133e-04
4.37177085417633915e+00 1.75089855595241706e+00 -7.83233316279482228e-01
5.08022878724617133e+00 2.45869333501318721e+00 7.84674888200252219e-01
5.78497377204285268e+00 3.16876080569256047e+00 -7.85273190923162390e-01
6.49486309164131992e+00 3.87451401376356941e+00 -7.83251029517587183e-01
7.20312500592309846e+00 4.58147307735042464e+00 -7.84674888200239118e-01
7.91074703943854463e+00 5.29057053625656692e+00 7.82570220193475108e-01
8.61803114814792437e+00 5.99914893815356809e+00 7.84903760290110775e-01
9.32730639239611747e+00 6.70641950034587531e+00 -7.82587651251371752e-01
1.00359525991994989e+01 7.41448114842429362e+00 7.84674888200238341e-01
1.07428608337515161e+01 8.12232796565831450e+00 -7.85355308324004242e-01
1.14506535454518641e+01 8.82975563011387976e+00 -7.83930467012768029e-01
1.21589096515725057e+01 9.53726046574505837e+00 7.84674888200256437e-01
1.28660128881889602e+01 1.02474283323719924e+01 7.80345144543970859e-01
1.35858646287280713e+01 1.09726432064664614e+01 -7.45876830337594110e-01
1.43265167402772970e+01 1.17051832619154883e+01 -7.84181582966575141e-01
1.50351804436765004e+01 1.24147429509422409e+01 7.80927728822002454e-01
5.49508017404135618e+00 1.45975324647234328e+00 7.84674888200252219e-01
6.20354678328346409e+00 2.16756046147027348e+00 -7.83203376056248235e-01
6.96001060299370522e+00 2.82679991317340384e+00 7.85497680523327468e-01
7.62023453220929259e+00 3.58339941883262370e+00 7.81786313973478864e-01
8.32808323396253058e+00 4.29282225361748093e+00 -7.84674888200239118e-01
9.03591807271934400e+00 4.99971825944635029e+00 -7.83944557542557208e-01
9.74428057473824794e+00 5.70710659623658234e+00 -7.86121438594300947e-01
1.04504324374484145e+01 6.41517004841251737e+00 7.84674888200238341e-01
1.11587714348388847e+01 7.12279220860748286e+00 -7.83646691579471866e-01
1.18691041442652239e+01 7.82800435652550153e+00 7.85264168844487354e-01
1.25735899047610555e+01 8.53814949097208675e+00 7.84674888200256437e-01
1.32824529689716915e+01 9.24652414157542424e+00 -7.81835467983564736e-01
1.40013466635148749e+01 9.94512220062990160e+00 7.84283079222147572e-01
1.46989502238973273e+01 1.06624656107174474e+01 7.83277751180529447e-01
1.54063133652008197e+01 1.13711572270155763e+01 -7.84910650827233325e-01
