# n = 267
# s = 16.838815269951446
# x y theta(rad)
5.00000000000000000e-01 1.63361575197138684e+01 0.00000000000000000e+00
1.50000000000020162e+00 1.63363587473205598e+01 0.00000000000000000e+00
2.50000000000040234e+00 1.63362025732324447e+01 0.00000000000000000e+00
3.50000000000060307e+00 1.63365306011552320e+01 0.00000000000000000e+00
4.50000000000080469e+00 1.63377599874567281e+01 0.00000000000000000e+00
5.50000000000100542e+00 1.63360266538424987e+01 0.00000000000000000e+00
6.50000000000120615e+00 1.63359741452802290e+01 0.00000000000000000e+00
7.50000000000140687e+00 1.63365064071288764e+01 0.00000000000000000e+00
8.50000000000160760e+00 1.63376773820560324e+01 0.00000000000000000e+00
9.50000000000180833e+00 1.63373442016163644e+01 0.00000000000000000e+00
1.05000000000020108e+01 1.63376200173079589e+01 0.00000000000000000e+00
1.15000000000022098e+01 1.63372765591228557e+01 0.00000000000000000e+00
1.25000000000024123e+01 1.63370160554977524e+01 0.00000000000000000e+00
1.35000000000026130e+01 1.63388152699514464e+01 0.00000000000000000e+00
5.17363417241156753e-01 1.53351508995909747e+01 -8.68312851311210318e-04
1.52162459998380761e+00 1.53352079308409870e+01 -1.30150439037527354e-03
2.52505154519957031e+00 1.53352016808409601e+01 -1.01753160131113555e-03
3.52551051826797934e+00 1.53355100181230544e+01 -9.93274033372424552e-04
4.52684576005734662e+00 1.53359067077637530e+01 -2.33741964136999008e-04
5.53935590210433304e+00 1.53358981452800087e+01 7.50000000432466226e-05
6.60292754542571991e+00 1.53359351144321305e+01 4.57742987158699506e-05
7.61207653152035757e+00 1.53361093784754203e+01 -4.76883890956448695e-04
8.61273167074485713e+00 1.53368524432518463e+01 -8.65607982217507749e-04
9.61470459824336032e+00 1.53369315693484083e+01 -2.46889003696956831e-04
1.06265304468788546e+01 1.53370349248008608e+01 -5.37715234240103901e-04
1.16287016702348804e+01 1.53359867535859316e+01 -2.96989178560911281e-04
1.26289613103699221e+01 1.53199818872389208e+01 -4.39459562380320327e-04
5.00000000000000000e-01 1.43337105865130496e+01 0.00000000000000000e+00
1.50000000000020162e+00 1.43345539261596358e+01 0.00000000000000000e+00
2.50000000000040234e+00 1.43345486137188782e+01 0.00000000000000000e+00
3.50000000000060307e+00 1.43345539261595984e+01 0.00000000000000000e+00
4.50000000000080469e+00 1.43333004610957317e+01 0.00000000000000000e+00
5.50000000000100542e+00 1.43357758915892877e+01 0.00000000000000000e+00
6.50000000000120615e+00 1.43358637968863558e+01 0.00000000000000000e+00
7.50000000000140687e+00 1.43358104428435187e+01 0.00000000000000000e+00
8.50000000000160760e+00 1.43355490938447225e+01 0.00000000000000000e+00
9.50000000000180833e+00 1.43352557438874726e+01 0.00000000000000000e+00
1.05000000000020108e+01 1.43359413751775868e+01 0.00000000000000000e+00
1.15000000000022098e+01 1.43357150739441632e+01 0.00000000000000000e+00
5.00000120072249032e-01 1.33337104664405963e+01 4.55012213088945820e-17
1.50014334229714752e+00 1.33298420869472949e+01 -2.88393945856219155e-04
2.50014433700254646e+00 1.33327306613983261e+01 -2.88393945856246531e-04
3.50014372769304227e+00 1.33300573477317013e+01 -2.88393945856287080e-04
4.50014521870758877e+00 1.33313412318218631e+01 -2.88235117710226516e-04
5.50018359611148711e+00 1.33356672094008353e+01 -2.15387574073753449e-04
6.50018463824132553e+00 1.33357551146979034e+01 -2.15387574073379128e-04
7.50018564014295119e+00 1.33356562487320360e+01 -2.15387574073489093e-04
8.50018647181163800e+00 1.33347670264115195e+01 -2.15387574074175990e-04
9.50018531363200225e+00 1.33246393496426272e+01 -2.15387574075180395e-04
1.05001887453708207e+01 1.33358217154812824e+01 -2.15387574076827406e-04
5.00000000000000000e-01 1.23290279866693204e+01 0.00000000000000000e+00
1.50000000000020162e+00 1.23295957825453826e+01 0.00000000000000000e+00
2.50000000000040234e+00 1.23300621649990241e+01 0.00000000000000000e+00
3.50000000000060307e+00 1.23292420154541489e+01 0.00000000000000000e+00
4.50000000000080469e+00 1.23311961353460351e+01 0.00000000000000000e+00
5.50000166922485967e+00 1.23355602120686463e+01 -3.33845328342224162e-06
6.50001117029853415e+00 1.23347681306162862e+01 -2.23757275586547363e-05
7.50001167557023862e+00 1.23355592790755786e+01 -2.23757275588611616e-05
8.50017513893638998e+00 1.23344195493008115e+01 2.52624272440015764e-04
9.50073043731799771e+00 1.23221872690668022e+01 -7.84184394818915570e-04
5.00000000000000000e-01 1.13290058604954602e+01 0.00000000000000000e+00
1.50000000000020162e+00 1.13294977771857042e+01 0.00000000000000000e+00
2.50000000000040234e+00 1.13300607036325793e+01 0.00000000000000000e+00
3.50000000000060307e+00 1.13292407443450784e+01 0.00000000000000000e+00
4.50000000000080469e+00 1.13311951740453871e+01 0.00000000000000000e+00
5.50000000000100542e+00 1.13347776768186215e+01 0.00000000000000000e+00
6.50000000000120615e+00 1.13342097211368404e+01 0.00000000000000000e+00
7.50000000000140687e+00 1.13355476040290313e+01 0.00000000000000000e+00
8.50000000000160760e+00 1.13342586105206991e+01 0.00000000000000000e+00
5.01364111274117619e-01 1.03280608909071372e+01 -1.88972551860641202e-03
1.50144082873278872e+00 1.03284798054932931e+01 -2.03601716017301612e-03
2.50144506432176694e+00 1.03290427148571098e+01 -2.03605139607006920e-03
3.50144648618229493e+00 1.03282227744346997e+01 -2.03601358882931922e-03
4.50148279344939617e+00 1.03302065765594158e+01 -1.97715050800550528e-03
5.50156208493503041e+00 1.03338588440018864e+01 -1.83735428868036046e-03
6.50184160129231614e+00 1.03335685993449378e+01 -1.28106433790542711e-03
7.50184512132266779e+00 1.03348953693475583e+01 -1.28106433790567235e-03
5.01703712995404949e-01 9.32786011215766209e+00 -2.28450416029808093e-03
1.50170983394750657e+00 9.32835201852886797e+00 -2.28437913176994392e-03
2.50172260187755491e+00 9.32890858622832830e+00 -2.29706498705752266e-03
3.50173130206893557e+00 9.32808267857891060e+00 -2.30893532449853332e-03
4.50190419761715965e+00 9.33020267164319783e+00 -1.97738342700736576e-03
5.50192009587440012e+00 9.33379140001132512e+00 -1.96555738815760560e-03
6.50226741329963076e+00 9.33356257391855415e+00 -1.27372219071526706e-03
5.01681422928265341e-01 8.32785635767937826e+00 -2.28410992869643474e-03
1.50168631320285240e+00 8.32834831111494722e+00 -2.28407324080738159e-03
2.50169783360174325e+00 8.32890500362987218e+00 -2.29706807301047634e-03
3.50170546225613588e+00 8.32807902758028895e+00 -2.30884415913788386e-03
4.50187823372574591e+00 8.33019968770437558e+00 -1.97754445960514899e-03
5.50274781575898864e+00 8.33292825773623491e+00 -2.40238557905474626e-04
5.01307088895303288e-01 7.32784997479721589e+00 -2.27682288339215279e-03
1.50131707461930652e+00 7.32834193473080298e+00 -2.27682014077940998e-03
2.50132199687257994e+00 7.32889206673613636e+00 -2.27666315640481180e-03
3.50132383940784742e+00 7.32806007067322795e+00 -2.27637147470252871e-03
4.50148037212725605e+00 7.33019747962629342e+00 -1.97762638542319132e-03
5.01122802418520585e-01 6.32770783508242651e+00 -2.09883049792972381e-03
1.50117851916207545e+00 6.32822537769834614e+00 -2.04931205210396629e-03
2.50118302111665880e+00 6.32877586223203004e+00 -2.04986066108693403e-03
3.50118460274397858e+00 6.32794419752755832e+00 -2.05023219761227499e-03
5.00238558197778183e-01 5.24930214355950753e+00 3.50798770486883968e-04
1.50045331870426057e+00 5.32676637452325252e+00 8.69726432964941704e-04
2.50051460172382267e+00 5.32723057396836097e+00 7.90579882771550758e-04
5.00772215865753267e-01 4.23410804553975062e+00 1.11938852981980871e-03
1.50127559488831519e+00 4.32671513185976497e+00 9.70888550345864630e-04
5.00071779428454377e-01 3.23182693835635781e+00 2.49752344431115414e-05
1.63373483612257822e+01 5.00000000000000000e-01 0.00000000000000000e+00
1.53343708583685618e+01 5.00000000000000000e-01 0.00000000000000000e+00
1.43312735380354841e+01 5.00000000000000000e-01 0.00000000000000000e+00
1.33302118978654605e+01 5.00000000000000000e-01 0.00000000000000000e+00
1.23291412879471167e+01 5.00000000000000000e-01 0.00000000000000000e+00
1.13285550655405380e+01 5.00000000000000000e-01 0.00000000000000000e+00
1.03254748276573149e+01 5.00000000000000000e-01 0.00000000000000000e+00
9.32493190186518284e+00 5.00000000000000000e-01 0.00000000000000000e+00
8.32448888039323087e+00 5.00000000000000000e-01 0.00000000000000000e+00
7.32403129313542056e+00 5.00062065976300651e-01 8.43106209399346131e-05
6.32150633810631746e+00 5.00090159355785602e-01 1.56082337517905864e-04
5.32077381187724985e+00 5.00091539305852706e-01 1.06082337517915341e-04
4.31773188650481821e+00 5.00111555566289390e-01 1.97581005589564298e-04
3.31509803877867082e+00 5.00173451206610054e-01 3.21033230777166014e-04
2.30898004118985334e+00 5.10747533048395930e-01 -3.98673541191570807e-03
1.63369910473648758e+01 1.50000000000020073e+00 0.00000000000000000e+00
1.53364327202612891e+01 1.50000000000020073e+00 0.00000000000000000e+00
1.43360943051154983e+01 1.50000000000020073e+00 0.00000000000000000e+00
1.33353530179106485e+01 1.50000000000020073e+00 0.00000000000000000e+00
1.23352726741259833e+01 1.50000000000020073e+00 0.00000000000000000e+00
1.13351156604427530e+01 1.50000000000020073e+00 0.00000000000000000e+00
1.03350039692029689e+01 1.50000000000020073e+00 0.00000000000000000e+00
9.33494648818174078e+00 1.50000000000020073e+00 0.00000000000000000e+00
8.33482400934404133e+00 1.50000000000020073e+00 0.00000000000000000e+00
7.33478152498280700e+00 1.50006463139441326e+00 8.29718518043526005e-05
6.33476271218994746e+00 1.50011148650444781e+00 1.18585506071333579e-04
5.33475545564865250e+00 1.50009402720055451e+00 1.06082337517882246e-04
4.33470870075900283e+00 1.50011593031931678e+00 1.97581005589737933e-04
3.33464611676626710e+00 1.50018094227426602e+00 3.20693707515734788e-04
1.63372801688570313e+01 2.50000000000040146e+00 0.00000000000000000e+00
1.53362982946220789e+01 2.50000000000040146e+00 0.00000000000000000e+00
1.43348939826703017e+01 2.50000000000040146e+00 0.00000000000000000e+00
1.33334051812968966e+01 2.50000000000040146e+00 0.00000000000000000e+00
1.23329180847887692e+01 2.50000000000040146e+00 0.00000000000000000e+00
1.13326411617038474e+01 2.50000000000040146e+00 0.00000000000000000e+00
1.03324703535527824e+01 2.50000000000040146e+00 0.00000000000000000e+00
9.33228487155625075e+00 2.50000000000040146e+00 0.00000000000000000e+00
8.33225275024473078e+00 2.50013808355984501e+00 6.22442473371597415e-05
7.33217982687474379e+00 2.50027451929098987e+00 2.06082337518184879e-04
6.33215483739725116e+00 2.50027480281582370e+00 2.54020398732374576e-04
5.33203213619689009e+00 2.50031400082626742e+00 1.97581005589849118e-04
4.33194126616681441e+00 2.50035113221889738e+00 1.78270560315909955e-05
1.63373140270440196e+01 3.50000000000060218e+00 0.00000000000000000e+00
1.53362982898873739e+01 3.50000000000060218e+00 0.00000000000000000e+00
1.43361363542261664e+01 3.50000000000060218e+00 0.00000000000000000e+00
1.33334051812966585e+01 3.50000000000060218e+00 0.00000000000000000e+00
1.23329180884572480e+01 3.50000000000060218e+00 0.00000000000000000e+00
1.13326411617141929e+01 3.50000000000060218e+00 0.00000000000000000e+00
1.03324703535653430e+01 3.50000000000060218e+00 0.00000000000000000e+00
9.33228220124418861e+00 3.50000000000060218e+00 0.00000000000000000e+00
8.33225008007919854e+00 3.50013908487203285e+00 6.22442473271580306e-05
7.33217109909640818e+00 3.50028159533033723e+00 2.18196503963608484e-04
6.33208249859649985e+00 3.50027581563216650e+00 2.54020398732637224e-04
5.33199091004462211e+00 3.50031693870572091e+00 2.01435409783575018e-04
1.63373722834536501e+01 4.50000000000080291e+00 0.00000000000000000e+00
1.53364366214072589e+01 4.50000000000080291e+00 0.00000000000000000e+00
1.43347164795298934e+01 4.50000000000080291e+00 0.00000000000000000e+00
1.33347155910730137e+01 4.50000000000080291e+00 0.00000000000000000e+00
1.23347147425391732e+01 4.50000000000080291e+00 0.00000000000000000e+00
1.13347139953840426e+01 4.50000000000080291e+00 0.00000000000000000e+00
1.03347133241198605e+01 4.50000000000080291e+00 0.00000000000000000e+00
9.33471265596625877e+00 4.50000000000080291e+00 0.00000000000000000e+00
8.33468053480126869e+00 4.50014023807177033e+00 6.22442473270298915e-05
7.33460155379359335e+00 4.50028314940227681e+00 2.18196503963125472e-04
6.33458408396047368e+00 4.50027894895649005e+00 2.51090245305211131e-04
1.63373144339040977e+01 5.50000000000100453e+00 0.00000000000000000e+00
1.53351512725898473e+01 5.50000000000100453e+00 0.00000000000000000e+00
1.43347164800653246e+01 5.50000000000100453e+00 0.00000000000000000e+00
1.33322050428186074e+01 5.50000000000100453e+00 0.00000000000000000e+00
1.23313440479541789e+01 5.50000000000100453e+00 0.00000000000000000e+00
1.13312790217590234e+01 5.50000000000100453e+00 0.00000000000000000e+00
1.03312776077187820e+01 5.50000000000100453e+00 0.00000000000000000e+00
9.33119063089851508e+00 5.50008697699057514e+00 -1.71968593305466379e-04
8.33114444570108326e+00 5.50038965687991688e+00 -2.62433703998021133e-04
7.33100628174567781e+00 5.50039899914544161e+00 -1.30506453849772383e-05
1.63365628220637404e+01 6.50000000000120526e+00 0.00000000000000000e+00
1.53352661244925557e+01 6.50000000000120526e+00 0.00000000000000000e+00
1.43322044889294506e+01 6.50000000000120526e+00 0.00000000000000000e+00
1.33311375338965341e+01 6.50000000000120526e+00 0.00000000000000000e+00
1.23285690544342756e+01 6.50000000000120526e+00 0.00000000000000000e+00
1.13254972210361604e+01 6.50000000000120526e+00 0.00000000000000000e+00
1.03228278276677621e+01 6.50000281798029533e+00 -1.23994379824159480e-06
9.31046481761115530e+00 6.50023056992908721e+00 -6.86430987858908037e-05
8.31021654887015693e+00 6.50066373274273790e+00 -3.12631756943655768e-04
1.63365340914722346e+01 7.50000000000140599e+00 0.00000000000000000e+00
1.53364871350902021e+01 7.50000000000140599e+00 0.00000000000000000e+00
1.43364861322257049e+01 7.50000000000140599e+00 0.00000000000000000e+00
1.33364846791585023e+01 7.50000000000140599e+00 0.00000000000000000e+00
1.23364834263287388e+01 7.50000000000140599e+00 0.00000000000000000e+00
1.13364830655668047e+01 7.50000000000140599e+00 0.00000000000000000e+00
1.03363638956922816e+01 7.50011916987572924e+00 -2.38368160592820406e-04
9.33627804616636325e+00 7.50022980101016135e+00 -6.86430987861568669e-05
1.63365340914723731e+01 8.50000000000160760e+00 0.00000000000000000e+00
1.53364871365007183e+01 8.50000000000160760e+00 0.00000000000000000e+00
1.43364856018797973e+01 8.50000000000160760e+00 0.00000000000000000e+00
1.33364137234740312e+01 8.50000000000160760e+00 0.00000000000000000e+00
1.23363681684259223e+01 8.50000000000160760e+00 0.00000000000000000e+00
1.13363638814893299e+01 8.50000000000160760e+00 0.00000000000000000e+00
1.03363231288779911e+01 8.50049993965982154e+00 -7.95829949754850300e-05
1.63388152699514464e+01 9.50000000000180833e+00 0.00000000000000000e+00
1.53388152699512439e+01 9.50000000000180833e+00 0.00000000000000000e+00
1.43388152699510414e+01 9.50000000000180833e+00 0.00000000000000000e+00
1.33388152699508424e+01 9.50000000000180833e+00 0.00000000000000000e+00
1.23388152699506399e+01 9.50000108834513668e+00 0.00000000000000000e+00
1.13388152699504392e+01 9.50000000000180833e+00 0.00000000000000000e+00
1.63388152699514464e+01 1.05000000000020091e+01 0.00000000000000000e+00
1.53388148500850807e+01 1.05000000000020091e+01 0.00000000000000000e+00
1.43388139382552069e+01 1.05000000000020091e+01 0.00000000000000000e+00
1.33387349749264423e+01 1.05000789633305711e+01 -1.57939130166677953e-04
1.23386089347998169e+01 1.05000481562440182e+01 9.21695851268399972e-05
1.63388146731036095e+01 1.15000000000022098e+01 0.00000000000000000e+00
1.53387391458227569e+01 1.15000000000022098e+01 0.00000000000000000e+00
1.43387349686909431e+01 1.15000000000022098e+01 0.00000000000000000e+00
1.33387327310414747e+01 1.15001601641106230e+01 2.47530159904087296e-06
1.63388152699514464e+01 1.25000000000024123e+01 0.00000000000000000e+00
1.53388152699512439e+01 1.25000000000024123e+01 0.00000000000000000e+00
1.43388152699510414e+01 1.25000000000024123e+01 0.00000000000000000e+00
1.63388152699514464e+01 1.35000000000026112e+01 0.00000000000000000e+00
1.53388152699512439e+01 1.35000000000026112e+01 0.00000000000000000e+00
1.63388152699514464e+01 1.45000000000028137e+01 0.00000000000000000e+00
1.63276917766216094e+01 1.63277641798620081e+01 -1.24080596570693758e-03
5.00220381903465849e-01 5.00225538980321183e-01 3.75046903123961981e-04
1.17480228694563209e+01 1.15340247848895263e+01 5.62630202086920717e-01
1.24271944396045448e+01 1.23317545846272303e+01 5.62630202086920717e-01
1.12146094278468293e+01 1.23798808411604941e+01 5.62630202086920717e-01
1.18937807137667502e+01 1.31776110916109381e+01 5.62630202086920717e-01
1.31491813374056221e+01 1.30615903243894049e+01 5.62630202086920717e-01
1.41491813374058228e+01 1.36896339325478316e+01 5.62630202086920717e-01
1.48361339749256533e+01 1.45931608095348739e+01 5.72604774535837691e-01
1.55148018126675709e+01 1.53860141507445647e+01 5.72604774535837691e-01
1.26896339325476308e+01 1.39540263546158592e+01 5.62630202086920717e-01
1.35366512670461088e+01 1.44855960893452522e+01 5.62630202086920717e-01
1.41719987993599759e+01 1.53548049265616999e+01 5.72604774535837691e-01
1.48506653384866851e+01 1.61476574306195779e+01 5.72604774535837691e-01
1.05425457444746353e+01 1.15708797673831736e+01 5.62630202086920717e-01
9.68963393254702865e+00 1.10486571526231199e+01 5.62630202086920717e-01
9.00464216634920867e+00 1.02499964205415708e+01 5.51733389793980455e-01
8.32435467362616421e+00 9.44589275502587888e+00 5.50080225244007459e-01
1.10849215822551805e+01 1.07018443086011228e+01 5.56966800921859240e-01
1.02167387158780141e+01 1.01988241320816257e+01 5.62630202086920717e-01
9.52813149660617675e+00 9.39794278937320371e+00 5.51767213611544904e-01
8.84718169926979137e+00 8.59345278340687990e+00 5.50080225244008236e-01
5.15386138621495782e+00 4.87951022427693992e+00 5.11113434636363495e-01
4.33518657509533245e+00 4.29491805759651246e+00 5.11113434636363939e-01
4.68382492795290339e+00 5.77077046178306130e+00 5.25769891818796631e-01
3.84599365939835902e+00 5.16719733319228602e+00 5.11113434636364050e-01
3.65031086418046424e+00 3.47174888283393113e+00 5.11113434636364605e-01
2.96154395931774683e+00 2.63475370569396450e+00 4.90603536532801088e-01
2.15438137430228682e+00 2.01049795420064203e+00 5.08417547857624497e-01
1.37447837744823076e+00 1.35567968136749162e+00 5.08417547857624386e-01
3.16116168699163591e+00 4.34395016835057923e+00 5.11113434636364272e-01
2.47576326576947370e+00 3.51891727889407946e+00 5.08374597294203978e-01
1.68032065561260335e+00 2.89142178786244575e+00 5.08141396718821414e-01
5.05685770544544333e-01 2.22518479017318160e+00 -1.01971117902259975e-02
5.42032535085150435e+00 6.49538233698850132e+00 5.28617103535935162e-01
6.10173970625621642e+00 7.31158744478801026e+00 5.28966609078484917e-01
6.77573056901007220e+00 8.14539011768450116e+00 5.50041451566817940e-01
7.64493913178755768e+00 8.64086943020456566e+00 5.50041451566817940e-01
5.92285534703190297e+00 5.63081886483389482e+00 5.28617103535935273e-01
6.60627394449254357e+00 6.44819459287853647e+00 5.28966609078484140e-01
7.28343070698814543e+00 7.27192760513139724e+00 5.29312945240363653e-01
8.15223576430614472e+00 7.76721032764581576e+00 5.29312945240362986e-01
