# n = 268
# s = 16.878814821009968
# x y theta(rad)
5.00000000000000000e-01 1.63788148210099678e+01 0.00000000000000000e+00
1.50000000000020250e+00 1.63788148210099678e+01 0.00000000000000000e+00
2.50000000000040412e+00 1.63788148210099678e+01 0.00000000000000000e+00
3.50000000000060574e+00 1.63788148210099678e+01 0.00000000000000000e+00
4.50000000000080735e+00 1.63788148210099678e+01 0.00000000000000000e+00
5.50000000000100986e+00 1.63788148210099678e+01 0.00000000000000000e+00
6.50000000000121148e+00 1.63788148210099678e+01 0.00000000000000000e+00
7.50000000000141309e+00 1.63788148210099678e+01 0.00000000000000000e+00
8.50000000000161648e+00 1.63788148210099678e+01 0.00000000000000000e+00
9.50000000000181544e+00 1.63788148210099678e+01 0.00000000000000000e+00
1.05000000000020179e+01 1.63788148210099678e+01 0.00000000000000000e+00
1.15000000000022204e+01 1.63788148210099678e+01 0.00000000000000000e+00
1.25000000000024230e+01 1.63788148210099678e+01 0.00000000000000000e+00
1.35000000000026255e+01 1.63788148210099678e+01 0.00000000000000000e+00
5.00000000000000000e-01 1.53788148210097688e+01 0.00000000000000000e+00
1.50000000000020250e+00 1.53788148210097688e+01 0.00000000000000000e+00
2.50000000000040412e+00 1.53788148210097688e+01 0.00000000000000000e+00
3.50000000000060574e+00 1.53788148210097688e+01 0.00000000000000000e+00
4.50000000000080735e+00 1.53788148210097688e+01 0.00000000000000000e+00
5.50000000000100986e+00 1.53788148210097688e+01 0.00000000000000000e+00
6.50000000000121148e+00 1.53788148210097688e+01 0.00000000000000000e+00
7.50000000000141309e+00 1.53788148210097688e+01 0.00000000000000000e+00
8.50000000000161648e+00 1.53788148210097688e+01 0.00000000000000000e+00
9.50000000000181544e+00 1.53788148210097688e+01 0.00000000000000000e+00
1.05000000000020179e+01 1.53788148210097688e+01 0.00000000000000000e+00
1.15000000000022204e+01 1.53788148210097688e+01 0.00000000000000000e+00
1.25000000000024230e+01 1.53788148210097688e+01 0.00000000000000000e+00
5.00000000000000000e-01 1.43788148210095663e+01 0.00000000000000000e+00
1.50000000000020250e+00 1.43788148210095663e+01 0.00000000000000000e+00
2.50000000000040412e+00 1.43788148210095663e+01 0.00000000000000000e+00
3.50000000000060574e+00 1.43788148210095663e+01 0.00000000000000000e+00
4.50000000000080735e+00 1.43788148210095663e+01 0.00000000000000000e+00
5.50000000000100986e+00 1.43788148210095663e+01 0.00000000000000000e+00
6.50000000000121148e+00 1.43788148210095663e+01 0.00000000000000000e+00
7.50000000000141309e+00 1.43788148210095663e+01 0.00000000000000000e+00
8.50000000000161648e+00 1.43788148210095663e+01 0.00000000000000000e+00
9.50000000000181544e+00 1.43788148210095663e+01 0.00000000000000000e+00
1.05000000000020179e+01 1.43788148210095663e+01 0.00000000000000000e+00
1.15000000000022204e+01 1.43788148210095663e+01 0.00000000000000000e+00
5.02500349125097223e-01 1.33788148210093638e+01 0.00000000000000000e+00
1.50450034943343081e+00 1.33788148210093638e+01 0.00000000000000000e+00
2.50799080807437580e+00 1.33764049505612324e+01 -4.52856786214210754e-03
3.51064901552391273e+00 1.33788148210093638e+01 0.00000000000000000e+00
4.51086495090228468e+00 1.33788148210093638e+01 0.00000000000000000e+00
5.51086522525395850e+00 1.33788148210093638e+01 0.00000000000000000e+00
6.51086522525416012e+00 1.33788148210093638e+01 0.00000000000000000e+00
7.51086522525436262e+00 1.33788148210093638e+01 0.00000000000000000e+00
8.51319427827178288e+00 1.33764858188809015e+01 -4.66892060976286868e-03
9.52493730738438416e+00 1.33767775361627947e+01 -4.08291612744057352e-03
1.05269745922311557e+01 1.33788148210093638e+01 0.00000000000000000e+00
5.02901066201578040e-01 1.23788148210091613e+01 0.00000000000000000e+00
1.50373802474117824e+00 1.23788148210091613e+01 0.00000000000000000e+00
2.50500898904489055e+00 1.23711625029323642e+01 -2.37558582540812807e-03
3.50619637249535554e+00 1.23788148210091613e+01 0.00000000000000000e+00
4.50619637249555716e+00 1.23788148210091613e+01 0.00000000000000000e+00
5.50619637249575877e+00 1.23788148210091613e+01 0.00000000000000000e+00
6.50619637249596039e+00 1.23788148210091613e+01 0.00000000000000000e+00
7.50619637249616201e+00 1.23788148210091613e+01 0.00000000000000000e+00
8.50852537462482772e+00 1.23764967182707295e+01 -4.66892060976286868e-03
9.50853652426528484e+00 1.23765502915977716e+01 -4.66892060976286868e-03
5.02899796670324584e-01 1.13788148210089606e+01 0.00000000000000000e+00
1.50290102133115777e+00 1.13788148210089606e+01 0.00000000000000000e+00
2.50361706227576875e+00 1.13582038029366430e+01 -1.49249056109313155e-03
3.50436275039755518e+00 1.13788148210089606e+01 0.00000000000000000e+00
4.50436275039775591e+00 1.13788148210089606e+01 0.00000000000000000e+00
5.50436275039795841e+00 1.13788148210089606e+01 0.00000000000000000e+00
6.50436275039816003e+00 1.13788148210089606e+01 0.00000000000000000e+00
7.50436275039836165e+00 1.13788148210089606e+01 0.00000000000000000e+00
8.50669175252702559e+00 1.13764943798599099e+01 -4.66892060976286868e-03
5.00000000000000000e-01 1.03788148210087581e+01 0.00000000000000000e+00
1.50000000000020250e+00 1.03788148210087581e+01 0.00000000000000000e+00
2.50000000000040412e+00 1.03551540290925139e+01 0.00000000000000000e+00
3.50436341791437567e+00 1.03788148210087581e+01 0.00000000000000000e+00
4.50598473535124544e+00 1.03788148210087581e+01 0.00000000000000000e+00
5.50598514719315180e+00 1.03788148210087581e+01 0.00000000000000000e+00
6.50598514719335341e+00 1.03788148210087581e+01 0.00000000000000000e+00
7.50598514719355503e+00 1.03788148210087581e+01 0.00000000000000000e+00
5.00000000000000000e-01 9.37881482100855735e+00 0.00000000000000000e+00
1.50000000000020250e+00 9.37881482100855735e+00 0.00000000000000000e+00
2.50000000000040412e+00 9.35510825538116109e+00 0.00000000000000000e+00
3.50000000000060574e+00 9.37881482100855735e+00 0.00000000000000000e+00
4.50000000000080735e+00 9.37881482100855735e+00 0.00000000000000000e+00
5.50000000000100986e+00 9.37881482100855735e+00 0.00000000000000000e+00
6.50000000000121148e+00 9.37881482100855735e+00 0.00000000000000000e+00
5.00000000000000000e-01 8.37881482100835484e+00 0.00000000000000000e+00
1.50000000000020250e+00 8.37881482100835484e+00 0.00000000000000000e+00
2.50213210174911893e+00 8.35295669675265628e+00 2.42889945932830836e-17
3.50213252149327214e+00 8.37881482100835484e+00 0.00000000000000000e+00
4.50530963857477662e+00 8.37563770392705287e+00 -6.37459499683706854e-03
5.51040187668218984e+00 8.37056653644170012e+00 -1.66357066116663843e-02
5.01800652482669030e-01 7.37881482100815322e+00 0.00000000000000000e+00
1.50213168200496661e+00 7.37881482100815322e+00 0.00000000000000000e+00
2.50286660344352008e+00 7.35118034848802449e+00 -3.99365234374778749e-04
3.50306724868361830e+00 7.37881482100815322e+00 0.00000000000000000e+00
4.50624441285446675e+00 7.37561142696398786e+00 -6.37459499683706854e-03
5.01800652482669030e-01 6.37881482100795161e+00 0.00000000000000000e+00
1.50256737369422844e+00 6.37881482100795161e+00 0.00000000000000000e+00
2.50301637447136827e+00 6.33806179540552961e+00 9.98425870556671506e-05
3.50306729577296228e+00 6.37881482100795161e+00 0.00000000000000000e+00
5.01888863885349146e-01 5.37881482100774910e+00 0.00000000000000000e+00
1.50291752999528327e+00 5.37881482100774910e+00 0.00000000000000000e+00
2.50954127210241484e+00 5.32801079842005709e+00 -8.61275837280842463e-03
5.00000000000000000e-01 4.37881482100754749e+00 0.00000000000000000e+00
1.50000000000020250e+00 4.37881482100754749e+00 0.00000000000000000e+00
5.00000000000000000e-01 3.37881482100734587e+00 0.00000000000000000e+00
1.63788148210099678e+01 1.60171314223699746e+01 0.00000000000000000e+00
1.53788148210097688e+01 1.63788148210099678e+01 0.00000000000000000e+00
1.63788148210099678e+01 5.00000000000000000e-01 0.00000000000000000e+00
1.53788148210097688e+01 5.00000000000000000e-01 0.00000000000000000e+00
1.43788148210095663e+01 5.08744785572753599e-01 0.00000000000000000e+00
1.33788148210093638e+01 5.00000000000000000e-01 0.00000000000000000e+00
1.23788148210091613e+01 5.02196028931468419e-01 0.00000000000000000e+00
1.13788148210089624e+01 5.02696778745242767e-01 0.00000000000000000e+00
1.03788148210087598e+01 5.00000000000000000e-01 0.00000000000000000e+00
9.37881482100855735e+00 5.00000000000000000e-01 0.00000000000000000e+00
8.37881482100835484e+00 5.02748428848491358e-01 0.00000000000000000e+00
7.37881482100815322e+00 5.02748428848491358e-01 0.00000000000000000e+00
6.37881482100795250e+00 5.00000000000000000e-01 0.00000000000000000e+00
5.37881482100774999e+00 5.00000000000000000e-01 0.00000000000000000e+00
4.37881482100754837e+00 5.00000000000000000e-01 0.00000000000000000e+00
3.37881482100734676e+00 5.00000000000000000e-01 0.00000000000000000e+00
1.63788148210099678e+01 1.50000000000020162e+00 0.00000000000000000e+00
1.53788148210097688e+01 1.50000000000020162e+00 0.00000000000000000e+00
1.43788148210095663e+01 1.50986556513300396e+00 0.00000000000000000e+00
1.33788148210093638e+01 1.50000000000020162e+00 0.00000000000000000e+00
1.23788148210091613e+01 1.50419553100188352e+00 0.00000000000000000e+00
1.13788148210089624e+01 1.50372568379246374e+00 0.00000000000000000e+00
1.03788148210087598e+01 1.50000000000020162e+00 0.00000000000000000e+00
9.37881482100855735e+00 1.50000000000020162e+00 0.00000000000000000e+00
8.37881482100835484e+00 1.50374716165071831e+00 0.00000000000000000e+00
7.37881482100815322e+00 1.50284032117950161e+00 0.00000000000000000e+00
6.37881482100795250e+00 1.50000000000020162e+00 0.00000000000000000e+00
5.37881482100774999e+00 1.50000000000020162e+00 0.00000000000000000e+00
4.37881482100754837e+00 1.50000000000020162e+00 0.00000000000000000e+00
1.63788148210099678e+01 2.50000000000040323e+00 0.00000000000000000e+00
1.53788148210097688e+01 2.50000000000040323e+00 0.00000000000000000e+00
1.43788148210095663e+01 2.50989784178775466e+00 0.00000000000000000e+00
1.33788148210093638e+01 2.50000000000040323e+00 0.00000000000000000e+00
1.23788148210091613e+01 2.50519426149190050e+00 0.00000000000000000e+00
1.13788148210089624e+01 2.50519426155297520e+00 0.00000000000000000e+00
1.03788148210087598e+01 2.50000000000040323e+00 0.00000000000000000e+00
9.37881482100855735e+00 2.50000000000040323e+00 0.00000000000000000e+00
8.37881482100835484e+00 2.50374843119229684e+00 0.00000000000000000e+00
7.37881482100815322e+00 2.50414272884735833e+00 0.00000000000000000e+00
6.37881482100795250e+00 2.50000000000040323e+00 0.00000000000000000e+00
5.37881482100774999e+00 2.50000000000040323e+00 0.00000000000000000e+00
1.63788148210099678e+01 3.50000000000060485e+00 0.00000000000000000e+00
1.53788148210097688e+01 3.50000000000060485e+00 0.00000000000000000e+00
1.43788148210095663e+01 3.50993399003881734e+00 0.00000000000000000e+00
1.33788148210093638e+01 3.50000000000060485e+00 0.00000000000000000e+00
1.23788148210091613e+01 3.50519553110842086e+00 0.00000000000000000e+00
1.13788148210089624e+01 3.50519553110279514e+00 0.00000000000000000e+00
1.03788148210087598e+01 3.50000000000060485e+00 0.00000000000000000e+00
9.37881482100855735e+00 3.50000000000060485e+00 0.00000000000000000e+00
8.37881482100835484e+00 3.50374843119249846e+00 0.00000000000000000e+00
7.37881482100815322e+00 3.50514145941194943e+00 0.00000000000000000e+00
6.37881482100795250e+00 3.50000000000060485e+00 0.00000000000000000e+00
1.63788148210099678e+01 4.50000000000080647e+00 0.00000000000000000e+00
1.53788148210097688e+01 4.50000000000080647e+00 0.00000000000000000e+00
1.43788148210095663e+01 4.50996066233555570e+00 0.00000000000000000e+00
1.33788148210093638e+01 4.50000000000080647e+00 0.00000000000000000e+00
1.23788148210091613e+01 4.50519553110862248e+00 0.00000000000000000e+00
1.13788148210089624e+01 4.50519553110299675e+00 0.00000000000000000e+00
1.03788148210087598e+01 4.50000000000080647e+00 0.00000000000000000e+00
9.37881482100855735e+00 4.50000000000080647e+00 0.00000000000000000e+00
8.37709569489381778e+00 4.50546755730723891e+00 -3.44419025588689042e-03
7.37709278799329393e+00 4.50686401324090902e+00 -3.44776089445151439e-03
1.63788148210099678e+01 5.50000000000100897e+00 0.00000000000000000e+00
1.53788148210097688e+01 5.50000000000100897e+00 0.00000000000000000e+00
1.43788148210095663e+01 5.51000574240176277e+00 0.00000000000000000e+00
1.33788148210093638e+01 5.50000000000100897e+00 0.00000000000000000e+00
1.23788148210091613e+01 5.50519553110882409e+00 0.00000000000000000e+00
1.13788148210089624e+01 5.50519553110319837e+00 0.00000000000000000e+00
1.03788148210087598e+01 5.50000000000100897e+00 0.00000000000000000e+00
9.37881482100855735e+00 5.50000000000100897e+00 0.00000000000000000e+00
8.37734463599596424e+00 5.50572115336250612e+00 -2.94470993569981299e-03
1.63788148210099678e+01 6.50000000000121059e+00 0.00000000000000000e+00
1.53788148210097688e+01 6.50000000000121059e+00 0.00000000000000000e+00
1.43788148210095663e+01 6.51001832419962412e+00 0.00000000000000000e+00
1.33788148210093638e+01 6.50000000000121059e+00 0.00000000000000000e+00
1.23788148210091613e+01 6.50519553110902571e+00 0.00000000000000000e+00
1.13788148210089624e+01 6.50519553110339999e+00 0.00000000000000000e+00
1.03788148210087598e+01 6.50000000000121059e+00 0.00000000000000000e+00
9.37881482100855735e+00 6.50000000000121059e+00 0.00000000000000000e+00
1.63788148210099678e+01 7.50000000000141220e+00 0.00000000000000000e+00
1.53788148210097688e+01 7.50000000000141220e+00 0.00000000000000000e+00
1.43788148210095663e+01 7.51005322995569369e+00 0.00000000000000000e+00
1.33788148210093638e+01 7.50000000000141220e+00 0.00000000000000000e+00
1.23788148210091613e+01 7.50519553110922821e+00 0.00000000000000000e+00
1.13788148210089624e+01 7.50519553110360249e+00 0.00000000000000000e+00
1.03788148210087598e+01 7.50000000000141220e+00 0.00000000000000000e+00
1.63788148210099678e+01 8.50000000000161471e+00 0.00000000000000000e+00
1.53788148210097688e+01 8.50000000000161471e+00 0.00000000000000000e+00
1.43788148210095663e+01 8.51006773201119060e+00 0.00000000000000000e+00
1.33788148210093638e+01 8.50000000000161471e+00 0.00000000000000000e+00
1.23788148210091613e+01 8.50519553110942894e+00 0.00000000000000000e+00
1.13788148210089624e+01 8.50519553110380322e+00 0.00000000000000000e+00
1.63788148210099678e+01 9.50000000000181544e+00 0.00000000000000000e+00
1.53788148210097688e+01 9.50000000000181544e+00 0.00000000000000000e+00
1.43788148210095663e+01 9.51008196398601235e+00 0.00000000000000000e+00
1.33788148210093638e+01 9.50000000000181544e+00 0.00000000000000000e+00
1.23788148210091613e+01 9.50519553110963145e+00 0.00000000000000000e+00
1.63788148210099678e+01 1.05000000000020179e+01 0.00000000000000000e+00
1.53788148210097688e+01 1.05000000000020179e+01 0.00000000000000000e+00
1.43788148210095663e+01 1.05100832336660073e+01 0.00000000000000000e+00
1.33788148210093638e+01 1.05000000000020179e+01 0.00000000000000000e+00
1.63788148210099678e+01 1.15000000000022204e+01 0.00000000000000000e+00
1.53788148210097688e+01 1.15000000000022204e+01 0.00000000000000000e+00
1.43788148210095663e+01 1.15100832336662098e+01 0.00000000000000000e+00
1.63788148210099678e+01 1.25000000000024230e+01 0.00000000000000000e+00
1.53788148210097688e+01 1.25000000000024230e+01 0.00000000000000000e+00
1.63788148210099678e+01 1.35000000000026237e+01 0.00000000000000000e+00
5.00000000000000000e-01 8.60606686048965841e-01 0.00000000000000000e+00
1.50000000000020250e+00 5.00000000000000000e-01 0.00000000000000000e+00
1.43998868167821463e+01 1.55309067560739642e+01 -3.77679035975689192e-01
1.53402587137094280e+01 1.51894888231134146e+01 -3.77679035975689192e-01
1.62296712701808197e+01 1.47196205242615825e+01 -3.77679035975689192e-01
1.35098843839355993e+01 1.48081714855941016e+01 -3.77679035975689192e-01
1.44394074105061954e+01 1.44394074105061954e+01 -3.77679035975689192e-01
1.53396688373342727e+01 1.39968852537817199e+01 -3.77679035975689192e-01
1.26198819510890523e+01 1.40854362151142425e+01 -3.77679035975689192e-01
1.35494049776596484e+01 1.37166721400263363e+01 -3.77679035975689192e-01
1.44496664044877221e+01 1.32741499833018608e+01 -3.77679035975689192e-01
1.15895546618585357e+01 1.33049555623525553e+01 -1.35214693759005994e-01
1.26559462674273071e+01 1.29953080576687547e+01 -3.77679035975689192e-01
1.35562076942553809e+01 1.25527859009442828e+01 -3.77679035975689192e-01
1.11939285663710457e+01 1.22413588600911041e+01 -3.37822285820553292e-01
1.22219462153671046e+01 1.20916657075558458e+01 -3.77679035975689192e-01
1.31222076421951819e+01 1.16491435508313721e+01 -3.77679035975689192e-01
1.03917766775865026e+01 1.14632382577345275e+01 -3.37822285820553292e-01
1.13352553466328487e+01 1.11318050049445549e+01 -3.37822285820553292e-01
1.22942739557664673e+01 1.08446087195294076e+01 -3.37822285820553292e-01
9.48126698643272547e+00 1.07231825105597984e+01 -3.37822285820553292e-01
1.04247456554790681e+01 1.03917492577698241e+01 -3.37822285820553292e-01
1.13682243245254142e+01 1.00603160049798497e+01 -3.37822285820553292e-01
8.57238193891915046e+00 9.98255604467783542e+00 -3.37822285820553292e-01
9.51586060796549660e+00 9.65112279188786282e+00 -3.37822285820553292e-01
1.04593392770118392e+01 9.31968953909788844e+00 -3.37822285820553292e-01
9.55207887313319048e+00 8.57849235451055314e+00 -3.37822285820553292e-01
8.60860020408684790e+00 8.90992560730052396e+00 -3.37822285820553292e-01
7.66512153504050353e+00 9.24135886009049834e+00 -3.37822285820553292e-01
2.47892800422782500e+00 1.34790806493600535e+00 -3.77679035975689192e-01
1.54179293943713791e+00 1.69748490004393027e+00 -3.77679035975689192e-01
6.49143550829151650e-01 2.15919429674838792e+00 -3.77679035975689192e-01
3.36893043707437112e+00 2.07064333541586620e+00 -3.77679035975689192e-01
2.43940741050377419e+00 2.43940741050377330e+00 -3.77679035975689192e-01
1.53914598367569955e+00 2.88192956722824789e+00 -3.77679035975689192e-01
4.25893286992091902e+00 2.79337860589572617e+00 -3.77679035975689192e-01
3.32940984335032031e+00 3.16214268098363416e+00 -3.77679035975689192e-01
2.42914841652224656e+00 3.60466483770810786e+00 -3.77679035975689192e-01
5.33512275159427052e+00 3.59056813579623402e+00 -1.00218513117777297e-01
4.24523006194072128e+00 3.87463541673492973e+00 -3.77679035975689192e-01
3.34496863511264664e+00 4.31715757345940343e+00 -3.77679035975689192e-01
5.68488625463892649e+00 4.63745596091886547e+00 -3.37822285820553292e-01
4.65686860564286498e+00 4.78714911345412286e+00 -3.77679035975689192e-01
3.75660717881478945e+00 5.22967127017859745e+00 -3.77679035975689192e-01
6.49130972453827493e+00 5.41407600574310521e+00 -3.37822285820553292e-01
5.54783105549193056e+00 5.74550925853307781e+00 -3.37822285820553292e-01
4.60067299936574248e+00 6.06790015148443107e+00 -3.38222918506603243e-01
7.40063065172653811e+00 6.15454935208654597e+00 -3.37822285820553292e-01
6.45715198268019464e+00 6.48598260487651856e+00 -3.37822285820553292e-01
5.51367331363384938e+00 6.81741585766649205e+00 -3.37822285820553292e-01
8.31176057282788605e+00 6.89438721958286482e+00 -3.37822285820553292e-01
7.36828190378153991e+00 7.22582047237283831e+00 -3.37822285820553292e-01
6.42480323473519643e+00 7.55725372516281091e+00 -3.37822285820553292e-01
7.32673594787677906e+00 8.30032246649941641e+00 -3.37822285820553292e-01
8.27021461692312343e+00 7.96888921370944381e+00 -3.37822285820553292e-01
9.21369328596946602e+00 7.63745596091947121e+00 -3.37822285820553292e-01
