# n = 269
# s = 16.905967058587045
# x y theta(rad)
5.00994364598312814e-01 1.64059670585870450e+01 0.00000000000000000e+00
1.50099522231372529e+00 1.64059670585870450e+01 0.00000000000000000e+00
2.50099611882714612e+00 1.64059670585870450e+01 0.00000000000000000e+00
3.50099691929261247e+00 1.64059670585870450e+01 0.00000000000000000e+00
4.50099763844863521e+00 1.64059670585870450e+01 0.00000000000000000e+00
5.50099829799572415e+00 1.64059670585870450e+01 0.00000000000000000e+00
6.50099891346762337e+00 1.64059670585870450e+01 0.00000000000000000e+00
7.50099949566615454e+00 1.64059670585870450e+01 0.00000000000000000e+00
8.50100005242043011e+00 1.64059670585870450e+01 0.00000000000000000e+00
9.50100058967430172e+00 1.64059670585870450e+01 0.00000000000000000e+00
1.05010011117204982e+01 1.64059670585870450e+01 0.00000000000000000e+00
1.15010016199472638e+01 1.64059670585870450e+01 0.00000000000000000e+00
1.25010021074608915e+01 1.64059670585870450e+01 0.00000000000000000e+00
1.35010468574610947e+01 1.64059598085870491e+01 -6.25000000167058305e-06
5.00000000000000000e-01 1.54049600008512222e+01 0.00000000000000000e+00
1.50000000000020162e+00 1.54059670585868460e+01 0.00000000000000000e+00
2.50000000000040323e+00 1.54059670585868460e+01 0.00000000000000000e+00
3.50000000000060485e+00 1.54059670585868460e+01 0.00000000000000000e+00
4.50000000000080735e+00 1.54059670585868460e+01 0.00000000000000000e+00
5.50000000000100808e+00 1.54059670585868460e+01 0.00000000000000000e+00
6.50000000000120970e+00 1.54059670585868460e+01 0.00000000000000000e+00
7.50000000000141132e+00 1.54059670585868460e+01 0.00000000000000000e+00
8.50000000000161293e+00 1.54059670585868460e+01 0.00000000000000000e+00
9.50000000000181544e+00 1.54059670585868460e+01 0.00000000000000000e+00
1.05000000000020179e+01 1.54059670585868460e+01 0.00000000000000000e+00
1.15000000000022169e+01 1.54059670585868460e+01 0.00000000000000000e+00
1.25000000000024194e+01 1.54059670585868460e+01 0.00000000000000000e+00
5.00000000000000000e-01 1.44049590230446309e+01 0.00000000000000000e+00
1.50000000000020162e+00 1.44059670585866453e+01 0.00000000000000000e+00
2.50000000000040323e+00 1.44059670585866453e+01 0.00000000000000000e+00
3.50000000000060485e+00 1.44059670585866453e+01 0.00000000000000000e+00
4.50000000000080735e+00 1.44059670585866453e+01 0.00000000000000000e+00
5.50000000000100808e+00 1.44059670585866453e+01 0.00000000000000000e+00
6.50000000000120970e+00 1.44059670585866453e+01 0.00000000000000000e+00
7.50000000000141132e+00 1.44059670585866453e+01 0.00000000000000000e+00
8.50000000000161293e+00 1.44059670585866453e+01 0.00000000000000000e+00
9.50000000000181544e+00 1.44059670585866453e+01 0.00000000000000000e+00
1.05000000000020179e+01 1.44059670585866453e+01 0.00000000000000000e+00
1.15000000000022169e+01 1.44059670585866453e+01 0.00000000000000000e+00
5.00000000000000000e-01 1.34049579298676100e+01 0.00000000000000000e+00
1.50236831460520204e+00 1.34059670585864428e+01 0.00000000000000000e+00
2.50254191165893136e+00 1.34059670585864428e+01 0.00000000000000000e+00
3.50269917386171237e+00 1.34059670585864428e+01 0.00000000000000000e+00
4.50486136424165640e+00 1.34059670585864428e+01 0.00000000000000000e+00
5.50507199273866821e+00 1.34059670585864428e+01 0.00000000000000000e+00
6.50696670088614759e+00 1.34059670585864428e+01 0.00000000000000000e+00
7.50714413821466309e+00 1.34059670585864428e+01 0.00000000000000000e+00
8.50726003002057141e+00 1.34059670585864428e+01 0.00000000000000000e+00
9.50940177476423187e+00 1.34059670585864428e+01 0.00000000000000000e+00
1.05095691350734590e+01 1.33965252523944542e+01 -1.21136599642577522e-04
5.00000000000000000e-01 1.24049569352565694e+01 0.00000000000000000e+00
1.50000000000020162e+00 1.24059670585862403e+01 0.00000000000000000e+00
2.50000000000040323e+00 1.24059670585862403e+01 0.00000000000000000e+00
3.50000000000060485e+00 1.24059670585862403e+01 0.00000000000000000e+00
4.50000000000080735e+00 1.24059670585862403e+01 0.00000000000000000e+00
5.50000000000100808e+00 1.24059670585862403e+01 0.00000000000000000e+00
6.50000000000120970e+00 1.24059670585862403e+01 0.00000000000000000e+00
7.50000000000141132e+00 1.24059670585862403e+01 0.00000000000000000e+00
8.50000000000161293e+00 1.24059670585862403e+01 0.00000000000000000e+00
9.50000000000181544e+00 1.24059670585862403e+01 0.00000000000000000e+00
5.00000000000000000e-01 1.14049560680620470e+01 0.00000000000000000e+00
1.50060482745218948e+00 1.14059670585860395e+01 0.00000000000000000e+00
2.50060607643006527e+00 1.14059670585860395e+01 0.00000000000000000e+00
3.50060743529076035e+00 1.14059670585860395e+01 0.00000000000000000e+00
4.50060853429285235e+00 1.14059670585860395e+01 0.00000000000000000e+00
5.50060960055322656e+00 1.14059670585860395e+01 0.00000000000000000e+00
6.50061060279969372e+00 1.14059670585860395e+01 0.00000000000000000e+00
7.50061153913295708e+00 1.14059670585860395e+01 0.00000000000000000e+00
8.50061253913316150e+00 1.14059660585860581e+01 1.11359261760736607e-17
5.00000000000000000e-01 1.04049552713191531e+01 0.00000000000000000e+00
1.50000000000020162e+00 1.04059670585858370e+01 0.00000000000000000e+00
2.50000000000040323e+00 1.04059670585858370e+01 0.00000000000000000e+00
3.50000000000060485e+00 1.03957994580732791e+01 0.00000000000000000e+00
4.50000000000080735e+00 1.04059670585858370e+01 0.00000000000000000e+00
5.50000000000100808e+00 1.04059670585858370e+01 0.00000000000000000e+00
6.50000000000120970e+00 1.04059670585858370e+01 0.00000000000000000e+00
7.50000000000141132e+00 1.04059670585858370e+01 0.00000000000000000e+00
5.00000000000000000e-01 9.40495452409835941e+00 0.00000000000000000e+00
1.50000000000020162e+00 9.40596705858563631e+00 0.00000000000000000e+00
2.50000000000040323e+00 9.40596705858563631e+00 0.00000000000000000e+00
3.50000000000060485e+00 9.39359427167735639e+00 0.00000000000000000e+00
4.50000000000080735e+00 9.40596705858563631e+00 0.00000000000000000e+00
5.50000000000100808e+00 9.40596705858563631e+00 0.00000000000000000e+00
6.50000000000120970e+00 9.40596705858563631e+00 0.00000000000000000e+00
5.00000000000000000e-01 8.40495381096163108e+00 0.00000000000000000e+00
1.50000000000020162e+00 8.40596705858543380e+00 0.00000000000000000e+00
2.50000000000040323e+00 8.40596705858543380e+00 0.00000000000000000e+00
3.50000000000060485e+00 8.39139070701941669e+00 0.00000000000000000e+00
4.50029965095590168e+00 8.40596705858543380e+00 0.00000000000000000e+00
5.50030390421825377e+00 8.40596605858543278e+00 7.55151070270901992e-16
5.00000000000000000e-01 7.40495312337135125e+00 0.00000000000000000e+00
1.50000000000020162e+00 7.40596705858523396e+00 0.00000000000000000e+00
2.50000000000040323e+00 7.40596705858523396e+00 0.00000000000000000e+00
3.50000000000060485e+00 7.39121864167295506e+00 0.00000000000000000e+00
4.50000000000080735e+00 7.40596705858523396e+00 0.00000000000000000e+00
5.00000000000000000e-01 6.40495245529007384e+00 0.00000000000000000e+00
1.50000000000020162e+00 6.40596705858503235e+00 0.00000000000000000e+00
2.50000000000040323e+00 6.40596705858503235e+00 0.00000000000000000e+00
3.51459385968501614e+00 6.39030488703261934e+00 -1.17340282691933383e-03
5.00000000000000000e-01 5.40495180401475395e+00 0.00000000000000000e+00
1.50000000000020162e+00 5.40596705858482984e+00 0.00000000000000000e+00
2.50000000000040323e+00 5.40596705858482984e+00 0.00000000000000000e+00
5.00000000000000000e-01 4.40495117899129873e+00 0.00000000000000000e+00
1.50000000000020162e+00 4.40596705858462911e+00 0.00000000000000000e+00
5.00038642518768839e-01 3.40494392899109677e+00 -6.25000000008116638e-06
1.64059670585870450e+01 5.00000214773463902e-01 0.00000000000000000e+00
1.54059670585868460e+01 5.00000000000000000e-01 0.00000000000000000e+00
1.44059670585866435e+01 5.00000000000000000e-01 0.00000000000000000e+00
1.34059670585864410e+01 5.00000000000000000e-01 0.00000000000000000e+00
1.24059670585862420e+01 5.00000000000000000e-01 0.00000000000000000e+00
1.14059670585860395e+01 5.00000000000000000e-01 0.00000000000000000e+00
1.04059670585858370e+01 5.00000000000000000e-01 0.00000000000000000e+00
9.40596705858563453e+00 5.00000000000000000e-01 0.00000000000000000e+00
8.40596705858543558e+00 5.00000000000000000e-01 0.00000000000000000e+00
7.40596705858523396e+00 5.00000000000000000e-01 0.00000000000000000e+00
6.40596639341557594e+00 5.00000000000000000e-01 0.00000000000000000e+00
5.40596571696953454e+00 5.00000000000000000e-01 0.00000000000000000e+00
4.40596511438882121e+00 5.00000000000000000e-01 0.00000000000000000e+00
3.40596440393558275e+00 5.00000000000000000e-01 0.00000000000000000e+00
2.40596389542477862e+00 5.00000508510613173e-01 -3.94442084544045497e-17
1.64059670585870450e+01 1.50000058325607188e+00 0.00000000000000000e+00
1.54059670585868460e+01 1.50000000000020162e+00 0.00000000000000000e+00
1.44059670585866435e+01 1.50000000000020162e+00 0.00000000000000000e+00
1.34059670585864410e+01 1.50000000000020162e+00 0.00000000000000000e+00
1.24059670585862420e+01 1.50000000000020162e+00 0.00000000000000000e+00
1.14059670585860395e+01 1.50000000000020162e+00 0.00000000000000000e+00
1.04059670585858370e+01 1.50000000000020162e+00 0.00000000000000000e+00
9.40596705858563453e+00 1.50000000000020162e+00 0.00000000000000000e+00
8.40596705858543558e+00 1.50000000000020162e+00 0.00000000000000000e+00
7.40596705858523396e+00 1.50000000000020162e+00 0.00000000000000000e+00
6.40596705858503235e+00 1.50000000000020162e+00 0.00000000000000000e+00
5.40596705858483073e+00 1.50000000000020162e+00 0.00000000000000000e+00
4.40596705858462911e+00 1.50000218846548172e+00 0.00000000000000000e+00
3.40596705858442661e+00 1.50000000000020162e+00 0.00000000000000000e+00
1.64059670585870450e+01 2.50000095853704707e+00 0.00000000000000000e+00
1.54059670585868460e+01 2.50000000000040323e+00 0.00000000000000000e+00
1.44059670585866435e+01 2.50000000000040323e+00 0.00000000000000000e+00
1.34059670585864410e+01 2.50000000000040323e+00 0.00000000000000000e+00
1.24059670585862420e+01 2.50000000000040323e+00 0.00000000000000000e+00
1.14059670585860395e+01 2.50000000000040323e+00 0.00000000000000000e+00
1.04059670585858370e+01 2.50000000000040323e+00 0.00000000000000000e+00
9.40596705858563453e+00 2.50000000000040323e+00 0.00000000000000000e+00
8.40596705858543558e+00 2.50000000000040323e+00 0.00000000000000000e+00
7.40596705858523396e+00 2.50000000000040323e+00 0.00000000000000000e+00
6.40596705858503235e+00 2.50000000000040323e+00 0.00000000000000000e+00
5.40596705858483073e+00 2.50000000000040323e+00 0.00000000000000000e+00
4.40596605858462897e+00 2.50000900510246638e+00 4.04999688453591142e-14
1.64059670585870450e+01 3.50000137346848739e+00 0.00000000000000000e+00
1.54059670585868460e+01 3.50000000000060485e+00 0.00000000000000000e+00
1.44059670585866435e+01 3.50000000000060485e+00 0.00000000000000000e+00
1.34059670585864410e+01 3.50000000000060485e+00 0.00000000000000000e+00
1.24059670585862420e+01 3.50000000000060485e+00 0.00000000000000000e+00
1.14059670585860395e+01 3.50000000000060485e+00 0.00000000000000000e+00
1.04059670585858370e+01 3.50000000000060485e+00 0.00000000000000000e+00
9.40596705858563453e+00 3.50000000000060485e+00 0.00000000000000000e+00
8.40596705858543558e+00 3.50000000000060485e+00 0.00000000000000000e+00
7.40596705858523396e+00 3.50000146188040517e+00 0.00000000000000000e+00
6.40596705858503235e+00 3.50000000000060485e+00 0.00000000000000000e+00
5.40596705858483073e+00 3.50000000000060485e+00 0.00000000000000000e+00
1.64059670585870450e+01 4.50000174045071955e+00 0.00000000000000000e+00
1.54059670585868460e+01 4.50000000000080647e+00 0.00000000000000000e+00
1.44059670585866435e+01 4.50000000000080647e+00 0.00000000000000000e+00
1.34059670585864410e+01 4.50000000000080647e+00 0.00000000000000000e+00
1.24059670585862420e+01 4.50000000000080647e+00 0.00000000000000000e+00
1.14059670585860395e+01 4.50000000000080647e+00 0.00000000000000000e+00
1.04059670585858370e+01 4.50000000000080647e+00 0.00000000000000000e+00
9.40596705858563453e+00 4.50000000000080647e+00 0.00000000000000000e+00
8.40596705858543558e+00 4.50000000000080647e+00 0.00000000000000000e+00
7.40596705858523396e+00 4.50000294912819498e+00 0.00000000000000000e+00
6.40596705858503235e+00 4.50000000000080647e+00 0.00000000000000000e+00
1.64059670585870450e+01 5.50000210238588760e+00 0.00000000000000000e+00
1.54059670585868460e+01 5.50000000000100808e+00 0.00000000000000000e+00
1.44059670585866435e+01 5.50000000000100808e+00 0.00000000000000000e+00
1.34059670585864410e+01 5.50000000000100808e+00 0.00000000000000000e+00
1.24059670585862420e+01 5.50000000000100808e+00 0.00000000000000000e+00
1.14059670585860395e+01 5.50000000000100808e+00 0.00000000000000000e+00
1.04059670585858370e+01 5.50000000000100808e+00 0.00000000000000000e+00
9.40596705858563453e+00 5.50000000000100808e+00 0.00000000000000000e+00
8.40596705858543558e+00 5.50000000000100808e+00 0.00000000000000000e+00
7.40596605858523294e+00 5.50000636967576284e+00 -1.11858941798885597e-16
1.64059670585870450e+01 6.50000255589990861e+00 0.00000000000000000e+00
1.54059670585868460e+01 6.50000000000120970e+00 0.00000000000000000e+00
1.44059670585866435e+01 6.50000000000120970e+00 0.00000000000000000e+00
1.34059670585864410e+01 6.50000000000120970e+00 0.00000000000000000e+00
1.24059670585862420e+01 6.50000000000120970e+00 0.00000000000000000e+00
1.14059670585860395e+01 6.50000000000120970e+00 0.00000000000000000e+00
1.04059670585858370e+01 6.50000000000120970e+00 0.00000000000000000e+00
9.40596705858563453e+00 6.50000000000120970e+00 0.00000000000000000e+00
8.40596705858543558e+00 6.50000000000120970e+00 0.00000000000000000e+00
1.64059670585870450e+01 7.50000293547750285e+00 0.00000000000000000e+00
1.54059670585868460e+01 7.50000000000141132e+00 0.00000000000000000e+00
1.44059670585866435e+01 7.50000000000141132e+00 0.00000000000000000e+00
1.34059670585864410e+01 7.50000000000141132e+00 0.00000000000000000e+00
1.24059670585862420e+01 7.50000000000141132e+00 0.00000000000000000e+00
1.14059654300260824e+01 7.50000000000141132e+00 0.00000000000000000e+00
1.04059638026629067e+01 7.50000000000141132e+00 0.00000000000000000e+00
9.40596196033382626e+00 7.50000352698087269e+00 1.68465775419385302e-06
1.64059670585870450e+01 8.50000329892913875e+00 0.00000000000000000e+00
1.54059670585868460e+01 8.50000000000161293e+00 0.00000000000000000e+00
1.44059670585866435e+01 8.50000000000161293e+00 0.00000000000000000e+00
1.34059670585864410e+01 8.50000000000161293e+00 0.00000000000000000e+00
1.24059670585862420e+01 8.50000000000161293e+00 0.00000000000000000e+00
1.14059670585860395e+01 8.50000095580642778e+00 0.00000000000000000e+00
1.04059670585858370e+01 8.50000000000161293e+00 0.00000000000000000e+00
1.64059670585870450e+01 9.50000366295812704e+00 0.00000000000000000e+00
1.54059670585868460e+01 9.50000000000181366e+00 0.00000000000000000e+00
1.44059670585866435e+01 9.50000000000181366e+00 0.00000000000000000e+00
1.34059670585864410e+01 9.50000000000181366e+00 0.00000000000000000e+00
1.24059670585862420e+01 9.50000000000181366e+00 0.00000000000000000e+00
1.14059660585860350e+01 9.50000207304990063e+00 2.79734960083012699e-14
1.64059670585870450e+01 1.05000040356558575e+01 0.00000000000000000e+00
1.54059670585868460e+01 1.05000000000020162e+01 0.00000000000000000e+00
1.44059670585866435e+01 1.05000000000020162e+01 0.00000000000000000e+00
1.34059670585864410e+01 1.05000000000020162e+01 0.00000000000000000e+00
1.24059670585862420e+01 1.05000000000020162e+01 0.00000000000000000e+00
1.64059670585870450e+01 1.15000044228289067e+01 0.00000000000000000e+00
1.54059670585868460e+01 1.15000000000022187e+01 0.00000000000000000e+00
1.44059670585866435e+01 1.15000020629205739e+01 0.00000000000000000e+00
1.34059670585864410e+01 1.15000000000022187e+01 0.00000000000000000e+00
1.64059670585870450e+01 1.25000048287839896e+01 0.00000000000000000e+00
1.54059670585868460e+01 1.25000000000024194e+01 0.00000000000000000e+00
1.44059660585866460e+01 1.25000081789375272e+01 -3.20086380802394537e-14
1.64059670585870450e+01 1.35000052527575267e+01 0.00000000000000000e+00
1.54059670585868460e+01 1.35000000000026201e+01 0.00000000000000000e+00
1.64059666765583572e+01 1.45000056347864135e+01 1.59972418493292584e-15
1.64059670585870450e+01 1.64059670585870450e+01 0.00000000000000000e+00
5.00000000000000000e-01 5.00000000000000000e-01 0.00000000000000000e+00
7.26594573653623677e-01 1.95034130241568260e+00 7.66823358798305654e-01
1.44962396788770409e+00 1.25428312273083353e+00 7.68503034817135555e-01
1.45050359701458476e+00 2.64447445339137488e+00 7.66070308831418911e-01
2.18817259591680546e+00 1.92907259988079449e+00 7.68503034817135555e-01
2.15691892540494123e+00 3.36221449657309002e+00 7.68503034817135555e-01
2.87092351823330283e+00 2.66157778903000253e+00 7.68503034817135555e-01
2.86700223346726002e+00 4.08341758000257382e+00 7.85424073326154160e-01
3.57910097960211271e+00 3.38031984671096986e+00 -7.84141435813355381e-01
3.58505357133076785e+00 4.79176883519965635e+00 -7.68503034817135555e-01
4.29609305571969546e+00 4.08852460724219924e+00 -7.68503034817135555e-01
4.32144478371384189e+00 5.48476990288755317e+00 -7.85115301317756753e-01
5.03173660226526032e+00 4.77746527184311187e+00 -7.83121090749226423e-01
5.01137104203381245e+00 6.22150345477671696e+00 7.68503034817135555e-01
5.72053982664442184e+00 5.51619164240567184e+00 7.68503034817135555e-01
5.71359744972512740e+00 6.93413934167007628e+00 7.68164128131514801e-01
6.42288092504736596e+00 6.22843325715553853e+00 7.68503034817135555e-01
6.43310601817291872e+00 7.62882668829794053e+00 7.67894457549509579e-01
7.16143088607223977e+00 6.90322135548894877e+00 7.68503034817135555e-01
7.13547268108009280e+00 8.34148095300193582e+00 7.68503034817135555e-01
7.84418270087684455e+00 7.63572562147140665e+00 7.68503034817135555e-01
1.49520982464911825e+01 1.61745204824888660e+01 -7.69134679348520645e-01
1.56516828570614877e+01 1.54563441336436060e+01 -7.68503034817135555e-01
1.42550110971086461e+01 1.54487603453244500e+01 -7.66097554194614561e-01
1.49768944707855276e+01 1.47177944509923861e+01 -7.68503034817135555e-01
1.35411058600951186e+01 1.47463104527749156e+01 -7.68503034817135555e-01
1.42443892695570469e+01 1.40350435403537457e+01 -7.68503034817135555e-01
1.28221101969710674e+01 1.40377681414368798e+01 7.83975509893202194e-01
1.35256476149106710e+01 1.33268656749360570e+01 7.84141435813355381e-01
1.21121596507340108e+01 1.33189426603696823e+01 7.68503034817135555e-01
1.28174424513448493e+01 1.26098740028673522e+01 7.68503034817135555e-01
1.14130358194195800e+01 1.25897380541735711e+01 7.83697966888526887e-01
1.21285017861615430e+01 1.18742304569068384e+01 7.83121090749226423e-01
1.06819929992983162e+01 1.18920404867754712e+01 -7.68503034817135555e-01
1.13897754161813758e+01 1.11854272319426258e+01 -7.68503034817135555e-01
9.96975220986040611e+00 1.11896971995737768e+01 -7.68503034817133224e-01
1.06775360407551929e+01 1.04830839686331156e+01 -7.68503034817135555e-01
9.27469277064970044e+00 1.04698841831495582e+01 -7.67266608905242120e-01
1.00027457138234084e+01 9.74453616214591989e+00 -7.68503034817135555e-01
8.56158361999025175e+00 9.76749212104254205e+00 -7.68503034817135555e-01
9.27024143711564008e+00 9.06178435771020396e+00 -7.68503034817135555e-01
7.84382536333310210e+00 9.05919016557437651e+00 7.85398073463333346e-01
8.55240864826977543e+00 8.35355841031727309e+00 -7.85398163397448279e-01
