# n = 270
# s = 16.938154354490464
# x y theta(rad)
5.00000000000000000e-01 1.62999261159930562e+01 0.00000000000000000e+00
1.50000000000020250e+00 1.64381543544904645e+01 0.00000000000000000e+00
1.62989582137060474e+01 5.00000000000000000e-01 0.00000000000000000e+00
1.64381543544904645e+01 1.50000000000020250e+00 0.00000000000000000e+00
5.00000000000000000e-01 1.15000000000022222e+01 1.57079632679489656e+00
5.00000000000000000e-01 1.05000000000020215e+01 0.00000000000000000e+00
5.00000000000000000e-01 9.50000000000181899e+00 0.00000000000000000e+00
1.50000000000020250e+00 9.50000000000181899e+00 0.00000000000000000e+00
5.00000000000000000e-01 8.50000000000161648e+00 0.00000000000000000e+00
1.50000000000020250e+00 8.50000000000161648e+00 0.00000000000000000e+00
2.50000000000040412e+00 8.50000000000161648e+00 0.00000000000000000e+00
5.00000000000000000e-01 7.50000000000141576e+00 0.00000000000000000e+00
1.50000000000020250e+00 7.50000000000141576e+00 0.00000000000000000e+00
2.50000000000040412e+00 7.50000000000141576e+00 1.57079632679489656e+00
3.50000000000060751e+00 7.50000000000141576e+00 0.00000000000000000e+00
5.00000000000000000e-01 6.50000000000121325e+00 0.00000000000000000e+00
1.50000000000020250e+00 6.50000000000121325e+00 0.00000000000000000e+00
2.50000000000040412e+00 6.50000000000121325e+00 0.00000000000000000e+00
3.50000000000060751e+00 6.50000000000121325e+00 0.00000000000000000e+00
4.62879444910335280e+00 6.86967169858846205e+00 -3.10303966609928761e-01
5.00000000000000000e-01 5.50000000000101075e+00 0.00000000000000000e+00
1.50000000000020250e+00 5.50000000000101075e+00 0.00000000000000000e+00
2.50000000000040412e+00 5.50000000000101075e+00 0.00000000000000000e+00
3.50000000000060751e+00 5.50000000000101075e+00 0.00000000000000000e+00
4.62879444910335280e+00 5.81951715591810803e+00 -3.10303966609928761e-01
5.00000000000000000e-01 4.50000000000080913e+00 0.00000000000000000e+00
1.50000000000020250e+00 4.50000000000080913e+00 0.00000000000000000e+00
2.50000000000040412e+00 4.50000000000080913e+00 0.00000000000000000e+00
3.50000000000060751e+00 4.50000000000080913e+00 0.00000000000000000e+00
4.50000000000080913e+00 4.50000000000080913e+00 1.57079632679489656e+00
5.00000000000000000e-01 3.50000000000060751e+00 0.00000000000000000e+00
1.50000000000020250e+00 3.50000000000060751e+00 0.00000000000000000e+00
2.50000000000040412e+00 3.50000000000060751e+00 0.00000000000000000e+00
3.50000000000060751e+00 3.50000000000060663e+00 0.00000000000000000e+00
4.50000000000080913e+00 3.50000000000060751e+00 0.00000000000000000e+00
5.50000000000101075e+00 3.50000000000060751e+00 0.00000000000000000e+00
5.00000000000000000e-01 2.50000000000040412e+00 0.00000000000000000e+00
1.50000000000020250e+00 2.50000000000040412e+00 0.00000000000000000e+00
2.50000000000040412e+00 2.50000000000040412e+00 0.00000000000000000e+00
3.50000000000060751e+00 2.50000000000040412e+00 1.57079632679489656e+00
4.50000000000080913e+00 2.50000000000040412e+00 0.00000000000000000e+00
5.50000000000101075e+00 2.50000000000040412e+00 0.00000000000000000e+00
6.50000000000121325e+00 2.50000000000040412e+00 1.57079632679489656e+00
5.00000000000000000e-01 1.50000000000020250e+00 0.00000000000000000e+00
1.50000000000020339e+00 1.50000000000020250e+00 0.00000000000000000e+00
2.50000000000040412e+00 1.50000000000020250e+00 0.00000000000000000e+00
3.50000000000060751e+00 1.50000000000020250e+00 0.00000000000000000e+00
4.50000000000080913e+00 1.50000000000020250e+00 0.00000000000000000e+00
5.50000000000101075e+00 1.50000000000020250e+00 0.00000000000000000e+00
6.50000000000121325e+00 1.50000000000020250e+00 0.00000000000000000e+00
7.50000000000141576e+00 1.50000000000020250e+00 0.00000000000000000e+00
5.00000000000000000e-01 5.00000000000000000e-01 0.00000000000000000e+00
1.50000000000020250e+00 5.00000000000000000e-01 0.00000000000000000e+00
2.50000000000040412e+00 5.00000000000000000e-01 0.00000000000000000e+00
3.50000000000060751e+00 5.00000000000000000e-01 0.00000000000000000e+00
4.50000000000080913e+00 5.00000000000000000e-01 0.00000000000000000e+00
5.50000000000101075e+00 5.00000000000000000e-01 0.00000000000000000e+00
6.50000000000121325e+00 5.00000000000000000e-01 0.00000000000000000e+00
7.50000000000141576e+00 5.00000000000000000e-01 0.00000000000000000e+00
8.50000000000161648e+00 5.00000000000000000e-01 0.00000000000000000e+00
9.50000000000181899e+00 5.00000000000000000e-01 0.00000000000000000e+00
3.43815435448783813e+00 1.64381543544904645e+01 0.00000000000000000e+00
4.43815435448804063e+00 1.64381543544904645e+01 0.00000000000000000e+00
5.43815435448824225e+00 1.64381543544904645e+01 0.00000000000000000e+00
6.43815435448844475e+00 1.64381543544904645e+01 0.00000000000000000e+00
7.43815435448864548e+00 1.64381543544904645e+01 0.00000000000000000e+00
8.43815435448884976e+00 1.64381543544904645e+01 0.00000000000000000e+00
9.43815435448905049e+00 1.64381543544904645e+01 0.00000000000000000e+00
1.04381543544892530e+01 1.64381543544904645e+01 0.00000000000000000e+00
1.14381543544894555e+01 1.64381543544904645e+01 0.00000000000000000e+00
1.24381543544896562e+01 1.64381543544904645e+01 0.00000000000000000e+00
1.34381543544898587e+01 1.64381543544904645e+01 0.00000000000000000e+00
1.44381543544900595e+01 1.64262526152682966e+01 0.00000000000000000e+00
1.54381543544902620e+01 1.64381543544904645e+01 0.00000000000000000e+00
1.64381543544904645e+01 1.64381543544904645e+01 0.00000000000000000e+00
4.43815435448804063e+00 1.54381543544902620e+01 0.00000000000000000e+00
5.43815435448824225e+00 1.54381543544902620e+01 0.00000000000000000e+00
6.43815435448844475e+00 1.54381543544902620e+01 0.00000000000000000e+00
7.43815435448864637e+00 1.54381543544902620e+01 0.00000000000000000e+00
8.43815435448884976e+00 1.54381543544902620e+01 0.00000000000000000e+00
9.43815435448905049e+00 1.54381543544902620e+01 0.00000000000000000e+00
1.04381543544892530e+01 1.54381543544902620e+01 0.00000000000000000e+00
1.14381543544894555e+01 1.54381543544902620e+01 0.00000000000000000e+00
1.24381543544896545e+01 1.54381543544902620e+01 0.00000000000000000e+00
1.34381543544898587e+01 1.54381543544902620e+01 0.00000000000000000e+00
1.44381543544900595e+01 1.54262526152680941e+01 0.00000000000000000e+00
1.54381543544902620e+01 1.54381543544902620e+01 0.00000000000000000e+00
1.64381543544904645e+01 1.54381543544902620e+01 0.00000000000000000e+00
5.43815435448824225e+00 1.44381543544900595e+01 0.00000000000000000e+00
6.43815435448844475e+00 1.44381543544900595e+01 0.00000000000000000e+00
7.43815435448864637e+00 1.44381543544900595e+01 0.00000000000000000e+00
8.43815435448884976e+00 1.44381543544900595e+01 0.00000000000000000e+00
9.43815435448905049e+00 1.44381543544900595e+01 0.00000000000000000e+00
1.04381543544892530e+01 1.44381543544900595e+01 0.00000000000000000e+00
1.14381543544894537e+01 1.44381543544900595e+01 0.00000000000000000e+00
1.24381543544896562e+01 1.44381543544900595e+01 0.00000000000000000e+00
1.34381543544898587e+01 1.44381543544900595e+01 0.00000000000000000e+00
1.44381543544900595e+01 1.44262526152678916e+01 0.00000000000000000e+00
1.54381543544902620e+01 1.44381543544900595e+01 0.00000000000000000e+00
1.64381543544904645e+01 1.44381543544900595e+01 0.00000000000000000e+00
6.43815435448844475e+00 1.34381543544898587e+01 0.00000000000000000e+00
7.43815435448864637e+00 1.34381543544898587e+01 0.00000000000000000e+00
8.43815435448884976e+00 1.34381543544898587e+01 0.00000000000000000e+00
9.43815435448905049e+00 1.34381543544898587e+01 0.00000000000000000e+00
1.04381543544892530e+01 1.34381543544898587e+01 0.00000000000000000e+00
1.14381543544894555e+01 1.34381543544898587e+01 0.00000000000000000e+00
1.24381543544896562e+01 1.34381543544898587e+01 0.00000000000000000e+00
1.34381543544898587e+01 1.34381543544898587e+01 0.00000000000000000e+00
1.44381543544900595e+01 1.34262526152676891e+01 0.00000000000000000e+00
1.54381543544902620e+01 1.34381543544898587e+01 0.00000000000000000e+00
1.64381543544904645e+01 1.34381543544898587e+01 0.00000000000000000e+00
6.43815435448844475e+00 1.24381543544896562e+01 0.00000000000000000e+00
7.43815435448864637e+00 1.24381543544896562e+01 0.00000000000000000e+00
8.43815435448884976e+00 1.24381543544896562e+01 0.00000000000000000e+00
9.43815435448905049e+00 1.24381543544896562e+01 0.00000000000000000e+00
1.04381543544892530e+01 1.24381543544896562e+01 0.00000000000000000e+00
1.14381543544894555e+01 1.24381543544896562e+01 0.00000000000000000e+00
1.24381543544896562e+01 1.24381543544896562e+01 0.00000000000000000e+00
1.34381543544898587e+01 1.24381543544896562e+01 0.00000000000000000e+00
1.44381543544900595e+01 1.24262526152674866e+01 0.00000000000000000e+00
1.54381543544902620e+01 1.24381543544896562e+01 0.00000000000000000e+00
1.64381543544904645e+01 1.24381543544896562e+01 0.00000000000000000e+00
6.43815435448844475e+00 1.14381543544894555e+01 0.00000000000000000e+00
7.43815435448864637e+00 1.14370376562173348e+01 0.00000000000000000e+00
8.43815435448884976e+00 1.14381543544894555e+01 0.00000000000000000e+00
9.43815435448905049e+00 1.14381543544894555e+01 0.00000000000000000e+00
1.04381543544892530e+01 1.14381543544894555e+01 0.00000000000000000e+00
1.14381543544894555e+01 1.14381543544894555e+01 0.00000000000000000e+00
1.24381543544896562e+01 1.14381543544894555e+01 0.00000000000000000e+00
1.34381543544898587e+01 1.14381543544894555e+01 0.00000000000000000e+00
1.44381543544900595e+01 1.14262526152672859e+01 0.00000000000000000e+00
1.54381543544902620e+01 1.14381543544894555e+01 0.00000000000000000e+00
1.64381543544904645e+01 1.14381543544894555e+01 0.00000000000000000e+00
6.43815435448844475e+00 1.03988888342164376e+01 0.00000000000000000e+00
7.43815435448864548e+00 1.04370376562171341e+01 0.00000000000000000e+00
8.43815435448884976e+00 1.04381543544892530e+01 0.00000000000000000e+00
9.43815435448905049e+00 1.04381543544892530e+01 0.00000000000000000e+00
1.04381543544892530e+01 1.04381543544892530e+01 0.00000000000000000e+00
1.14381543544894555e+01 1.04381543544892530e+01 0.00000000000000000e+00
1.24381543544896562e+01 1.04381543544892530e+01 0.00000000000000000e+00
1.34381543544898587e+01 1.04381543544892530e+01 0.00000000000000000e+00
1.44381543544900595e+01 1.04262526152670834e+01 0.00000000000000000e+00
1.54381543544902620e+01 1.04381543544892530e+01 0.00000000000000000e+00
1.64381543544904645e+01 1.04381543544892530e+01 0.00000000000000000e+00
6.43815435448844475e+00 9.39888883421623689e+00 0.00000000000000000e+00
7.43815435448864637e+00 9.43703765621693158e+00 0.00000000000000000e+00
8.43815435448884976e+00 9.43815435448905049e+00 0.00000000000000000e+00
9.43815435448905049e+00 9.43815435448905049e+00 0.00000000000000000e+00
1.04381543544892530e+01 9.43815435448905049e+00 0.00000000000000000e+00
1.14381543544894555e+01 9.43815435448905049e+00 0.00000000000000000e+00
1.24381543544896562e+01 9.43815435448904871e+00 0.00000000000000000e+00
1.34381543544898587e+01 9.43815435448905049e+00 0.00000000000000000e+00
1.44381543544900595e+01 9.42625261526688263e+00 0.00000000000000000e+00
1.54381543544902620e+01 9.43815435448905049e+00 0.00000000000000000e+00
1.64381543544904645e+01 9.43815435448905049e+00 0.00000000000000000e+00
7.43815435448864637e+00 8.43703765621672908e+00 0.00000000000000000e+00
8.43815435448884976e+00 8.43815435448884976e+00 0.00000000000000000e+00
9.43815435448905049e+00 8.43815435448884976e+00 0.00000000000000000e+00
1.04381543544892530e+01 8.43815435448884976e+00 0.00000000000000000e+00
1.14381543544894555e+01 8.43815435448884976e+00 0.00000000000000000e+00
1.24381543544896562e+01 8.43815435448884799e+00 0.00000000000000000e+00
1.34381543544898587e+01 8.43815435448884976e+00 0.00000000000000000e+00
1.44381543544900595e+01 8.42625261526668012e+00 0.00000000000000000e+00
1.54381543544902620e+01 8.43815435448884976e+00 0.00000000000000000e+00
1.64381543544904645e+01 8.43815435448884976e+00 0.00000000000000000e+00
1.04381543544892530e+01 7.43815435448864637e+00 0.00000000000000000e+00
1.14381543544894555e+01 7.43815435448864637e+00 0.00000000000000000e+00
1.24381543544896562e+01 7.43815435448864548e+00 0.00000000000000000e+00
1.34381543544898587e+01 7.43815435448864637e+00 0.00000000000000000e+00
1.44381543544900595e+01 7.42625261526647762e+00 0.00000000000000000e+00
1.54381543544902620e+01 7.43815435448864637e+00 0.00000000000000000e+00
1.64381543544904645e+01 7.43815435448864637e+00 0.00000000000000000e+00
1.24381543544896562e+01 6.43815435448844386e+00 0.00000000000000000e+00
1.34381543544898587e+01 6.43815435448844475e+00 0.00000000000000000e+00
1.44381543544900595e+01 6.42625261526627511e+00 0.00000000000000000e+00
1.54381543544902620e+01 6.43815435448844475e+00 0.00000000000000000e+00
1.64381543544904645e+01 6.43815435448844475e+00 0.00000000000000000e+00
1.44381543544900595e+01 5.42625261526607350e+00 0.00000000000000000e+00
1.54381543544902620e+01 5.43815435448824225e+00 0.00000000000000000e+00
1.64381543544904645e+01 5.43815435448824225e+00 0.00000000000000000e+00
1.54381543544902620e+01 4.43815435448803974e+00 0.00000000000000000e+00
1.64381543544904645e+01 4.43815435448803974e+00 0.00000000000000000e+00
1.64381543544904645e+01 3.43815435448783813e+00 0.00000000000000000e+00
9.43815435448905049e+00 7.43815435448864637e+00 0.00000000000000000e+00
8.29835975335750753e+00 7.30935990538610181e+00 -3.10303966609928816e-01
7.22461956551200224e+00 7.30174589242976868e+00 -3.47012406066230461e-01
1.03290232346153061e+01 6.32902323461449789e+00 -2.52703093441219107e-01
1.14381543544894555e+01 6.43815435448844475e+00 0.00000000000000000e+00
6.15157477487879056e+00 7.27503599182743432e+00 -3.47012406066230406e-01
6.64903261457118866e-01 1.48871661902320813e+01 4.38157218079789190e-01
1.58832990841722310e+00 1.52732510930331458e+01 4.38157218079789190e-01
6.39445546866419079e-01 1.37682505944601363e+01 3.44368395444336617e-01
1.56329168151208986e+00 1.41544859505164808e+01 3.44368395444336617e-01
2.50101024604288469e+00 1.45020427582435936e+01 3.44368395444336617e-01
6.30997148662719276e-01 1.26309971486651449e+01 3.17159800104718337e-01
1.55572052654777160e+00 1.30202537725851748e+01 3.17159800104718337e-01
2.48123875626983459e+00 1.34070888414722873e+01 3.17159800104718337e-01
3.41957676713307812e+00 1.37548678195285810e+01 3.17159800104718337e-01
4.34043287327940153e+00 1.41559062761204721e+01 3.17159800104718337e-01
1.56434161404169636e+00 1.18850638208570274e+01 3.18385756714891666e-01
2.48897087038693154e+00 1.22742894224263637e+01 3.18385756714891666e-01
3.41439794609296499e+00 1.26610944470551914e+01 3.18385756714891666e-01
4.35269266469719351e+00 1.30088591560329689e+01 3.18385756714891666e-01
1.63080855576666295e+00 1.06437463627701305e+01 3.16569181520212850e-01
2.51865453642171389e+00 1.11457312092718421e+01 3.16569181520212850e-01
3.44342376800738670e+00 1.15350029465185795e+01 3.16569181520212850e-01
4.36898642178899443e+00 1.19218526575243526e+01 3.16569181520212850e-01
5.30734579872178180e+00 1.22696386778124626e+01 3.16569181520212795e-01
2.57590900866167694e+00 9.91256148617777022e+00 3.88063591055744950e-01
3.45285248799303979e+00 1.04100894651894897e+01 3.88063591055744950e-01
4.37456173354838906e+00 1.07981103012114996e+01 3.88063591055744950e-01
5.30243658255610484e+00 1.11845252371881188e+01 3.77811896046267470e-01
3.46085025301521476e+00 9.19639126636398707e+00 4.64490685424422345e-01
4.36166527706936868e+00 9.70207080513263165e+00 3.98460453029548411e-01
5.28332470711333180e+00 1.00900706698380702e+01 3.98460453029548411e-01
4.28155559591196688e+00 8.43343881906459814e+00 7.38602313032967750e-01
5.27694761297739579e+00 9.00238656551057304e+00 3.98460453029548411e-01
5.25162851095985772e+00 7.72696622524560173e+00 -3.47012406066230350e-01
2.52797694608013401e+00 1.56375867345811770e+01 4.49138817607449892e-01
3.41981144414026517e+00 1.49023442024846933e+01 3.44368395444336617e-01
6.41602923815712689e+00 8.37676371788471741e+00 -4.52911857524765371e-02
6.28474606378120093e+00 4.43376983134421288e+00 -3.10303966609928872e-01
6.59009416373395407e+00 5.38601062959623533e+00 -3.10303966609928816e-01
6.89544226368670810e+00 6.33825142784825601e+00 -3.10303966609928816e-01
5.53003272182812999e+00 5.35511555070874135e+00 -3.10303966609928650e-01
1.48351842505782727e+01 5.00000000000000000e-01 0.00000000000000000e+00
1.52113632873728228e+01 1.62508963675626283e+00 -4.73127991064058007e-01
1.36517731247728875e+01 5.00000000000000000e-01 0.00000000000000000e+00
1.40557100952719516e+01 1.59304351053466764e+00 -4.27035254330981440e-01
1.45042062444211339e+01 2.48762336821936803e+00 -4.27035254330981384e-01
1.25428128505823082e+01 5.00000000000000000e-01 0.00000000000000000e+00
1.28351166571151190e+01 1.60390089026852056e+00 -3.40167107945144431e-01
1.33208670306558190e+01 2.49276580285654692e+00 -3.40167107945144431e-01
1.37722909160277887e+01 3.39377971458697569e+00 -3.40167107945144431e-01
1.42090536362404087e+01 4.29998257783706084e+00 -3.40167107945144431e-01
1.15428128505821057e+01 5.00000000000000000e-01 0.00000000000000000e+00
1.17826398281410629e+01 1.63425140074636399e+00 -3.27462244274101255e-01
1.21125076793657662e+01 2.57831850035965804e+00 -3.27462244274101255e-01
1.25989689726797742e+01 3.46919208698752168e+00 -3.27462244274101255e-01
1.30509494181418706e+01 4.37177853593891186e+00 -3.27462244274101255e-01
1.05000000000020215e+01 5.00000000000000000e-01 0.00000000000000000e+00
1.07195208964945845e+01 1.61831106726725693e+00 -3.17159800104716338e-01
1.10377346203106583e+01 2.56635358466662034e+00 -3.17159800104716338e-01
1.13676483334419824e+01 3.51055569461134631e+00 -3.17159800104716338e-01
1.18547035312502622e+01 4.40317764384605592e+00 -3.17159800104716338e-01
1.23071572058269396e+01 5.30715720582552386e+00 -3.17159800104716283e-01
9.66199134784128333e+00 1.62083717181132769e+00 -2.86261934536985396e-01
9.96718004482939079e+00 2.57538426825821354e+00 -2.90193782600145167e-01
1.02855633638165074e+01 3.52394346564857663e+00 -2.90193782600145167e-01
1.06157502577227163e+01 4.46897783419737848e+00 -2.90193782600145167e-01
1.11044698850618015e+01 5.36667054947877453e+00 -2.90193782600145223e-01
8.88217894244522554e+00 2.57142547302906976e+00 -2.52703093441218996e-01
9.18800611566842740e+00 3.52525543570097977e+00 -2.52703093441218996e-01
9.50695181967553005e+00 4.47569788870889695e+00 -2.52703093441218996e-01
9.83783330881273343e+00 5.42305824448034546e+00 -2.52703093441218996e-01
8.60913111987556512e+00 1.60913111987415025e+00 -2.52703093441218996e-01
8.10675209776678685e+00 3.53365999603145386e+00 -2.90434654617813426e-01
8.41216048175683007e+00 4.48608879257067450e+00 -2.90434654617813426e-01
8.73054103417341487e+00 5.43464038687027085e+00 -2.90434654617813426e-01
7.34480750568702412e+00 4.46466491023170597e+00 -3.10303966609928816e-01
7.65015560563977814e+00 5.41690570848372754e+00 -3.10303966609928816e-01
1.56457746665895563e+01 2.52612085975914802e+00 -4.73127991064058062e-01
1.49386000750572325e+01 3.38862031044246592e+00 -4.27035254330981384e-01
7.80134371377674274e+00 2.58123119949223412e+00 -2.90434654617813426e-01
7.03945940573427009e+00 3.51242411197968440e+00 -3.10303966609928816e-01
9.06072420515767618e+00 6.37966434125344506e+00 -2.90434654617813426e-01
7.96839373634946302e+00 6.36501315474412444e+00 -3.10303966609928816e-01
5.83538082178088402e+00 6.30735634896076292e+00 -3.10303966609928705e-01
5.36425622675955438e+00 1.33642562267611709e+01 1.61512336495403169e-01
1.34381543544898587e+01 5.43815435448824225e+00 0.00000000000000000e+00
