# n = 271
# s = 16.950820792628178
# x y theta(rad)
5.00000000000000000e-01 1.62738427718961844e+01 0.00000000000000000e+00
1.50000000000020073e+00 1.64508207926281784e+01 0.00000000000000000e+00
1.62738253056527853e+01 5.00000000000000000e-01 0.00000000000000000e+00
1.64508207926281713e+01 1.50000000000020250e+00 0.00000000000000000e+00
5.00000000000000000e-01 1.05000000000020162e+01 0.00000000000000000e+00
5.00000750998946586e-01 9.50000000000181544e+00 0.00000000000000000e+00
5.00000000000000000e-01 8.50000000000161293e+00 0.00000000000000000e+00
1.50000000000020073e+00 8.50000000000161293e+00 0.00000000000000000e+00
5.00000000000000000e-01 7.50000000000141220e+00 0.00000000000000000e+00
1.50000000000020073e+00 7.50000000000141220e+00 0.00000000000000000e+00
2.50000000000040234e+00 7.50000000000141220e+00 0.00000000000000000e+00
5.00000000000000000e-01 6.50000000000120970e+00 0.00000000000000000e+00
1.50000000000020073e+00 6.50000000000120970e+00 0.00000000000000000e+00
2.50000000000040234e+00 6.50000000000120970e+00 0.00000000000000000e+00
3.51294248324009306e+00 6.51303452791083082e+00 -2.62320143920636781e-02
5.00000000000000000e-01 5.50000000000100897e+00 0.00000000000000000e+00
1.50000000000020073e+00 5.50000000000100897e+00 0.00000000000000000e+00
2.50000000000040234e+00 5.50000000000100897e+00 0.00000000000000000e+00
3.50661271304320721e+00 5.50661271304361133e+00 -1.33144555212833648e-02
4.51322839990345592e+00 5.50000000000100897e+00 0.00000000000000000e+00
5.00000000000000000e-01 4.50000000000080735e+00 0.00000000000000000e+00
1.50000000000020073e+00 4.50000000000080735e+00 0.00000000000000000e+00
2.50000000000040234e+00 4.50000000000080735e+00 0.00000000000000000e+00
3.50000000000060396e+00 4.50000000000080735e+00 0.00000000000000000e+00
4.50000000000080558e+00 4.50000000000080735e+00 0.00000000000000000e+00
5.00000000000000000e-01 3.50000000000060574e+00 0.00000000000000000e+00
1.50000000000020073e+00 3.50000000000060574e+00 0.00000000000000000e+00
2.50000000000040234e+00 3.50000000000060574e+00 0.00000000000000000e+00
3.50000000000060396e+00 3.50000000000060574e+00 0.00000000000000000e+00
4.50000000000080558e+00 3.50000000000060574e+00 0.00000000000000000e+00
5.51563246402930396e+00 3.51563246402890162e+00 -3.17750594871805611e-02
5.00000000000000000e-01 2.50000000000040412e+00 0.00000000000000000e+00
1.50000000000020073e+00 2.50000000000040412e+00 0.00000000000000000e+00
2.50000000000040234e+00 2.50000000000040412e+00 0.00000000000000000e+00
3.50000000000060396e+00 2.50000000000040412e+00 0.00000000000000000e+00
4.50000000000080558e+00 2.50000000000040412e+00 0.00000000000000000e+00
5.50000000000100719e+00 2.50000000000040412e+00 0.00000000000000000e+00
6.50000000000120970e+00 2.50000000000040412e+00 0.00000000000000000e+00
5.00000000000000000e-01 1.50000000000020250e+00 0.00000000000000000e+00
1.50000000000020073e+00 1.50000000000020250e+00 0.00000000000000000e+00
2.50000000000040234e+00 1.50000000000020250e+00 0.00000000000000000e+00
3.50000000000060396e+00 1.50000000000020250e+00 0.00000000000000000e+00
4.50000000000080558e+00 1.50000000000020250e+00 0.00000000000000000e+00
5.50000000000100719e+00 1.50000000000020250e+00 0.00000000000000000e+00
6.50000000000120970e+00 1.50000000000020250e+00 0.00000000000000000e+00
7.50000000000141043e+00 1.50000000000020250e+00 0.00000000000000000e+00
5.00000000000000000e-01 5.00000000000000000e-01 0.00000000000000000e+00
1.50000000000020073e+00 5.00000000000000000e-01 0.00000000000000000e+00
2.50000000000040234e+00 5.00000000000000000e-01 0.00000000000000000e+00
3.50000000000060396e+00 5.00000000000000000e-01 0.00000000000000000e+00
4.50000000000080558e+00 5.00000000000000000e-01 0.00000000000000000e+00
5.50000000000100719e+00 5.00000000000000000e-01 0.00000000000000000e+00
6.50000000000120970e+00 5.00000000000000000e-01 0.00000000000000000e+00
7.50000000000141043e+00 5.00000000000000000e-01 0.00000000000000000e+00
8.50000000000161293e+00 5.00000000000000000e-01 0.00000000000000000e+00
9.50000000000181366e+00 5.00000750998966126e-01 0.00000000000000000e+00
3.44499961539935917e+00 1.64494973529774029e+01 -1.55975873656793062e-06
4.44500227277338311e+00 1.64508207926281784e+01 0.00000000000000000e+00
5.44500414047794301e+00 1.64508207926281784e+01 0.00000000000000000e+00
6.44500920190133630e+00 1.64508207926281784e+01 0.00000000000000000e+00
7.44503046675604452e+00 1.64508207926281784e+01 0.00000000000000000e+00
8.44510226454526602e+00 1.64508207926281784e+01 0.00000000000000000e+00
9.44518988310576546e+00 1.64508207926281784e+01 0.00000000000000000e+00
1.04453179882757414e+01 1.64508207926281784e+01 0.00000000000000000e+00
1.14454471157500368e+01 1.64508207926281784e+01 0.00000000000000000e+00
1.24456135224254130e+01 1.64508207926281784e+01 0.00000000000000000e+00
1.34460349257798129e+01 1.64508207926281784e+01 0.00000000000000000e+00
1.44467596728897281e+01 1.64508207926281784e+01 0.00000000000000000e+00
1.54475447041634428e+01 1.64508207926281784e+01 0.00000000000000000e+00
1.64481267662989197e+01 1.64508207926281784e+01 0.00000000000000000e+00
4.45082079262575459e+00 1.54508207926279741e+01 0.00000000000000000e+00
5.45082079262595620e+00 1.54508207926279741e+01 0.00000000000000000e+00
6.45082079262615871e+00 1.54508207926279741e+01 0.00000000000000000e+00
7.45082079262635943e+00 1.54508207926279741e+01 0.00000000000000000e+00
8.45082079262656194e+00 1.54508207926279741e+01 0.00000000000000000e+00
9.45082079262676444e+00 1.54508207926279741e+01 0.00000000000000000e+00
1.04508207926269652e+01 1.54508207926279741e+01 0.00000000000000000e+00
1.14508207926271677e+01 1.54508207926279741e+01 0.00000000000000000e+00
1.24508207926273684e+01 1.54485037630064088e+01 0.00000000000000000e+00
1.34508207926275691e+01 1.54508207926279741e+01 0.00000000000000000e+00
1.44508207926277716e+01 1.54508207926279741e+01 0.00000000000000000e+00
1.54508207926279741e+01 1.54508207926279741e+01 0.00000000000000000e+00
1.64508207926281713e+01 1.54508207926279741e+01 0.00000000000000000e+00
5.45082079262595620e+00 1.44508207926277716e+01 0.00000000000000000e+00
6.45082079262615871e+00 1.44508207926277716e+01 0.00000000000000000e+00
7.45082079262635943e+00 1.44508207926277716e+01 0.00000000000000000e+00
8.45082079262656194e+00 1.34508207926275709e+01 0.00000000000000000e+00
9.45082079262676444e+00 1.44508207926277716e+01 0.00000000000000000e+00
1.04508207926269652e+01 1.44508207926277716e+01 0.00000000000000000e+00
1.14508207926271677e+01 1.44508207926277716e+01 0.00000000000000000e+00
1.24508207926273684e+01 1.44478104173853641e+01 0.00000000000000000e+00
1.34508207926275691e+01 1.44508207926277716e+01 0.00000000000000000e+00
1.44508207926277716e+01 1.44508207926277716e+01 0.00000000000000000e+00
1.54508207926279741e+01 1.44508207926277716e+01 0.00000000000000000e+00
1.64508207926281713e+01 1.44508207926277716e+01 0.00000000000000000e+00
6.45082079262615871e+00 1.34508207926275709e+01 0.00000000000000000e+00
7.45082079262635943e+00 1.34508207926275709e+01 0.00000000000000000e+00
8.44780170533984354e+00 1.24508207926273702e+01 0.00000000000000000e+00
9.45082079262676444e+00 1.34508207926275709e+01 0.00000000000000000e+00
1.04508207926269652e+01 1.34508207926275709e+01 0.00000000000000000e+00
1.14508207926271677e+01 1.34508207926275709e+01 0.00000000000000000e+00
1.24508207926273684e+01 1.34470562279009034e+01 0.00000000000000000e+00
1.34508207926275691e+01 1.34508207926275709e+01 0.00000000000000000e+00
1.44508207926277716e+01 1.34508207926275709e+01 0.00000000000000000e+00
1.54508207926279741e+01 1.34508207926275709e+01 0.00000000000000000e+00
1.64508207926281713e+01 1.34508207926275709e+01 0.00000000000000000e+00
6.44761662941617075e+00 1.24508207926273702e+01 0.00000000000000000e+00
7.44768394328961847e+00 1.24508207926273702e+01 0.00000000000000000e+00
8.45082079262656194e+00 1.14410134879774983e+01 0.00000000000000000e+00
9.44801353742296612e+00 1.24508207926273702e+01 0.00000000000000000e+00
1.04494179909563449e+01 1.24508207926273702e+01 0.00000000000000000e+00
1.14496872461384651e+01 1.24508207926273702e+01 0.00000000000000000e+00
1.24508207926273684e+01 1.24463465758357010e+01 0.00000000000000000e+00
1.34508207926275691e+01 1.24508207926273702e+01 0.00000000000000000e+00
1.44508207926277716e+01 1.24508207926273702e+01 0.00000000000000000e+00
1.54508207926279741e+01 1.24508207926273702e+01 0.00000000000000000e+00
1.64508207926281713e+01 1.24508207926273702e+01 0.00000000000000000e+00
6.45082079262615871e+00 1.14508207926271677e+01 0.00000000000000000e+00
7.45082079262635943e+00 1.14508207926271677e+01 0.00000000000000000e+00
8.45082079262656194e+00 1.44508207926277716e+01 0.00000000000000000e+00
9.45082079262676444e+00 1.14508207926271677e+01 0.00000000000000000e+00
1.04508207926269652e+01 1.14508207926271677e+01 0.00000000000000000e+00
1.14508207926271677e+01 1.14508207926271677e+01 0.00000000000000000e+00
1.24508207926273684e+01 1.14457688955625230e+01 0.00000000000000000e+00
1.34508207926275691e+01 1.14508207926271677e+01 0.00000000000000000e+00
1.44508207926277716e+01 1.14508207926271677e+01 0.00000000000000000e+00
1.54508207926279741e+01 1.14508207926271677e+01 0.00000000000000000e+00
1.64508207926281713e+01 1.14508207926271677e+01 0.00000000000000000e+00
6.45082079262615871e+00 1.03847605812405916e+01 0.00000000000000000e+00
7.45082079262635943e+00 1.04508207926269669e+01 0.00000000000000000e+00
8.45082079262656194e+00 1.04376363262444620e+01 0.00000000000000000e+00
9.45082079262676444e+00 1.04508207926269669e+01 0.00000000000000000e+00
1.04508207926269652e+01 1.04508207926269669e+01 0.00000000000000000e+00
1.14508207926271677e+01 1.04508207926269669e+01 0.00000000000000000e+00
1.24508207926273684e+01 1.04456626577958289e+01 0.00000000000000000e+00
1.34508207926275691e+01 1.04508207926269669e+01 0.00000000000000000e+00
1.44508207926277716e+01 1.04508207926269669e+01 0.00000000000000000e+00
1.54508207926279741e+01 1.04508207926269669e+01 0.00000000000000000e+00
1.64508207926281713e+01 1.04508207926269669e+01 0.00000000000000000e+00
7.45082079262635943e+00 9.45082079262676444e+00 0.00000000000000000e+00
8.45082079262656194e+00 9.43141552481839973e+00 0.00000000000000000e+00
9.45082079262676444e+00 9.45082079262676444e+00 0.00000000000000000e+00
1.04508207926269652e+01 9.45082079262676444e+00 0.00000000000000000e+00
1.14508207926271677e+01 9.45082079262676444e+00 0.00000000000000000e+00
1.24508207926273684e+01 9.44535645170725147e+00 0.00000000000000000e+00
1.34508207926275691e+01 9.45082079262676444e+00 0.00000000000000000e+00
1.44508207926277716e+01 9.45082079262676444e+00 0.00000000000000000e+00
1.54508207926279741e+01 9.45082079262676444e+00 0.00000000000000000e+00
1.64508207926281713e+01 9.45082079262676444e+00 0.00000000000000000e+00
7.45082079262635943e+00 8.45082079262656372e+00 0.00000000000000000e+00
8.45082079262656194e+00 8.42614402736363388e+00 0.00000000000000000e+00
9.45082079262676444e+00 8.45082079262656372e+00 0.00000000000000000e+00
1.14508207926271677e+01 8.45082079262656372e+00 0.00000000000000000e+00
1.04508207926269652e+01 8.45082079262656372e+00 0.00000000000000000e+00
1.24508207926273684e+01 8.44521463074072365e+00 0.00000000000000000e+00
1.34508207926275691e+01 8.45082079262656372e+00 0.00000000000000000e+00
1.44508207926277716e+01 8.45082079262656372e+00 0.00000000000000000e+00
1.54508207926279741e+01 8.45082079262656372e+00 0.00000000000000000e+00
1.64508207926281713e+01 8.45082079262656372e+00 0.00000000000000000e+00
9.45082079262676444e+00 7.45082079262636121e+00 0.00000000000000000e+00
1.04508207926269652e+01 7.45082079262636121e+00 0.00000000000000000e+00
1.24508207926273684e+01 7.44511086663684374e+00 0.00000000000000000e+00
1.14508207926271677e+01 7.45082079262636121e+00 0.00000000000000000e+00
1.44508207926277716e+01 7.45082079262636121e+00 0.00000000000000000e+00
1.54508207926279741e+01 7.45082079262636121e+00 0.00000000000000000e+00
1.34508207926275691e+01 7.45082079262636121e+00 0.00000000000000000e+00
1.64508207926281713e+01 7.45082079262636121e+00 0.00000000000000000e+00
1.24508207926273684e+01 6.44484161145472800e+00 0.00000000000000000e+00
1.34508207926275691e+01 6.45082079262615871e+00 0.00000000000000000e+00
1.44508207926277716e+01 6.45082079262615871e+00 0.00000000000000000e+00
1.54508207926279741e+01 6.45082079262615871e+00 0.00000000000000000e+00
1.64508207926281713e+01 6.45082079262615871e+00 0.00000000000000000e+00
1.44508207926277716e+01 5.45082079262595798e+00 0.00000000000000000e+00
1.54508207926279741e+01 5.45082079262595798e+00 0.00000000000000000e+00
1.64508207926281713e+01 5.45082079262595798e+00 0.00000000000000000e+00
1.54508207926279741e+01 4.45082079262575547e+00 0.00000000000000000e+00
1.64508207926281713e+01 4.45082079262575547e+00 0.00000000000000000e+00
1.64508207926281713e+01 3.45082079262555386e+00 0.00000000000000000e+00
8.45082079262656194e+00 7.42418697093680002e+00 0.00000000000000000e+00
7.45082079262635943e+00 7.45082079262636121e+00 0.00000000000000000e+00
1.03936415185786402e+01 6.39364151857783547e+00 -1.22107644994343262e-01
1.14508207926271677e+01 6.45082079262615871e+00 0.00000000000000000e+00
4.89058986104755533e+00 6.65447547974324127e+00 3.97135290695352750e-01
6.30702829089208272e+00 7.13763789898314105e+00 -3.58996945001997525e-01
6.30815766451242155e-01 1.49815140482030369e+01 3.16591750642407466e-01
1.58075613751806809e+00 1.52939474664326323e+01 3.16591750642407466e-01
6.31390640389348334e-01 1.38410438734834980e+01 3.18394329274810595e-01
1.55532624539582098e+00 1.42323717496644448e+01 3.18394329274810595e-01
2.50729532658133802e+00 1.45386487574996561e+01 3.18394329274810595e-01
6.24721920438726208e-01 1.27091695851069453e+01 2.97863041658992411e-01
1.55624520725142723e+00 1.30822659280495426e+01 2.97863041658992411e-01
2.48198855681379982e+00 1.34741896519264781e+01 2.97863041658992411e-01
3.43401893331256147e+00 1.37804868632086066e+01 2.97863041658992411e-01
4.38455168228189329e+00 1.40916623980387463e+01 2.97863041658992411e-01
6.20914613669078186e-01 1.16209146136712977e+01 2.86490783074273780e-01
1.56745700065529725e+00 1.19466092147315681e+01 2.86490783074273780e-01
2.49994758670095862e+00 1.23200025150092483e+01 2.86490783074273780e-01
3.42687235457137884e+00 1.27122889299960473e+01 2.86490783074273780e-01
4.37911034055455417e+00 1.30186498766323719e+01 2.86490783074273780e-01
1.58427819842251161e+00 1.08150637615753968e+01 3.10032016951796274e-01
2.51491057745296764e+00 1.11878618199367725e+01 3.10032016951796274e-01
3.44554297348030403e+00 1.15606598252430501e+01 3.10032016951796274e-01
4.37016803235505602e+00 1.19522094989992365e+01 3.10032016951796274e-01
5.32211432789841599e+00 1.22584769988673017e+01 3.10032016951796274e-01
1.62927906433912995e+00 9.68985005944749034e+00 3.11804441919141972e-01
2.55532899131553659e+00 1.00764596261858745e+01 3.11804441919141972e-01
3.48584292474624302e+00 1.04492195073684524e+01 3.11804441919141972e-01
4.41635687526781240e+00 1.08219793355262226e+01 3.11804441919141972e-01
5.34083027165303648e+00 1.12134801256937244e+01 3.11804441919141972e-01
2.55797878390641831e+00 8.94793775219376109e+00 3.75531885039558200e-01
3.48094772845766620e+00 9.33333266933700223e+00 3.75531885039558200e-01
4.40924279219946946e+00 9.70521778111249311e+00 3.75531885039558200e-01
5.33753787633281540e+00 1.00771028411644377e+01 3.75531885039558200e-01
3.44841376733547467e+00 8.22471914992714837e+00 3.85389610768356372e-01
4.37124483566137378e+00 8.61005813403857978e+00 3.85389610768356372e-01
5.29953467295882863e+00 8.98194112557269264e+00 3.85389610768356372e-01
4.35270127869799239e+00 7.51326946002567819e+00 3.97135290695352750e-01
5.30646988100453498e+00 7.90435559991162329e+00 3.74306611578100301e-01
2.53365058838212942e+00 1.56002562114448402e+01 3.18394329274810595e-01
3.45766728132981438e+00 1.48497712932123545e+01 3.18394329274810595e-01
6.45082079262615871e+00 9.28143040071761938e+00 0.00000000000000000e+00
6.45082079262615871e+00 8.28143040071741687e+00 0.00000000000000000e+00
6.39137944877096942e+00 4.39694004724257770e+00 -3.66002271176152694e-01
6.77776811318814154e+00 5.40004523302464978e+00 -3.77341608270559570e-01
7.13528471512250029e+00 6.35987360962320114e+00 -3.28048810931220181e-01
5.64379250173508318e+00 5.25034025949276195e+00 -3.58996945001997525e-01
1.49987397428554221e+01 6.31063361811721180e-01 -3.17367324244718418e-01
1.53051714840454949e+01 1.58297447291880555e+00 -3.17367324244718418e-01
1.38317698932081861e+01 6.25710476158371165e-01 -3.00855866617311785e-01
1.42382864895334880e+01 1.54660802590343938e+00 -3.00855866617311785e-01
1.45345505252689069e+01 2.50171410749086309e+00 -3.00855866617311785e-01
1.27053980213046582e+01 6.25634290585356467e-01 -3.00624612375385958e-01
1.30739840921154595e+01 1.55831904900160989e+00 -3.00624612375385958e-01
1.34805086019444840e+01 2.47924210361349573e+00 -3.00624612375385958e-01
1.37767726403153841e+01 3.43434819369496314e+00 -3.00624612375385958e-01
1.40909273390322074e+01 4.38390780760875653e+00 -3.00624612375385958e-01
1.16209146136712960e+01 6.20914613669079074e-01 -2.86490783074273780e-01
1.19433774761111540e+01 1.56840905487335913e+00 -2.86490783074273780e-01
1.23123106916028515e+01 2.50221355984383198e+00 -2.86490783074273780e-01
1.27193485950970295e+01 3.42479261213953912e+00 -2.86490783074273780e-01
1.30156428577708763e+01 4.37999619344277935e+00 -2.86490783074273780e-01
1.05000000000020162e+01 5.00000000000000000e-01 0.00000000000000000e+00
1.08617366244454594e+01 1.56852657309017030e+00 -3.07531955402048196e-01
1.11840017443189819e+01 2.51539841554814014e+00 -3.07531955402048196e-01
1.15524286791224338e+01 3.44760887970268293e+00 -3.07531955402048196e-01
1.19587073073178178e+01 4.36779732962128442e+00 -3.07531955402048196e-01
1.22549775728370722e+01 5.32292535512164555e+00 -3.07531955402048196e-01
9.72983495239970786e+00 1.61949887164620066e+00 -2.82322177167617927e-01
1.01112076775681707e+01 2.55009479268326977e+00 -2.82322177167617927e-01
1.04337256425299163e+01 3.49776272592662973e+00 -2.82322177167617927e-01
1.08027751108369348e+01 4.43193325657591952e+00 -2.82322177167617927e-01
1.12099794090691756e+01 5.35503620798566260e+00 -2.82322177167617927e-01
8.96534627722326505e+00 2.56500271762390408e+00 -2.94674411991146967e-01
9.34635722984326200e+00 3.49440667849955311e+00 -2.94674411991146967e-01
9.66873325777828896e+00 4.44160696077824824e+00 -2.94674411991146967e-01
1.00374669836216199e+01 5.37473719016757912e+00 -2.94674411991146967e-01
8.62366253221592061e+00 1.62366253221450929e+00 -2.94674411991146967e-01
8.21389014362566172e+00 3.51170005714262423e+00 -3.28048810931220181e-01
8.59406278667699297e+00 4.43864090974944947e+00 -3.28048810931220181e-01
8.91625929192570688e+00 5.38531372123497931e+00 -3.28048810931220181e-01
7.47309547551691544e+00 4.42507514958591752e+00 -3.66002271176152694e-01
7.85461858388842327e+00 5.36971332277360691e+00 -3.28048810931220181e-01
1.56009939684924728e+01 2.53912639734763879e+00 -3.15880412764259988e-01
1.48486366972231689e+01 3.45826902370472844e+00 -3.14543725224682214e-01
7.85574686778018005e+00 2.57726159285787659e+00 -3.28048810931220181e-01
7.11521011516215562e+00 3.49130961753617086e+00 -3.66002271176152694e-01
9.28429264776447205e+00 6.31638613425913764e+00 -3.28048810931220181e-01
8.17681508913713806e+00 6.31638613425913764e+00 -3.28048810931220181e-01
6.00289489979119750e+00 6.18367529622940193e+00 -3.58996945001997525e-01
5.32990617895687802e+00 1.33299061789584936e+01 2.86490783074273780e-01
1.33299061789584918e+01 5.32990617895687890e+00 -2.86490783074273780e-01
