# n = 272
# s = 16.968279785326896
# x y theta(rad)
5.00000000001396216e-01 1.60436045079581007e+01 -3.89105760144944218e-21
1.50000000000216893e+00 1.64682797853267537e+01 -3.53371557682653423e-21
1.63062032701867601e+01 5.00000000000005218e-01 9.90279784397048396e-18
1.64682797853268923e+01 1.50000000000077804e+00 1.82253862416666162e-18
6.20090686434252802e-01 9.62009068644104381e+00 2.84060898913787718e-01
5.00000000000142109e-01 8.50000000000618883e+00 2.22213994143689305e-16
5.09815543987258479e-01 7.50000000000541611e+00 2.22184540103232669e-16
1.51784780873153302e+00 7.50610678917009810e+00 -1.22633834855264395e-02
5.04938675917927071e-01 6.50000000000464340e+00 2.22184373219544087e-16
1.51277508337585154e+00 6.50602390657166652e+00 -1.21215753694393392e-02
1.50000000000091482e+00 5.50000000000386979e+00 2.57171094334891645e-16
5.00000000000142109e-01 5.50000000000386979e+00 2.22184800458330471e-16
2.50000000000168932e+00 5.50000000000386979e+00 2.97273697169079084e-16
2.50000000000168932e+00 4.50000000000309708e+00 1.97179195060940223e-17
3.50000000000246203e+00 5.50000000000386979e+00 -3.57932167325152022e-17
5.00000000000142109e-01 4.50000000000309708e+00 2.22184800458330471e-16
1.50000000000091482e+00 4.50000000000309708e+00 4.74795177058250736e-17
2.50000000000168932e+00 3.50000000000232525e+00 -1.18042022942205794e-15
3.50000000000246203e+00 4.50000000000309708e+00 1.97179211604552474e-17
4.50000000000323475e+00 4.50000000000309708e+00 5.56640506044045789e-17
5.00000000000142109e-01 3.50000000000232436e+00 2.77694431331622425e-16
1.50000000000091482e+00 3.50000000000232436e+00 -1.73573991551351225e-17
2.53985286544230604e+00 6.50908547290855388e+00 -1.49820748537313735e-02
3.50000000000246203e+00 3.50000000000232436e+00 1.60300985267876339e-19
4.50000000000323475e+00 3.50000000000232436e+00 5.56640588762107044e-17
5.50000000000400746e+00 3.50000000000232436e+00 -5.62795939811580115e-17
5.00000000000142109e-01 2.50000000000155076e+00 2.22124451015199827e-16
1.50000000000091482e+00 2.50000000000155076e+00 2.07978844101468585e-18
2.50000000000168754e+00 2.50000000000155076e+00 4.28483567189734657e-17
3.50000000000246025e+00 2.50000000000155076e+00 1.14471658735429307e-16
4.50000000000323297e+00 2.50000000000155076e+00 5.56640671480168299e-17
5.50000000000400568e+00 2.50000000000155076e+00 -5.63153725670300446e-17
6.50000000000477840e+00 2.50000000000155076e+00 -1.89566974122162087e-16
5.00000000000142109e-01 1.50000000000077804e+00 1.66615523245428542e-16
1.50000000000091482e+00 1.50000000000077804e+00 -3.67890363345386026e-16
2.50000000000168932e+00 1.50000000000077804e+00 -8.04086682762612803e-16
3.50000000000246203e+00 1.50000000000077804e+00 4.11008622696875423e-16
4.50000000000323475e+00 1.50000000000077804e+00 1.11175039708262345e-16
5.50000000000400568e+00 1.50000000000077804e+00 1.65693991103485266e-16
6.50000000000477840e+00 1.50000000000077804e+00 2.22118482079899644e-16
7.50000000000555112e+00 1.50000000000077804e+00 -2.25968790386230463e-16
5.00000000000142109e-01 5.00000000000005218e-01 1.66635269701011408e-16
1.50000000000091482e+00 5.00000000000005218e-01 1.66635269701011408e-16
2.50000000000168932e+00 5.00000000000005218e-01 1.66621770113414543e-16
3.50000000000246203e+00 5.00000000000005218e-01 1.66646175250207307e-16
4.50000000000323475e+00 5.00000000000005218e-01 1.66686192593881398e-16
5.50000000000400746e+00 5.00000000000005218e-01 1.66686192593881398e-16
6.50000000000478018e+00 5.00000000000005218e-01 1.66719890277675583e-16
7.50000000000555289e+00 5.00000000000005218e-01 1.66609815699201926e-16
8.50000000000632738e+00 5.00000000000005218e-01 1.11048019507759928e-16
9.50000000000709832e+00 5.00000000000005218e-01 5.55111512312578270e-17
3.46827978531684167e+00 1.64682797853267537e+01 6.62291303459585514e-17
4.46827978531761438e+00 1.64682797853267537e+01 6.46569570691950774e-17
5.46827978531838710e+00 1.64682797853267537e+01 4.28102833065368601e-17
6.46827978531915981e+00 1.64682797853267537e+01 5.58841389354454582e-16
7.46827978531993431e+00 1.64653678198222480e+01 5.15580741788951400e-17
8.46827978532070702e+00 1.64657043884058609e+01 2.07349295389279029e-17
9.46827978532147974e+00 1.64661843709540605e+01 5.31325493120971899e-17
1.04682797853222525e+01 1.64682797853267537e+01 4.23966792820575569e-17
1.14682797853230252e+01 1.64672736834894522e+01 -6.49801044761716120e-17
1.24682797853237979e+01 1.64682797853267537e+01 -1.23427470855538129e-15
1.34682797853245724e+01 1.64682797853267537e+01 -3.46944390905987099e-16
1.44682797853253451e+01 1.64682797853267537e+01 1.39314669660056404e-16
1.54682797853261178e+01 1.64682797853267466e+01 1.01021224399682362e-16
1.64682797853268923e+01 1.64682797853267466e+01 -1.60610152261312416e-17
4.46827978531761438e+00 1.54682797853252438e+01 2.54251445783830611e-16
5.46827978531838710e+00 1.54682797853259810e+01 2.68260218888876107e-16
6.46827978531915981e+00 1.54682797853259828e+01 2.14662112515079309e-17
7.46827978531993431e+00 1.54647669204224396e+01 1.51318113033273331e-16
8.46827978532070702e+00 1.54647669204224361e+01 1.10550130428773678e-16
9.46827978532148151e+00 1.54551833263946197e+01 -1.58669278115269780e-15
1.04682797853222525e+01 1.54682797853259828e+01 -9.82600896683724668e-17
1.14682797853230252e+01 1.54660394802761765e+01 -4.88634450137979071e-17
1.24682797853237979e+01 1.54682797853259810e+01 -3.37215132132716690e-17
1.34682797853245706e+01 1.54682797853259828e+01 -3.86888147500647852e-16
1.44682797853253451e+01 1.54682797853259828e+01 8.99578970709160418e-17
1.54682797853261178e+01 1.54682797853259739e+01 1.39852099902949313e-16
1.64682797853268923e+01 1.54682797853259739e+01 1.02851105736510008e-16
5.46827978531838532e+00 1.44682797853244711e+01 1.26392792298989523e-16
6.46827978531915981e+00 1.44682797853252101e+01 1.48637864460882572e-16
7.46827978531993253e+00 1.44642779308085085e+01 -2.55373410906472398e-17
8.46827978532070702e+00 1.44507713894165288e+01 2.55916630561003719e-15
9.46827978532147796e+00 1.44525234110848615e+01 2.06129928070253972e-15
1.04682797853222525e+01 1.44682797853252101e+01 -2.33711201971978897e-16
1.14682797853230234e+01 1.44648712053105424e+01 -2.04025147697622249e-16
1.24682797853237979e+01 1.44682797853252101e+01 -2.29418545476521640e-17
1.34682797853245706e+01 1.44682797853252101e+01 5.66461559434497816e-17
1.44682797853253433e+01 1.44682797853252101e+01 4.29753918668880463e-17
1.54682797853261160e+01 1.44682797853252012e+01 1.77033473665260566e-16
1.64682797853268887e+01 1.44682797853252012e+01 -1.70545844695593308e-15
6.46827978531915981e+00 1.34682797853244374e+01 1.43733289661359240e-16
7.46827978531993431e+00 1.34640201322106652e+01 -2.78760962679749887e-16
8.46827978532070702e+00 1.34499969679553200e+01 -3.23960760199265184e-16
9.46827978532147796e+00 1.34517476833374072e+01 -3.34307785495736076e-16
1.04682797853222525e+01 1.34682797853244374e+01 9.69438248408848376e-17
1.14682797853230163e+01 1.34629955280352736e+01 -2.48186863944847626e-16
1.24682797853237908e+01 1.34682797853244374e+01 -7.36608093657262006e-18
1.34682797853245635e+01 1.34682797853244374e+01 -3.59575709851795322e-17
1.44682797853253398e+01 1.34682797853244320e+01 -7.97483149601009535e-15
1.54682797853261178e+01 1.34682797853244285e+01 -2.16454945555911556e-16
1.64682797853268923e+01 1.34682797853244249e+01 -1.48206478505947084e-16
6.46827978531915981e+00 1.24682797853236647e+01 1.58275557818702460e-16
7.46827978531993431e+00 1.24638525631015558e+01 -1.27413631347647738e-16
8.46827978532069992e+00 1.24465404406067552e+01 -9.91126014801393935e-17
9.46827978532147085e+00 1.24478622110550035e+01 -4.27661706906299752e-17
1.04682797853222436e+01 1.24682797853236647e+01 -5.89787636193974208e-17
1.14682797853230163e+01 1.24623230258890647e+01 1.51421071789719706e-17
1.24682797853237908e+01 1.24682797853236647e+01 1.22969022137676465e-16
1.34682797853245724e+01 1.24682797853236647e+01 -8.99344352415234274e-17
1.44682797853253451e+01 1.24682797853236558e+01 -1.11536305128078775e-16
1.54682797853261178e+01 1.24682797853236558e+01 -2.59498851225010056e-17
1.64682797853268923e+01 1.24682797853236522e+01 -2.85371286418631350e-17
6.45102750584876894e+00 1.14510275058524957e+01 3.51287339959120357e-02
7.46827978531993786e+00 1.14637759937432424e+01 -1.01238457074501765e-16
8.46827978532071057e+00 1.14459920898382421e+01 -1.40655179538836926e-16
9.46827978532148151e+00 1.14464358974490068e+01 -1.00575293607817297e-16
1.04682797853222436e+01 1.14682797853228902e+01 -4.73145510551641188e-17
1.14682797853230269e+01 1.14592256291777677e+01 -9.56540637269930139e-17
1.24682797853237979e+01 1.14682797853228902e+01 -1.75617419683120050e-17
1.34682797853245724e+01 1.14682797853228902e+01 -1.14992036481973374e-16
1.44682797853253451e+01 1.14682797853228831e+01 -3.71455870209553681e-17
1.54682797853261178e+01 1.14682797853228831e+01 -3.76735759867031044e-17
1.64682797853268923e+01 1.14682797853228795e+01 -1.71889587126397244e-17
6.34368860445957594e+00 1.03340050567323214e+01 2.97468495652408293e-01
7.46827978531993786e+00 1.04637286742148294e+01 -6.62134538020051764e-17
8.46827978532071057e+00 1.04454945060308599e+01 -1.09511610533147092e-16
9.46827978532148151e+00 1.04451481306763512e+01 -6.23179134967452545e-17
1.04682797853222542e+01 1.04682797853221174e+01 -5.88959744124242177e-17
1.14682797853230269e+01 1.04581875463284177e+01 -3.58954427673666581e-16
1.24682797853237979e+01 1.04682797853221174e+01 -7.03973370102055392e-17
1.34682797853245724e+01 1.04682797853221174e+01 -6.98373205861465850e-17
1.44682797853253451e+01 1.04682797853221174e+01 -2.10245672027254005e-16
1.54682797853261178e+01 1.04682797853221086e+01 -1.48903784385962329e-16
1.64682797853268923e+01 1.04682797853221050e+01 -8.64517992275136048e-17
7.46323071153657835e+00 9.45864638855225337e+00 -1.01200302035299138e-02
8.46304938071047452e+00 9.42990210662532213e+00 -1.02412573671279497e-02
9.46318546675783168e+00 9.43806898997218546e+00 -1.02412573671279549e-02
1.04682797853222542e+01 9.46827978532134473e+00 -7.77570838645519099e-17
1.14682797853230269e+01 9.45739093428624678e+00 -3.29927474383793807e-17
1.24682797853237979e+01 9.46827978532134473e+00 -1.02122148663176370e-16
1.34682797853245724e+01 9.46827978532134473e+00 -6.45244985840432784e-17
1.44682797853253451e+01 9.46827978532134473e+00 1.01076120645739021e-16
1.54682797853261214e+01 9.46827978532133230e+00 -7.77675879923868375e-15
1.64682797853268923e+01 9.46827978532133230e+00 2.92939727362683804e-18
7.45401049140716765e+00 8.44927447311922108e+00 -2.86273869422338512e-02
8.45351786436605757e+00 8.41775625977962072e+00 -2.86273869422338477e-02
9.45684366623354933e+00 8.43167254020808166e+00 -2.31420695036944277e-02
1.04682797853222525e+01 8.46827978532057202e+00 -9.36382326004381666e-17
1.14682797853230269e+01 8.45652397755810981e+00 -1.10171786154304316e-16
1.24682797853237979e+01 8.46827978532045300e+00 -4.38693000036979716e-16
1.34682797853245724e+01 8.46827978532057202e+00 -4.88381930736328200e-16
1.44682797853253451e+01 8.46827978532057202e+00 1.32598974369239454e-16
1.54682797853261178e+01 8.46827978532055603e+00 -2.65142070588068024e-16
1.64682797853268923e+01 8.46827978532055958e+00 5.37692409516252178e-17
7.26243935973277033e+00 6.33622203765953262e+00 -2.99915249117646110e-01
8.44734858703039038e+00 7.41159777232308414e+00 -4.05443038404205980e-02
9.45420249114279443e+00 7.42876028191254179e+00 -2.85664672219239808e-02
1.04682797853222489e+01 7.46827978531979841e+00 -3.32910049438181261e-17
1.14682797853230234e+01 7.45590845740583763e+00 -3.17572462715515322e-17
1.24682797853237943e+01 7.46827978531968029e+00 -4.80497543659200992e-16
1.34682797853245688e+01 7.46827978531979841e+00 -1.67223162985746039e-16
1.44682797853253451e+01 7.46827978531979841e+00 1.46057484771415237e-16
1.54682797853261178e+01 7.46827978531978331e+00 -2.29107288475321970e-16
1.64682797853268923e+01 7.46827978531978687e+00 -2.56878144598643234e-16
1.04682797853222489e+01 6.46827978531902570e+00 -3.32405932485666944e-17
1.14682797853230234e+01 6.45539065957714975e+00 -5.58806722221646782e-17
1.24682797853237943e+01 6.46827978531890757e+00 -1.19104593289602695e-16
1.34682797853245688e+01 6.46827978531902570e+00 -2.80775328618858236e-16
1.44682797853253415e+01 6.46827978531902570e+00 -4.64833380948061994e-16
1.54682797853261143e+01 6.46827978531901060e+00 -1.18366113340442053e-16
1.64682797853268887e+01 6.46827978531901238e+00 -3.72250821772753800e-15
1.44682797853253433e+01 5.46827978531825032e+00 2.47727587200755540e-15
1.54682797853261178e+01 5.46827978531824144e+00 -1.13770948820835429e-15
1.64682797853268923e+01 5.46827978531823788e+00 2.32364079201325417e-17
1.54682797853261178e+01 4.46827978531747849e+00 9.58570246212312830e-17
1.64682797853268923e+01 4.46827978531746162e+00 5.19424751444982079e-15
1.64682797853268923e+01 3.46827978531668624e+00 2.46117021447888606e-17
4.35079436885459003e+00 6.56162237346370247e+00 2.97468495652408127e-01
5.30687590672774867e+00 6.85472319731044788e+00 2.97468495652408238e-01
6.26295744460087001e+00 7.14782402115731674e+00 2.97468495652408238e-01
4.70603655131817078e+00 5.62459118086343501e+00 2.97468495652340237e-01
6.26911565895554190e-01 1.48641580053219027e+01 3.04515191216087500e-01
1.60314308924861315e+00 1.52604424688718243e+01 4.17243280655886506e-01
6.25836777804916977e-01 1.38149578955310783e+01 3.01239467540213246e-01
1.58950508586759476e+00 1.41224743549552461e+01 3.24543507224858474e-01
2.52134793246275812e+00 1.45497663458649544e+01 3.72629741259115133e-01
6.25836777804845923e-01 1.27678039981125284e+01 3.01239467540213246e-01
1.58192502718881478e+00 1.30609071839697446e+01 3.01239467540213246e-01
2.53378512738135164e+00 1.33754086501962508e+01 3.06021788929803695e-01
3.44726332473024399e+00 1.38034743547914065e+01 3.06021788929803695e-01
4.36173944783088530e+00 1.42283815332547920e+01 3.06021788929803695e-01
6.21780679253969737e-01 1.17169991376503368e+01 2.89056676334010609e-01
1.57789602847550192e+00 1.20101103826130284e+01 2.89056676334010609e-01
2.53401137769702878e+00 1.23032216275757271e+01 2.89056676334010609e-01
3.48368821356950598e+00 1.26179832487931343e+01 2.89056676334010609e-01
4.39945499859948974e+00 1.30467720250004309e+01 2.89056676334010609e-01
6.20090686434224381e-01 1.06618384523923844e+01 2.84060898913787718e-01
1.57625827866022306e+00 1.09549652336797099e+01 2.84060898913787718e-01
2.53242587088612403e+00 1.12480920149673675e+01 2.84060898913787718e-01
3.48859346311202323e+00 1.15412187962550270e+01 2.84060898913787774e-01
4.43843070334953183e+00 1.18560281194446002e+01 2.84060898913787718e-01
5.35492755176988489e+00 1.22850340060997372e+01 2.84060898913787718e-01
1.58149470572124429e+00 9.90154377945069442e+00 2.87577000012289308e-01
2.53762301781605260e+00 1.01946589426214622e+01 2.87577000012289308e-01
3.49375132991086268e+00 1.04877741057922318e+01 2.87577000012289308e-01
4.44987964200567099e+00 1.07808892689630031e+01 2.87577000012289308e-01
5.39960144299264932e+00 1.10956644480021165e+01 2.87577000012289308e-01
2.52598257324919118e+00 9.14000723050339303e+00 2.97468495652408293e-01
3.48206411112233205e+00 9.43310805435019972e+00 2.97468495652408293e-01
4.43814564899547115e+00 9.72620887819700464e+00 2.97468495652408349e-01
5.39422718686861202e+00 1.00193097020438149e+01 2.97468495652408349e-01
1.56990103537605030e+00 8.84690640665658634e+00 2.97468495652408293e-01
3.47481450617238785e+00 8.38494968554179820e+00 2.97468495652407849e-01
4.43089604404552873e+00 8.67805050938860489e+00 2.97468495652408349e-01
5.38697758191866960e+00 8.97115133323541336e+00 2.97468495652410181e-01
4.42710084772375900e+00 7.63095114023108589e+00 2.97468495652408293e-01
5.38318238559689988e+00 7.92405196407789347e+00 2.97468495652411014e-01
2.54666890385813716e+00 1.56971044203399099e+01 4.99811869988106561e-01
3.42985138024162772e+00 1.49723388556472781e+01 3.72629741259115133e-01
2.51873296829924698e+00 8.09184886169499151e+00 2.97468495652408071e-01
3.47101930985061990e+00 7.33785031638427832e+00 2.97468495652408071e-01
6.34305911979180870e+00 9.26425215708222005e+00 2.97468495652410236e-01
6.33926392347004075e+00 8.21715278792470016e+00 2.97468495652409182e-01
6.53497646043283886e+00 4.30944015031276795e+00 -4.18101809795840218e-01
7.43582411356092088e+00 7.43051530541009519e+00 -6.37352463094282284e-02
6.94530594547221547e+00 5.37032919898815031e+00 -3.33462992584458440e-01
5.65994390238953393e+00 4.80286017570512591e+00 -4.18101809795840218e-01
1.49313671530889778e+01 6.57995171847876814e-01 -4.10502127294616548e-01
1.53102846134779451e+01 1.58368659053118765e+00 -4.10502127294616548e-01
1.38311405220889263e+01 6.43761348440072712e-01 -3.58890434913843426e-01
1.42101274412540519e+01 1.56963792307406891e+00 -3.58890434913843426e-01
1.45470037611163701e+01 2.51131172528854485e+00 -3.58890434913843426e-01
1.27529537342967281e+01 6.30986710181444255e-01 -3.17127091762720359e-01
1.30898185374963383e+01 1.57290809876414173e+00 -3.17127091762673230e-01
1.34695470199822172e+01 2.50076145544415329e+00 -3.17127091762673230e-01
1.38065047742905449e+01 3.44265233709917684e+00 -3.17127091762673174e-01
1.42304760018497127e+01 4.35598504693981159e+00 -3.17127091762673174e-01
1.16818753594102454e+01 6.30276325595886422e-01 -3.14906091609231831e-01
1.20092494256832900e+01 1.57535340038465765e+00 -3.14906091609231831e-01
1.23461332409604267e+01 2.51733271658648583e+00 -3.14906091609231831e-01
1.27259119806762353e+01 3.44533920128045690e+00 -3.14906091609231831e-01
1.30628888148181055e+01 4.38728821699939520e+00 -3.14906091609231831e-01
1.06291578513276050e+01 6.29157851319736561e-01 -3.11428728213692496e-01
1.09378098677536606e+01 1.58033577161672856e+00 -3.11428728213692496e-01
1.12652057959918785e+01 2.52547996002835884e+00 -3.11428728213692496e-01
1.16021222453099213e+01 3.46755945883942296e+00 -3.11428728213692496e-01
1.19819822078753049e+01 4.39581528798395382e+00 -3.11428728213692496e-01
1.23150864992456981e+01 5.33912193399840262e+00 -3.11428728213692441e-01
9.87470999571145569e+00 1.57146059232847435e+00 -3.30087464649775120e-01
1.01927707713075932e+01 2.51955259488929695e+00 -3.30087464649775120e-01
1.05200898525297077e+01 3.46447249273506230e+00 -3.30087464649775120e-01
1.08568689706974002e+01 4.40615116815720143e+00 -3.30087464649775120e-01
1.12363187807827387e+01 5.33320990030948483e+00 -3.30087464649775120e-01
9.14424692822387541e+00 2.54968497150139939e+00 -3.33462992584458662e-01
9.47056568337465343e+00 3.49494535181282018e+00 -3.33462992584458717e-01
9.79788289983082805e+00 4.43985986636581842e+00 -3.33462992584458606e-01
1.01346491046898137e+01 5.38150126304974208e+00 -3.33462992584458606e-01
8.72644033320615442e+00 1.63611586550483867e+00 -3.33462992584458662e-01
8.39670879752683952e+00 3.45002575317971694e+00 -3.33462992584458551e-01
8.72402601398301236e+00 4.39494026773271607e+00 -3.33462992584458606e-01
9.05134323043875710e+00 5.33985478228586175e+00 -3.33462992584458551e-01
7.66421598466336107e+00 4.39057178572290407e+00 -3.33462992584458606e-01
7.99153320111910581e+00 5.33548630027604975e+00 -3.33462992584458662e-01
1.56932096131966752e+01 2.54821640957886864e+00 -4.88003443729737918e-01
1.49702300479425503e+01 3.42948341863039818e+00 -3.78199605097149727e-01
7.97990066381408347e+00 2.53611078142488111e+00 -3.33462992584458551e-01
7.24264337474838982e+00 3.43932307703974338e+00 -4.18101809795840162e-01
9.36199076425402055e+00 6.33529985035039633e+00 -2.44841127897335920e-01
8.30441513899744876e+00 6.31013705154455629e+00 -2.85550506775883672e-01
5.98875889702705777e+00 5.78026257922442266e+00 -4.06951129557090285e-01
5.41913409158076931e+00 1.34191340915862778e+01 1.03867420698364896e-01
1.34244714308196524e+01 5.42447143081333572e+00 -9.19728418215175758e-02
