# n = 273
# s = 16.983925962653629
# x y theta(rad)
5.00000000000000000e-01 1.62639434224718471e+01 0.00000000000000000e+00
1.50000000000020162e+00 1.64839259626536290e+01 0.00000000000000000e+00
1.64839259626536290e+01 5.00000000000000000e-01 0.00000000000000000e+00
1.64839259626536290e+01 1.50000000000020250e+00 0.00000000000000000e+00
5.00000000000000000e-01 8.50000000000161471e+00 0.00000000000000000e+00
5.01855199298024246e-01 7.50000000000141398e+00 0.00000000000000000e+00
5.05734171523728904e-01 6.50000000000121148e+00 0.00000000000000000e+00
1.51477114204607499e+00 6.52356901106111309e+00 -1.82112877265523700e-02
8.04079129867752762e-01 5.50000000000100986e+00 0.00000000000000000e+00
1.81321506675092614e+00 5.51689241362723326e+00 -1.82934865707129087e-02
2.82606182068151046e+00 5.51283151866394583e+00 -1.96294444126680137e-02
5.00000000000000000e-01 4.50000000000080824e+00 0.00000000000000000e+00
1.50000000000020162e+00 4.50000000000080824e+00 0.00000000000000000e+00
2.50000000000040323e+00 4.50761340664942622e+00 0.00000000000000000e+00
5.00000000000000000e-01 3.50000000000060663e+00 0.00000000000000000e+00
1.50000000000020162e+00 3.50000000000060663e+00 0.00000000000000000e+00
2.50000000000040323e+00 3.50739251735645752e+00 0.00000000000000000e+00
3.50000000000060574e+00 3.50000000000060663e+00 0.00000000000000000e+00
4.50000000000080735e+00 3.50000000000060663e+00 0.00000000000000000e+00
5.00000000000000000e-01 2.50000000000040412e+00 0.00000000000000000e+00
1.50000000000020162e+00 2.50000000000040412e+00 0.00000000000000000e+00
2.50000000000040323e+00 2.50548566617109447e+00 0.00000000000000000e+00
3.50000000000060574e+00 2.50000000000040412e+00 0.00000000000000000e+00
4.50000000000080735e+00 2.50000000000040412e+00 0.00000000000000000e+00
5.50000000000100897e+00 2.50000000000040412e+00 0.00000000000000000e+00
5.00000000000000000e-01 1.50000000000020250e+00 0.00000000000000000e+00
1.50000000000020162e+00 1.50000000000020250e+00 0.00000000000000000e+00
2.50000000000040323e+00 1.50376938211892952e+00 0.00000000000000000e+00
3.50000000000060574e+00 1.50000000000020250e+00 0.00000000000000000e+00
4.50000000000080735e+00 1.50000000000020250e+00 0.00000000000000000e+00
5.50000000000100897e+00 1.50000000000020250e+00 0.00000000000000000e+00
6.50000000000121148e+00 1.50000000000020250e+00 0.00000000000000000e+00
5.00000000000000000e-01 5.00000000000000000e-01 0.00000000000000000e+00
1.50000000000020162e+00 5.00000000000000000e-01 0.00000000000000000e+00
2.50000000000040323e+00 5.02222057410536493e-01 0.00000000000000000e+00
3.50000000000060574e+00 5.00000000000000000e-01 0.00000000000000000e+00
4.50000000000080735e+00 5.00000000000000000e-01 0.00000000000000000e+00
5.50000000000100897e+00 5.00000000000000000e-01 0.00000000000000000e+00
6.50000000000121148e+00 5.00000000000000000e-01 0.00000000000000000e+00
7.50000000000141309e+00 5.22228209560912759e-01 0.00000000000000000e+00
8.50000000000161471e+00 5.00000000000000000e-01 0.00000000000000000e+00
3.48392596265100707e+00 1.64839259626536290e+01 0.00000000000000000e+00
4.48392596265120780e+00 1.64839259626536290e+01 0.00000000000000000e+00
5.48392596265141030e+00 1.64839259626536290e+01 0.00000000000000000e+00
6.48392596265161192e+00 1.64839259626536290e+01 0.00000000000000000e+00
7.48392596265181353e+00 1.64839259626536290e+01 0.00000000000000000e+00
8.48392596265201604e+00 1.64839259626536290e+01 0.00000000000000000e+00
9.48392596265221854e+00 1.64839259626536290e+01 0.00000000000000000e+00
1.04839259626524193e+01 1.64839259626536290e+01 0.00000000000000000e+00
1.14839259626526218e+01 1.64839259626536290e+01 0.00000000000000000e+00
1.24839259626528243e+01 1.64839259626536290e+01 0.00000000000000000e+00
1.34839259626530250e+01 1.64839259626536290e+01 0.00000000000000000e+00
1.44839259626532275e+01 1.64839259626536290e+01 0.00000000000000000e+00
1.54839259626534300e+01 1.64839259626536290e+01 0.00000000000000000e+00
1.64839259626536290e+01 1.64839259626536290e+01 0.00000000000000000e+00
4.48392596265120780e+00 1.54839259626534300e+01 0.00000000000000000e+00
5.48392596265141030e+00 1.54839259626534300e+01 0.00000000000000000e+00
6.48392596265161192e+00 1.54839259626534300e+01 0.00000000000000000e+00
7.48392596265181353e+00 1.54839259626534300e+01 0.00000000000000000e+00
8.48392596265201604e+00 1.54839259626534300e+01 0.00000000000000000e+00
9.48392596265221854e+00 1.54839259626534300e+01 0.00000000000000000e+00
1.04839259626524193e+01 1.54839259626534300e+01 0.00000000000000000e+00
1.14839259626526218e+01 1.54839259626534300e+01 0.00000000000000000e+00
1.24839259626528243e+01 1.54839259626534300e+01 0.00000000000000000e+00
1.34839259626530250e+01 1.54839259626534300e+01 0.00000000000000000e+00
1.44839259626532275e+01 1.54839259626534300e+01 0.00000000000000000e+00
1.54839259626534300e+01 1.54839259626534300e+01 0.00000000000000000e+00
1.64839259626536290e+01 1.54839259626534300e+01 0.00000000000000000e+00
5.48392596265141030e+00 1.44839259626532293e+01 0.00000000000000000e+00
6.48392596265161192e+00 1.44839259626532293e+01 0.00000000000000000e+00
7.48392596265181353e+00 1.44839259626532293e+01 0.00000000000000000e+00
8.48392596265201604e+00 1.44839259626532293e+01 0.00000000000000000e+00
9.48392596265221854e+00 1.44839259626532293e+01 0.00000000000000000e+00
1.04839259626524193e+01 1.44839259626532293e+01 0.00000000000000000e+00
1.14839259626526218e+01 1.44839259626532293e+01 0.00000000000000000e+00
1.24839259626528243e+01 1.44839259626532293e+01 0.00000000000000000e+00
1.34839259626530250e+01 1.44839259626532293e+01 0.00000000000000000e+00
1.44839259626532275e+01 1.44839259626532293e+01 0.00000000000000000e+00
1.54839259626534300e+01 1.44839259626532293e+01 0.00000000000000000e+00
1.64839259626536290e+01 1.44839259626532293e+01 0.00000000000000000e+00
6.48392596265161192e+00 1.34839259626530268e+01 0.00000000000000000e+00
7.48392596265181353e+00 1.34839259626530268e+01 0.00000000000000000e+00
8.48392596265201604e+00 1.34839259626530268e+01 0.00000000000000000e+00
9.48392596265221854e+00 1.34839259626530268e+01 0.00000000000000000e+00
1.04839259626524193e+01 1.34839259626530268e+01 0.00000000000000000e+00
1.14839259626526218e+01 1.34839259626530268e+01 0.00000000000000000e+00
1.24839259626528243e+01 1.34839259626530268e+01 0.00000000000000000e+00
1.34839259626530250e+01 1.34839259626530268e+01 0.00000000000000000e+00
1.44839259626532275e+01 1.34839259626530268e+01 0.00000000000000000e+00
1.54839259626534300e+01 1.34839259626530268e+01 0.00000000000000000e+00
1.64839259626536290e+01 1.34839259626530268e+01 0.00000000000000000e+00
6.48392596265161192e+00 1.24839259626528243e+01 0.00000000000000000e+00
7.48392596265181353e+00 1.24839259626528243e+01 0.00000000000000000e+00
8.48392596265201604e+00 1.24839259626528243e+01 0.00000000000000000e+00
9.48392596265221854e+00 1.24839259626528243e+01 0.00000000000000000e+00
1.04839259626524193e+01 1.24839259626528243e+01 0.00000000000000000e+00
1.14839259626526218e+01 1.24839259626528243e+01 0.00000000000000000e+00
1.24839259626528243e+01 1.24839259626528243e+01 0.00000000000000000e+00
1.34839259626530250e+01 1.24839259626528243e+01 0.00000000000000000e+00
1.44839259626532275e+01 1.24839259626528243e+01 0.00000000000000000e+00
1.54839259626534300e+01 1.24839259626528243e+01 0.00000000000000000e+00
1.64839259626536290e+01 1.24839259626528243e+01 0.00000000000000000e+00
6.48019179986727334e+00 1.14839259626526218e+01 0.00000000000000000e+00
7.48190444782861341e+00 1.14839259626526218e+01 0.00000000000000000e+00
8.48303001784173816e+00 1.14839259626526218e+01 0.00000000000000000e+00
9.48353590742121533e+00 1.14839259626526218e+01 0.00000000000000000e+00
1.04839259626524193e+01 1.14839259626526218e+01 0.00000000000000000e+00
1.14839259626526218e+01 1.14839259626526218e+01 0.00000000000000000e+00
1.24839259626528243e+01 1.14839259626526218e+01 0.00000000000000000e+00
1.34839259626530250e+01 1.14839259626526218e+01 0.00000000000000000e+00
1.44839259626532275e+01 1.14839259626526218e+01 0.00000000000000000e+00
1.54839259626534300e+01 1.14839259626526218e+01 0.00000000000000000e+00
1.64839259626536290e+01 1.14839259626526218e+01 0.00000000000000000e+00
7.48392596265181353e+00 1.04839259626524210e+01 0.00000000000000000e+00
8.48392596265201604e+00 1.04839259626524210e+01 0.00000000000000000e+00
9.48392596265221854e+00 1.04839259626524210e+01 0.00000000000000000e+00
1.04839259626524193e+01 1.04839259626524210e+01 0.00000000000000000e+00
1.14839259626526218e+01 1.04839259626524210e+01 0.00000000000000000e+00
1.24839259626528243e+01 1.04839259626524210e+01 0.00000000000000000e+00
1.34839259626530250e+01 1.04839259626524210e+01 0.00000000000000000e+00
1.44839259626532275e+01 1.04839259626524210e+01 0.00000000000000000e+00
1.54839259626534300e+01 1.04839259626524210e+01 0.00000000000000000e+00
1.64839259626536290e+01 1.04839259626524210e+01 0.00000000000000000e+00
7.48392596265181353e+00 9.48392596265221854e+00 0.00000000000000000e+00
8.48392596265201604e+00 9.48392596265221854e+00 0.00000000000000000e+00
9.48392596265221854e+00 9.48392596265221854e+00 0.00000000000000000e+00
1.04839259626524193e+01 9.48392596265221854e+00 0.00000000000000000e+00
1.14839259626526218e+01 9.48392596265221854e+00 0.00000000000000000e+00
1.24839259626528243e+01 9.48392596265221854e+00 0.00000000000000000e+00
1.34839259626530250e+01 9.48392596265221854e+00 0.00000000000000000e+00
1.44839259626532275e+01 9.48392596265221854e+00 0.00000000000000000e+00
1.54839259626534300e+01 9.48392596265221854e+00 0.00000000000000000e+00
1.64839259626536290e+01 9.48392596265221854e+00 0.00000000000000000e+00
7.48392596265181353e+00 8.48392596265201782e+00 0.00000000000000000e+00
8.48392596265201604e+00 8.48392596265201782e+00 0.00000000000000000e+00
9.48392596265221854e+00 8.48392596265201782e+00 0.00000000000000000e+00
1.04839259626524193e+01 8.48392596265201782e+00 0.00000000000000000e+00
1.14839259626526218e+01 8.48392596265201782e+00 0.00000000000000000e+00
1.24839259626528243e+01 8.48392596265201782e+00 0.00000000000000000e+00
1.34839259626530250e+01 8.48392596265201782e+00 0.00000000000000000e+00
1.44839259626532275e+01 8.48392596265201782e+00 0.00000000000000000e+00
1.54839259626534300e+01 8.48392596265201782e+00 0.00000000000000000e+00
1.64839259626536290e+01 8.48392596265201782e+00 0.00000000000000000e+00
7.48392596265181353e+00 7.48392596265181442e+00 0.00000000000000000e+00
8.48392596265201604e+00 7.48392596265181442e+00 0.00000000000000000e+00
9.48392596265221854e+00 7.48392596265181442e+00 0.00000000000000000e+00
1.04839259626524193e+01 7.48392596265181442e+00 0.00000000000000000e+00
1.14839259626526218e+01 7.48392596265181442e+00 0.00000000000000000e+00
1.24839259626528243e+01 7.48392596265181442e+00 0.00000000000000000e+00
1.34839259626530250e+01 7.48392596265181442e+00 0.00000000000000000e+00
1.44839259626532275e+01 7.48392596265181442e+00 0.00000000000000000e+00
1.54839259626534300e+01 7.48392596265181442e+00 0.00000000000000000e+00
1.64839259626536290e+01 7.48392596265181442e+00 0.00000000000000000e+00
1.14839259626526218e+01 6.48392596265161281e+00 0.00000000000000000e+00
1.24839259626528243e+01 6.48392596265161281e+00 0.00000000000000000e+00
1.34839259626530250e+01 6.48392596265161281e+00 0.00000000000000000e+00
1.44839259626532275e+01 6.48392596265161281e+00 0.00000000000000000e+00
1.54839259626534300e+01 6.48392596265161281e+00 0.00000000000000000e+00
1.64839259626536290e+01 6.48392596265161281e+00 0.00000000000000000e+00
1.44839259626532275e+01 5.48392596265141030e+00 0.00000000000000000e+00
1.54839259626534300e+01 5.48392596265141030e+00 0.00000000000000000e+00
1.64839259626536290e+01 5.48392596265141030e+00 0.00000000000000000e+00
1.54839259626534300e+01 4.48392596265120869e+00 0.00000000000000000e+00
1.64839259626536290e+01 4.48392596265120869e+00 0.00000000000000000e+00
1.64839259626536290e+01 3.48392596265100796e+00 0.00000000000000000e+00
6.30713049214210209e+00 6.48392596265161281e+00 0.00000000000000000e+00
6.50402294598033670e-01 1.49610489822298138e+01 3.82192057915424821e-01
1.58271715772602750e+00 1.53228947476555124e+01 3.82192057915424821e-01
6.39658769520940140e-01 1.38751938790046392e+01 3.45075326614199651e-01
1.57312580392970602e+00 1.42345569503890612e+01 3.45075326614199651e-01
2.51655149195791594e+00 1.45662153532639902e+01 3.45075326614199651e-01
6.33627308909544773e-01 1.28014874566464076e+01 3.25469880177273685e-01
1.57528507592832767e+00 1.31385550268913587e+01 3.25469880177273685e-01
2.50934663648993972e+00 1.34981318052191366e+01 3.25469880177273685e-01
3.45282361867336185e+00 1.38298086461679350e+01 3.25469880177273685e-01
4.36322516486152256e+00 1.42594951812246080e+01 3.25469880177273685e-01
6.33627308909544773e-01 1.17460791372236475e+01 3.25469880177273685e-01
1.58112789384651098e+00 1.20658331701059751e+01 3.25469880177273685e-01
2.52278566086529388e+00 1.24029007403509279e+01 3.25469880177273685e-01
3.45684722142690504e+00 1.27624775186787058e+01 3.25469880177273685e-01
4.40032420361032717e+00 1.30941543596275043e+01 3.25469880177273685e-01
6.30997739445165351e-01 1.06883683245083372e+01 3.17161651349449347e-01
1.57940305190534325e+00 1.10054767426848610e+01 3.17161651349449347e-01
2.52693633918619032e+00 1.13252418116620515e+01 3.17161651349449347e-01
3.46877065668888385e+00 1.16623689625870970e+01 3.17161651349449347e-01
4.40319578368894060e+00 1.20220684340685917e+01 3.17161651349449347e-01
5.35292822320624495e+00 1.23351337199566480e+01 3.17161651349449347e-01
6.31595424570979169e-01 9.63159542457279727e+00 3.19038010346208378e-01
1.58028747980792428e+00 9.94780840887775142e+00 3.19038010346208378e-01
2.52868464266364867e+00 1.02649141350597297e+01 3.19038010346208378e-01
3.47620479859126608e+00 1.05846748664606043e+01 3.19038010346208378e-01
4.41799342738299927e+00 1.09217869253942066e+01 3.19038010346208378e-01
5.35233053808043024e+00 1.12814573231448296e+01 3.19038010346208378e-01
1.56488482663054729e+00 8.88731877429489181e+00 3.22673938462720133e-01
2.51357385500006014e+00 9.20353074653756487e+00 3.22673938462720133e-01
3.46196474897011974e+00 9.52063437665723988e+00 3.22673938462720133e-01
4.40946899428298345e+00 9.84038978819082466e+00 3.22673938462720133e-01
5.35117870060664380e+00 1.01774754586370584e+01 3.22673938462720133e-01
2.49520290978910619e+00 8.14297069707838084e+00 3.22673938462720133e-01
3.44359380375916668e+00 8.46007432719805585e+00 3.22673938462720133e-01
4.41114461776978839e+00 8.76764250882520280e+00 2.91961500276324060e-01
5.36361343702103088e+00 9.08536889864221564e+00 2.84711118777795702e-01
1.50414203691995674e+00 7.53054278084128104e+00 -4.35287167502487835e-03
3.42641382041739373e+00 7.39991248731094942e+00 3.22673938462720133e-01
4.43961115085254754e+00 7.61652859457076659e+00 2.49376827637061954e-01
5.37599169926864739e+00 7.99167453449220488e+00 2.49376827637061954e-01
4.30713049214169885e+00 6.50000000000121148e+00 0.00000000000000000e+00
5.30713049214190136e+00 6.57083708053729332e+00 0.00000000000000000e+00
5.45324341985329575e+00 1.34532434198549122e+01 6.34178224621438635e-02
2.55930415384118959e+00 1.57180101111560635e+01 4.95862046470388229e-01
3.44044517006698847e+00 1.49961940626878363e+01 3.80754810159586232e-01
2.51704451645914595e+00 6.52049183106663843e+00 -1.92917141941863247e-02
3.84408862210802482e+00 5.50000000000100986e+00 0.00000000000000000e+00
6.48392596265161192e+00 7.48392596265181442e+00 0.00000000000000000e+00
6.48392596265161192e+00 1.04839259626524210e+01 0.00000000000000000e+00
6.48392596265161192e+00 9.48392596265221854e+00 0.00000000000000000e+00
6.48392596265161192e+00 8.48392596265201782e+00 0.00000000000000000e+00
1.49611787509081520e+01 6.44096021266832075e-01 -3.60035958877804485e-01
1.53398299413865971e+01 1.57006340084575502e+00 -3.60035958877804485e-01
1.38926704382886257e+01 6.44096021266832075e-01 -3.60035958877804485e-01
1.42449783251355484e+01 1.57998017695377335e+00 -3.60035958877804485e-01
1.45701677099867091e+01 2.52607292744865664e+00 -3.60035958877804485e-01
1.28140936415960311e+01 6.31379388566253752e-01 -3.18358986172336877e-01
1.31520160906906938e+01 1.57291884368151091e+00 -3.18358986172336877e-01
1.34917566268089484e+01 2.51385911337406665e+00 -3.18358986172336877e-01
1.38297000440034878e+01 3.45539165805015003e+00 -3.18358986172336877e-01
1.42519281164795366e+01 4.36914657924255678e+00 -3.18358986172336877e-01
1.17477668342109336e+01 6.31052020273775938e-01 -3.17331771740914481e-01
1.20722983220340012e+01 1.57701839649121034e+00 -3.17331771740914481e-01
1.24102293706176514e+01 2.51858394473014435e+00 -3.17331771740914481e-01
1.27499791217170273e+01 3.45955217511226287e+00 -3.17331771740914481e-01
1.30879311454990592e+01 4.40111083445076456e+00 -3.17331771740914481e-01
1.06836045209962940e+01 6.31052020273775938e-01 -3.17331771740914481e-01
1.10061166183188970e+01 1.57768162645618837e+00 -3.17331771740914481e-01
1.13306481061419646e+01 2.52364800267362366e+00 -3.17331771740914481e-01
1.16685791547256148e+01 3.46521355091255767e+00 -3.17331771740914481e-01
1.20083289058249889e+01 4.40618178129467530e+00 -3.17331771740914481e-01
1.23306505371273651e+01 5.35287394237763703e+00 -3.17331771740914481e-01
9.63105202027558960e+00 6.31052020273775938e-01 -3.17331771740914481e-01
9.94445587453879654e+00 1.58517630967602408e+00 -3.25925633739869658e-01
1.02683275108407290e+01 2.53128534156729668e+00 -3.25925633739869658e-01
1.05928346230534487e+01 3.47717959607126215e+00 -3.25925633739869658e-01
1.09307024881874995e+01 4.41855819930316507e+00 -3.25925633739869658e-01
1.12703837885067930e+01 5.35932389988285784e+00 -3.25925633739869658e-01
8.88139697839692133e+00 1.56908445091562498e+00 -3.29816247313363953e-01
9.20394998075768456e+00 2.51563687735875519e+00 -3.29816247313363953e-01
9.52781916586063815e+00 3.46173874869246845e+00 -3.29816247313363953e-01
9.85232298164792120e+00 4.40762337352366007e+00 -3.29816247313363953e-01
1.01901697796406800e+01 5.34894043443317901e+00 -3.29816247313363953e-01
8.16051938083514550e+00 2.55518481027728939e+00 -3.29816247313363953e-01
8.48438856593809909e+00 3.50128668161100176e+00 -3.29816247313363953e-01
8.80859417210861295e+00 4.44777994946341249e+00 -3.30775222068153851e-01
9.13309792831591771e+00 5.39366440078996767e+00 -3.30775222068153851e-01
7.76098233564374151e+00 1.63498552821843468e+00 -3.29816247313363953e-01
7.41220252771967036e+00 3.45683287792061567e+00 -3.29816247313363953e-01
7.73579949086896512e+00 4.40302793615625632e+00 -3.29816247313363953e-01
8.06022188143773555e+00 5.34894043443317901e+00 -3.29816247313363953e-01
6.67826588693952239e+00 4.40275132786900780e+00 -3.30706517271125600e-01
7.00268823726136347e+00 5.34866370857471107e+00 -3.30706517271125600e-01
1.34447713733020713e+01 5.44477137330045657e+00 -8.17389352787790124e-02
1.57148927907471183e+01 2.56060061874475586e+00 -4.86719555228465939e-01
1.49916093629348204e+01 3.44333147563898212e+00 -3.76037282353185176e-01
7.01174077372907600e+00 2.52794321942846700e+00 -3.49772513305583510e-01
6.27947595799257030e+00 3.41970863116663359e+00 -4.57622693544950832e-01
7.30713049214230459e+00 6.48392596265161281e+00 0.00000000000000000e+00
1.04537006558467862e+01 6.48392596265161281e+00 0.00000000000000000e+00
9.45370065584658370e+00 6.48392596265161281e+00 0.00000000000000000e+00
8.30713049214250709e+00 6.48392596265161281e+00 0.00000000000000000e+00
3.50000000000060574e+00 4.50000000000080824e+00 0.00000000000000000e+00
4.50000000000080735e+00 4.50000000000080824e+00 0.00000000000000000e+00
4.84442703839248079e+00 5.50000000000100986e+00 0.00000000000000000e+00
5.50000000000100897e+00 4.48392596265120869e+00 0.00000000000000000e+00
5.84641095433915314e+00 5.48392596265141030e+00 0.00000000000000000e+00
