# n = 292
# s = 17.601260370442159
# x y theta(rad)
5.10274367355076919e-01 1.71001810466510626e+01 -2.16836205467713653e-04
1.51341021572362777e+00 1.71002973379306802e+01 -2.16874926429962812e-04
2.51441021597247349e+00 1.71012244220376424e+01 7.65973088006201606e-07
3.51494609997129004e+00 1.71012244220376282e+01 -7.65973128030558818e-07
4.51565611237408682e+00 1.71012257322719456e+01 -7.65973107910698607e-07
5.51665611262311195e+00 1.71012257322719314e+01 -7.65973089282627529e-07
6.51721806319821084e+00 1.71012257322719456e+01 -7.65973107883086074e-07
7.51766493853990880e+00 1.71011409537877022e+01 -2.34576018359390544e-04
8.51768218724493842e+00 1.71011247351718865e+01 -2.69009154597167003e-04
9.51977504423170195e+00 1.71012603704421373e+01 -2.29608794432469422e-20
1.05736197555819391e+01 1.71012603704421373e+01 -1.65490577946514745e-16
1.15770588830269663e+01 1.71012603704421302e+01 1.29093496549717997e-14
1.25783966536785901e+01 1.71012603704421444e+01 1.02140518265514402e-14
1.35834046164629516e+01 1.70911925602152479e+01 -4.69846092793375567e-03
5.00000000000010658e-01 1.61000722573948138e+01 -1.99592680712963179e-14
1.50000000000128964e+00 1.61000722573948138e+01 -1.99944567623811838e-14
2.50000000000256151e+00 1.61001885293181637e+01 1.14886488712861040e-16
3.50000000000383338e+00 1.61012233499789232e+01 1.57810675043336834e-16
4.50000000000509814e+00 1.61012233499789161e+01 -1.99127261940182716e-14
5.50000000000636824e+00 1.61012245475535281e+01 -1.99229320562420190e-14
6.50000000000764011e+00 1.61012245475535387e+01 7.35316543734542582e-17
7.50000000000889777e+00 1.61010258952716292e+01 2.30965467171359340e-14
8.50000000001016964e+00 1.61009945994124131e+01 2.30947237373792092e-14
9.50000000001140954e+00 1.61006257871772789e+01 8.07446638146217370e-15
1.05000000000126761e+01 1.61012603704408654e+01 -5.02576554659696650e-18
1.15000000000139604e+01 1.61012603704408583e+01 1.28796296144814240e-14
1.25000000000152323e+01 1.61012603704408725e+01 1.28785905004372333e-14
1.35840545566715143e+01 1.54988405105928813e+01 -7.41150483582337372e-01
5.00000000000010658e-01 1.51000708417955618e+01 -1.64313007644523168e-14
1.50000000000127898e+00 1.51000708417955440e+01 -1.64313666921211784e-14
2.50000000000255440e+00 1.51001883614481489e+01 -1.64862527998790585e-14
3.50000000000382627e+00 1.51012233499776602e+01 -1.64314321646904092e-14
4.50000000000509814e+00 1.51012233499776443e+01 -1.64303257922574853e-14
5.50000000000635048e+00 1.51012245475522775e+01 2.00829517125712337e-14
6.50000000000762412e+00 1.51012236411782403e+01 2.00829515008326869e-14
7.50000000000889422e+00 1.51010258952703555e+01 2.00980563419715122e-14
8.50000000001016609e+00 1.51009945994111394e+01 2.14550447632247182e-14
9.50000000001142375e+00 1.51006245226246012e+01 2.14278218992795815e-14
1.05000000000126992e+01 1.51012603704395971e+01 1.15463204876717845e-14
1.15000000000139764e+01 1.51012603704395829e+01 1.65988804809723464e-14
1.25000000000152536e+01 1.48555787180961278e+01 1.65751716271177645e-14
5.00000000000017764e-01 1.41000708417943006e+01 2.00442376711657578e-14
1.50000000000128964e+00 1.41000708417942917e+01 2.00405007406414043e-14
2.50000000000256506e+00 1.41001883614468575e+01 2.00405005463149740e-14
3.50000000000382272e+00 1.41012233499763706e+01 2.00405006725648539e-14
4.50000000000509459e+00 1.41012233499763902e+01 2.00405008694265947e-14
5.50000000000635225e+00 1.41012245475510056e+01 2.00404983589842004e-14
6.50000000000764189e+00 1.41012236411769667e+01 2.00404972896774626e-14
7.50000000000891376e+00 1.41010258952690837e+01 2.00425468847900435e-14
8.50000000001017142e+00 1.41009945994098675e+01 2.00404972980532722e-14
9.50000000001144329e+00 1.41006245226233222e+01 2.99857389182230914e-15
1.05000000000127152e+01 1.41012603704383217e+01 3.02486707906189639e-15
1.15000000000139870e+01 1.41012603704383039e+01 3.02486709824320707e-15
5.00000000000017764e-01 1.31000708417930216e+01 6.21724893790087663e-15
1.50000000000128964e+00 1.31000708417930305e+01 1.19977837723272903e-16
2.50000000000256151e+00 1.31001883614455767e+01 1.71033230574094461e-16
3.50000000000383338e+00 1.31012233499751201e+01 3.88546047067122729e-16
4.50000000000510525e+00 1.31012233499751272e+01 3.78507664965356718e-16
5.50000000000637712e+00 1.31012245475497231e+01 3.45969541070285123e-16
6.50000000000764899e+00 1.31012236411756859e+01 3.10511348559683702e-16
7.50000000000892797e+00 1.31010258952677940e+01 -1.39949414219434085e-14
8.50000000001019984e+00 1.31009945994085779e+01 -1.39513980764253689e-14
9.50000000001145573e+00 1.31006245226220415e+01 -1.39737377117440265e-14
1.05000000000127258e+01 1.31012603704370409e+01 -1.39907941644149401e-14
5.00000000000024869e-01 1.21000708417917533e+01 1.30063133504792511e-14
1.50000000000128964e+00 1.21000708417917604e+01 6.49939317121453450e-15
2.50000000000256506e+00 1.21001883614443013e+01 6.66627653512188903e-15
3.50000000000383338e+00 1.21012233499738482e+01 3.54994790446947883e-16
4.50000000000510525e+00 1.21012233499738553e+01 1.16515311125459792e-16
5.50005905571488185e+00 1.21011654918399447e+01 -1.18118393263485493e-04
6.50011738480297296e+00 1.21011062632504238e+01 -2.34783411730775686e-04
7.50017433115949750e+00 1.21008515521292761e+01 -3.48747093848467301e-04
8.50021773601334729e+00 1.21007769013272721e+01 -4.35490999758542953e-04
9.50029516598669943e+00 1.21004842755114765e+01 -2.80533571822674734e-04
5.01612023236670979e-01 1.11000708417904814e+01 1.17220550757343722e-14
1.50161355520103612e+00 1.11000708417904885e+01 6.46982990757445671e-15
2.50161355520230799e+00 1.11001883614430295e+01 6.68779240282689973e-15
3.50161355520358342e+00 1.11012233499725763e+01 1.06723927892555300e-16
4.50161355520485529e+00 1.11012233499725834e+01 9.55719979881235887e-17
5.50167261091463544e+00 1.11011652942721479e+01 -1.18118393263533009e-04
6.50173093997806006e+00 1.11011058568514969e+01 -2.34783411730767690e-04
7.50241302109300179e+00 1.11002253575143452e+01 -1.60023658654230290e-03
8.50260504813662266e+00 1.11003846747788160e+01 -1.21798128628765128e-03
5.07394308631411661e-01 1.01000708417892096e+01 1.29521927300646099e-14
1.50795579239992250e+00 1.01000708417892167e+01 6.41691611444614555e-15
2.50909626248180828e+00 1.01001879784552049e+01 7.65973114651353238e-07
3.51013723266403055e+00 1.01012233499713151e+01 6.36682902715535529e-17
4.51013876461387930e+00 1.01012233499713151e+01 4.59703838716222016e-17
5.51791909390607138e+00 1.01011623948785161e+01 -1.17124374030681602e-04
6.52902086194795217e+00 1.01010984889547402e+01 -2.32808470944386852e-04
7.57682672409567104e+00 9.97696481269114166e+00 -9.04885513244638867e-02
5.00000000000017764e-01 9.10007084178793590e+00 6.30422362236154727e-15
1.50000000000128253e+00 9.10007084178793768e+00 7.58853060235689093e-17
2.50000000000256151e+00 9.10007084178794834e+00 2.23887748618256666e-17
3.50000000000383693e+00 9.10018835447358398e+00 2.59689054158938845e-17
4.50000000000510525e+00 9.10122334997004501e+00 6.89418115220404200e-17
5.50005855353455253e+00 9.10116447469331469e+00 -1.17113914412381211e-04
6.50005854667787020e+00 9.10104736059356689e+00 -1.17113914412431654e-04
5.00000000000017764e-01 8.10007084178666403e+00 2.58086375771708309e-15
1.50000000000128964e+00 8.10007084178666759e+00 2.64029558554936740e-17
2.50000000000256506e+00 8.10007084178667291e+00 -9.47367487034676973e-15
3.50000000000383338e+00 8.10018835447231211e+00 5.17421723957050270e-17
4.50000000000510525e+00 8.10122334996877314e+00 3.64294047537497626e-17
5.50032704312589260e+00 8.10061771172406075e+00 -6.53299768824147230e-04
5.00000000000017764e-01 7.10007084178539394e+00 -3.38221521868134882e-15
1.50000000000128608e+00 7.10007084178539571e+00 1.19484271633532281e-17
2.50000000000256151e+00 7.10007084178539571e+00 -4.53121474537498233e-17
3.50000000000382983e+00 7.10018835447104113e+00 -2.60569280715573226e-15
4.50000000000510525e+00 7.10122334996750126e+00 7.18315703007168724e-18
5.00000000000017764e-01 6.10007084178412207e+00 3.34300213828528825e-17
1.50000000000128964e+00 6.10007084178412384e+00 -9.89785270656016650e-17
2.50000000000256151e+00 6.10007084178412384e+00 8.24217087928589650e-17
3.50000000000382983e+00 6.10018835446976926e+00 -2.63783940156992746e-15
5.82370671210352242e-01 5.10007084178285020e+00 7.83517776385936477e-17
1.59493148543391783e+00 5.10007084178285197e+00 1.27372837660839488e-16
2.59894400488592403e+00 5.02785072186224724e+00 -2.55663064662836604e-04
5.00000000000017764e-01 4.04061811449746155e+00 -4.77943593085128678e-17
1.50000000000128964e+00 4.10007084178157744e+00 1.18727981834116423e-16
1.71012603704421551e+01 1.70903931679970889e+01 -7.54951656745106447e-15
1.61012603704408832e+01 1.71008253756163988e+01 -7.10542735760100186e-15
1.51012603704396113e+01 1.71012603704421373e+01 -1.11022302462515654e-14
1.71008447175138087e+01 1.60825529466361523e+01 -8.31651774578420701e-04
1.61008514639999625e+01 1.61004160864972015e+01 -8.18147655587486288e-04
1.70964197957537571e+01 1.50723938282039338e+01 -9.72784444330531198e-03
5.00000000000017764e-01 7.50398623057279335e-01 -1.32015405717971658e-17
1.50000000000128964e+00 5.00000000000000111e-01 2.23616698075135290e-18
2.50000000000256151e+00 5.00000000000000111e-01 -1.14722142376122438e-17
5.00000000000017764e-01 1.84323527999147085e+00 1.66162453262876098e-15
1.50000000000128964e+00 1.50000000000127187e+00 -1.45147563773545375e-17
5.51239721394015447e-01 2.92713019045341571e+00 -9.08803291586941647e-02
1.71012603704421515e+01 5.00000765975111006e-01 -3.77031305481834167e-17
1.60866195034902333e+01 5.00000000000000111e-01 4.28224785673802003e-18
1.50675396796193226e+01 5.00000000000000111e-01 -4.35036121717886590e-17
1.40644354226242321e+01 5.00000000000000111e-01 3.57842171100404083e-17
1.30613512033346915e+01 5.00000000000000111e-01 0.00000000000000000e+00
1.20344181051558152e+01 5.00000000000000111e-01 1.66533158149976213e-16
1.09720371672661159e+01 5.00000000000001887e-01 -1.50708845359989740e-15
9.96042902117368989e+00 5.00000000000000111e-01 3.39132511977196232e-18
8.94818617207436873e+00 5.00000000000000111e-01 -4.75661802957691963e-17
7.94457458432430741e+00 5.00000000000000111e-01 4.79439176991655180e-18
6.94226199759870077e+00 5.00000000000000111e-01 -1.32120232264573754e-17
5.94047809711807062e+00 5.00000000000000111e-01 -1.72388244686868711e-17
4.93945991918428007e+00 5.00000000000000111e-01 7.78763084342533635e-18
3.93876258000182844e+00 5.00000000000000111e-01 -3.74049749507499030e-17
1.71012603704421515e+01 1.50056524174741579e+00 4.61750482075025219e-17
1.61012603704408797e+01 1.50000000000127187e+00 1.01681752515787264e-16
1.51012603704396078e+01 1.50000000000127187e+00 3.80910716380258862e-17
1.41012603704383359e+01 1.50000000000127187e+00 2.78292674820400376e-17
1.31012603704370640e+01 1.50000000000127276e+00 -1.15459230446823130e-15
1.21012603704357922e+01 1.51524918119985941e+00 -1.44895488836394026e-15
1.11012603704345203e+01 1.50000000000127187e+00 1.60024741163842504e-16
1.01012603704332466e+01 1.50000000000127187e+00 -6.71037715593266365e-16
9.10126037043197478e+00 1.50000000000127187e+00 -7.06396487849528531e-16
8.10126037043070113e+00 1.50000000000127276e+00 -6.85892264481688581e-16
7.10126037042943103e+00 1.50000000000127276e+00 -6.56197622620665670e-16
6.10126037042815916e+00 1.50000000000127276e+00 -8.32801892344589371e-16
5.10126037042688907e+00 1.50000000000127276e+00 1.03161551000580997e-15
1.71012603704421515e+01 2.50329437157285906e+00 2.96021894345176108e-17
1.61012603704408797e+01 2.50000000000254374e+00 4.54249844026868942e-17
1.51012603704396078e+01 2.50000000000254374e+00 3.81723868009622991e-17
1.41012603704383359e+01 2.50000000000254374e+00 2.38473655969975717e-17
1.31012603704370640e+01 2.50000000000254552e+00 -1.15471597127853043e-15
1.21012603704357922e+01 2.52847978232842507e+00 -7.78202333205739300e-16
1.11012603704345203e+01 2.50000000000254552e+00 -1.48278655804656623e-15
1.01012603704332484e+01 2.50000000000254374e+00 -6.49166201880752619e-16
9.10126037043197478e+00 2.50000000000254374e+00 -6.77064880364354253e-16
8.10126037043070113e+00 2.50000000000254463e+00 -6.42532239693261891e-16
7.10126037042943103e+00 2.50000000000254463e+00 -5.88643100269748097e-16
6.10126037042815916e+00 2.50000000000254374e+00 4.17036832991945835e-17
1.71012603704421515e+01 3.50486632521580521e+00 -2.48405871153917709e-17
1.61012603704408797e+01 3.50000000000381650e+00 4.09790445337598367e-22
1.51012603704396078e+01 3.50000000000381650e+00 8.25963391525812294e-17
1.41012603704383359e+01 3.50000000000381739e+00 -1.11065482172601497e-15
1.31012603704370658e+01 3.50000000000381739e+00 -1.11960814968073419e-15
1.21012603704357939e+01 3.57200821027663640e+00 -1.09446482367443754e-15
1.11012603704345203e+01 3.50000000000381739e+00 -6.73980394673751472e-16
1.01012603704332520e+01 3.50000000000381561e+00 -7.26485120392955863e-16
9.10126037043198188e+00 3.50000000000381561e+00 -6.45460536335232223e-16
8.10126037043071001e+00 3.50000000000381739e+00 9.23855967528286505e-16
7.10126037042943992e+00 3.50000000000381650e+00 7.33828718662665178e-17
1.71012603704421515e+01 4.50622560876671141e+00 2.60276891348670652e-17
1.61012603704408797e+01 4.50000000000508749e+00 8.37663066284684960e-17
1.51012603704396078e+01 4.50000000000508749e+00 8.40197964339449783e-17
1.41012603704383359e+01 4.50000000000508749e+00 -1.06016260877676524e-15
1.31012603704370658e+01 4.50000000000508837e+00 -1.09376009226232196e-15
1.21012603704357939e+01 4.57928369260512191e+00 -1.17478051593477930e-15
1.11012603704345238e+01 4.50000000000508660e+00 1.78255025050473815e-15
1.01012603704332484e+01 4.50000000000508305e+00 -2.96988201102077308e-15
9.10126037043197655e+00 4.50000000000508837e+00 -2.97143047682619817e-15
8.10126037043070468e+00 4.50000000000508660e+00 -2.98730060379239687e-15
1.71012603704421515e+01 5.60894300178488514e+00 3.37368429791712799e-17
1.61012603704408797e+01 5.50000000000635936e+00 1.08208639078439759e-16
1.51012603704396078e+01 5.50000000000635936e+00 8.37250289763784175e-17
1.41012603704383377e+01 5.50000000000635847e+00 -1.11073802067243523e-15
1.31012603704370676e+01 5.50000000000636025e+00 -1.14310145550577946e-15
1.21010373497449812e+01 5.58261670508915486e+00 -4.46140916986786289e-04
1.10828617801690132e+01 5.50000000000638156e+00 -6.04752617784194913e-14
1.00827863612422863e+01 5.50000000000635492e+00 -2.98144755411788864e-15
9.08245779001687836e+00 5.50000000000635758e+00 -2.12686463410570307e-15
1.71012603704421515e+01 6.63165273189763482e+00 -4.56219744379270787e-16
1.61012603704408725e+01 6.50000000000762146e+00 2.09950347432192150e-14
1.51012603704396113e+01 6.50000000000763123e+00 -7.16194390175639394e-17
1.41012603704383377e+01 6.50000000000763123e+00 -1.12346170839212083e-15
1.31012603704370676e+01 6.50000000000763212e+00 -1.08759030427452164e-15
1.21012603704357957e+01 6.58587971591553067e+00 1.78526647696748434e-15
1.11012235117622957e+01 6.50000000000762057e+00 1.82864926543194195e-15
1.01012235117610238e+01 6.50000000000762768e+00 1.80120539799260141e-15
1.71012603704421515e+01 7.64143049885934289e+00 2.73999391219146098e-17
1.61012603704408797e+01 7.50000000000890310e+00 -1.92549133465785151e-16
1.51012603704396113e+01 7.50000000000890310e+00 5.26848648022991231e-16
1.41012603704383359e+01 7.50000000000890310e+00 -1.07833179301835141e-15
1.31012603704370640e+01 7.50000000000890310e+00 -1.08759030427452164e-15
1.21012603704357922e+01 7.58769100796859064e+00 -2.44624645495077479e-15
1.11012603704344919e+01 7.50000000000886224e+00 6.39610841504309469e-14
1.71012603704421515e+01 8.64576256495903372e+00 -3.89885030456418175e-17
1.61012603704408797e+01 8.50000000001017320e+00 1.12780219041622540e-16
1.51012603704396078e+01 8.50000000001017320e+00 5.17368510533108488e-16
1.41012603704383359e+01 8.50000000001017497e+00 5.90571057094197976e-17
1.31012603704370676e+01 8.50000000001017497e+00 -1.08759030427452164e-15
1.20998737523346360e+01 8.59088500648314657e+00 -5.05891767650924230e-04
1.71012603704421515e+01 9.65156866151687609e+00 -3.30872245021211070e-24
1.61012603704408797e+01 9.50000000001144507e+00 6.37413130910207894e-17
1.51012603704396078e+01 9.50000000001144684e+00 4.13858195537585350e-16
1.41012603704383359e+01 9.50000000001144684e+00 1.97013202123496644e-16
1.31012603704370676e+01 9.50000000001144684e+00 -1.14310145550577946e-15
1.71012603704421515e+01 1.06653497925751477e+01 -3.44847875060600749e-17
1.61012603704408797e+01 1.05000000000127187e+01 3.44767560791052287e-17
1.51012603704396078e+01 1.05000000000127187e+01 1.16660743886568261e-17
1.41012603704383359e+01 1.05000000000127187e+01 6.70103660162021493e-17
1.71012603704421515e+01 1.17143292536309627e+01 -2.83394870298015051e-17
1.61012603704408797e+01 1.15000000000139906e+01 -1.48394798286067110e-17
1.51012603704396078e+01 1.15000000000139906e+01 2.23380733294346209e-17
1.71012603704421515e+01 1.27907640346859992e+01 -3.10862446895043831e-15
1.61012603704408797e+01 1.25000000000152625e+01 -4.72809893688225984e-17
1.71012603704421515e+01 1.38319959467259661e+01 4.03896783473158044e-28
1.75369403447095351e+00 2.87400190241281539e+00 -7.48324618457345436e-01
2.51198065754408617e+00 2.20967263053797147e+00 -7.39750749308460520e-01
3.20711546904898803e+00 1.48790253350829982e+00 -7.39750749308460520e-01
2.58632691837431850e+00 3.50080204314668464e+00 -7.39750749308460520e-01
3.32240695403378083e+00 2.82389690615943945e+00 -7.39750749308460520e-01
4.01754176553868092e+00 2.10212680912976779e+00 -7.39750749308460520e-01
3.41715772812787577e+00 4.13493724654890560e+00 7.64257990237572238e-01
4.16150320149082198e+00 3.42888906635818991e+00 -7.81625432744303184e-01
4.85565618077632877e+00 2.70709377035107313e+00 -7.79331836486078733e-01
4.03385786162968429e+00 4.95415550078247513e+00 7.39768353321039296e-01
4.76772390406127045e+00 4.27006177124473218e+00 7.39768353321039296e-01
5.46164132607521324e+00 3.54950834024444895e+00 7.39768353321039407e-01
4.72033144935210913e+00 5.68547438001336403e+00 7.39687655421015666e-01
5.46286277463367753e+00 4.99182573579362021e+00 7.39768353321039296e-01
6.15678019664762033e+00 4.27127230479333697e+00 7.39768353321039407e-01
5.46716585770665908e+00 6.35065547137645048e+00 7.39768353321039296e-01
6.20097216580474608e+00 5.66650722441367627e+00 7.39768353321039296e-01
6.89488958781868888e+00 4.94595379341339303e+00 7.39768353321039407e-01
6.16277280900123436e+00 7.07191996638333631e+00 7.39750282808132376e-01
6.89658010162747814e+00 6.38777064068047729e+00 7.39750282808132376e-01
7.59155550264750723e+00 5.66716853858818759e+00 7.38251853581975759e-01
6.85424102579266403e+00 7.81526484834843327e+00 7.67651873891713743e-01
7.59046101631574999e+00 7.12944386512461925e+00 7.68978261393168716e-01
8.28529509009935339e+00 6.40788384440828018e+00 7.65533023537005586e-01
7.60549050930658233e+00 8.52218131987985217e+00 -7.40784099485228720e-01
8.33616781728955125e+00 7.83937353354153021e+00 -7.40784099485228720e-01
9.03228800414582977e+00 7.11877892569985615e+00 -7.40784099485228720e-01
1.43583778905723936e+01 1.61457574047523416e+01 -7.41150483582331820e-01
1.51214304492980034e+01 1.53974939697363862e+01 6.82222426881371025e-01
1.58917551702384756e+01 1.46981357589715937e+01 6.25929865957385201e-01
1.42622713624217567e+01 1.47587172014086008e+01 -7.41150483582337261e-01
1.49886547523533231e+01 1.40712233817593617e+01 -7.41150483582302955e-01
1.61012603704408797e+01 1.35000000000165326e+01 8.07793566946316089e-28
1.34670183066851870e+01 1.41252785404184458e+01 -7.41150483582282527e-01
1.41962284779913013e+01 1.34408734193617914e+01 -7.41150483582282527e-01
1.48948456833632861e+01 1.27230407217426045e+01 -7.41150483582282527e-01
1.26224517342587106e+01 1.35407954029792155e+01 -7.41150483582278530e-01
1.33525847579832995e+01 1.28573986418161681e+01 -7.41150483582278641e-01
1.40512019633600147e+01 1.21395659442021486e+01 -7.41150483582282638e-01
1.18779908094300666e+01 1.28661610988308208e+01 -7.41849943429886194e-01
1.26313011684014906e+01 1.21619396977096148e+01 -7.41150483582284414e-01
1.33299183737782094e+01 1.14441070000955953e+01 -7.41150483582282638e-01
1.12256021630345266e+01 1.21071754834701579e+01 -7.41150483582282638e-01
1.19561641072521354e+01 1.14242473846999815e+01 -7.41150483582282638e-01
1.26547813126316697e+01 1.07064146870890422e+01 -7.41150483582282638e-01
1.05042394418961731e+01 1.14109235154347886e+01 -7.39872802394540008e-01
1.12348118551530227e+01 1.07279856593328233e+01 -7.39872802394539897e-01
1.19325342503584917e+01 1.00090618352887368e+01 -7.39872802394539786e-01
9.72207422950741851e+00 1.07602872054091812e+01 -7.61328175188096368e-01
1.04536127507799126e+01 1.00727550749325374e+01 -7.68361714626013326e-01
1.11572382211179235e+01 9.35271065015061609e+00 -7.55941713475077104e-01
9.05143113953057288e+00 9.96960318214800090e+00 7.36636965252499554e-01
9.78454359018029152e+00 9.28422793078367192e+00 7.36267311690691373e-01
1.04800515293855572e+01 8.56486951460165713e+00 7.36102077666391352e-01
8.44548079367779003e+00 9.13556727256804457e+00 7.67445963831917544e-01
9.18208087364323333e+00 8.44367807312551122e+00 7.73577161675511271e-01
9.87922828724776636e+00 7.71989699759757730e+00 7.78423918654917224e-01
