# n = 297
# s = 17.740417287547182
# x y theta(rad)
5.00000000000000000e-01 1.72404172875471815e+01 0.00000000000000000e+00
1.50000000000020162e+00 1.72404172875471815e+01 0.00000000000000000e+00
2.50000000000040323e+00 1.72404172875471815e+01 0.00000000000000000e+00
3.50000000000060574e+00 1.72403719135871221e+01 0.00000000000000000e+00
4.50000000000080735e+00 1.72404172875471815e+01 0.00000000000000000e+00
5.50000000000100897e+00 1.72404172875471815e+01 0.00000000000000000e+00
6.50000000000121148e+00 1.72404172875471815e+01 0.00000000000000000e+00
7.50000000000141220e+00 1.72404172875471815e+01 0.00000000000000000e+00
8.50000000000161471e+00 1.72404159879822778e+01 0.00000000000000000e+00
9.50000000000181721e+00 1.72404172875471815e+01 0.00000000000000000e+00
1.05000000000020179e+01 1.72404172875471815e+01 0.00000000000000000e+00
1.15000000000022204e+01 1.72404172875471815e+01 0.00000000000000000e+00
5.00000000000000000e-01 1.62404172875469790e+01 0.00000000000000000e+00
1.50000000000020162e+00 1.62404172875469790e+01 0.00000000000000000e+00
2.50000000000040323e+00 1.62404172875469790e+01 0.00000000000000000e+00
3.50000000000060574e+00 1.62403519954413369e+01 0.00000000000000000e+00
4.50000000000080735e+00 1.62404172875469790e+01 0.00000000000000000e+00
5.50000000000100897e+00 1.62404172875469790e+01 0.00000000000000000e+00
6.50000000000121148e+00 1.62404172875469790e+01 0.00000000000000000e+00
7.50000000000141220e+00 1.62404172875469790e+01 0.00000000000000000e+00
8.50000000000161471e+00 1.62404142106475788e+01 0.00000000000000000e+00
9.50000000000181721e+00 1.62404172875469790e+01 0.00000000000000000e+00
1.05000000000020179e+01 1.62404172875469790e+01 0.00000000000000000e+00
5.00000000000000000e-01 1.52404172875467765e+01 0.00000000000000000e+00
1.50000000000020162e+00 1.52404172875467765e+01 0.00000000000000000e+00
2.50000000000040323e+00 1.52404172875467765e+01 0.00000000000000000e+00
3.50000000000060574e+00 1.52400434405280958e+01 0.00000000000000000e+00
4.50000000000080735e+00 1.52404172875467765e+01 0.00000000000000000e+00
5.50000000000100897e+00 1.52404172875467765e+01 0.00000000000000000e+00
6.50000000000121148e+00 1.52404172875467765e+01 0.00000000000000000e+00
7.50000000000141220e+00 1.52404172875467765e+01 0.00000000000000000e+00
8.50000000000161471e+00 1.52377002579701255e+01 0.00000000000000000e+00
9.50000000000181721e+00 1.52404172875467765e+01 0.00000000000000000e+00
5.00000000000000000e-01 1.42404172875465740e+01 0.00000000000000000e+00
1.50000000000020162e+00 1.42404172875465740e+01 0.00000000000000000e+00
2.50000000000040323e+00 1.42404172875465740e+01 0.00000000000000000e+00
3.50000000000060574e+00 1.42376608884665998e+01 0.00000000000000000e+00
4.50000000000080735e+00 1.42404172875465740e+01 0.00000000000000000e+00
5.50000000000100897e+00 1.42404172875465740e+01 0.00000000000000000e+00
6.50000000000121148e+00 1.42404172875465740e+01 0.00000000000000000e+00
7.50000000000141220e+00 1.42404172875465740e+01 0.00000000000000000e+00
8.50021310739817615e+00 1.42368386320985714e+01 -1.04683875037973070e-04
5.00000000000000000e-01 1.32404172875463715e+01 0.00000000000000000e+00
1.50000000000020162e+00 1.32404172875463715e+01 0.00000000000000000e+00
2.50000000000040323e+00 1.32404172875463715e+01 0.00000000000000000e+00
3.50000000000060574e+00 1.32373465892472595e+01 0.00000000000000000e+00
4.50000000000080735e+00 1.32404172875463715e+01 0.00000000000000000e+00
5.50000000000100897e+00 1.32404172875463715e+01 0.00000000000000000e+00
6.50000000000121148e+00 1.32404172875463715e+01 0.00000000000000000e+00
7.50000000000141220e+00 1.32404172875463715e+01 0.00000000000000000e+00
5.00000000000000000e-01 1.22404172875461708e+01 0.00000000000000000e+00
1.50000000000020162e+00 1.22404172875461708e+01 0.00000000000000000e+00
2.50000000000040323e+00 1.22404172875461708e+01 0.00000000000000000e+00
3.50000000000060574e+00 1.22371418095927496e+01 0.00000000000000000e+00
4.50000000000080735e+00 1.22404172875461708e+01 0.00000000000000000e+00
5.50000000000100897e+00 1.22404172875461708e+01 0.00000000000000000e+00
6.50000000000121148e+00 1.22404172875461708e+01 0.00000000000000000e+00
5.00000000000000000e-01 1.12404172875459683e+01 0.00000000000000000e+00
1.50000000000020162e+00 1.12404172875459683e+01 0.00000000000000000e+00
2.50000000000040323e+00 1.12404172875459683e+01 0.00000000000000000e+00
3.50000000000060574e+00 1.12370078215515790e+01 0.00000000000000000e+00
4.50000000000080735e+00 1.12404172875459683e+01 0.00000000000000000e+00
5.50000000000100897e+00 1.12404172875459683e+01 0.00000000000000000e+00
5.00000000000000000e-01 1.02404172875457675e+01 0.00000000000000000e+00
1.50000000000020162e+00 1.02404172875457675e+01 0.00000000000000000e+00
2.50000000000040323e+00 1.02404172875457675e+01 0.00000000000000000e+00
1.62404172875469790e+01 6.50000000000121148e+00 0.00000000000000000e+00
4.50000000000080735e+00 1.02404172875457675e+01 0.00000000000000000e+00
5.00000000000000000e-01 9.24041728754556502e+00 0.00000000000000000e+00
1.50000000000020162e+00 9.24041728754556502e+00 0.00000000000000000e+00
2.50000000000040323e+00 9.24041728754556502e+00 0.00000000000000000e+00
3.50000000000060574e+00 1.02369511388934313e+01 0.00000000000000000e+00
5.00000000000000000e-01 8.24041728754536251e+00 0.00000000000000000e+00
1.50000000000020162e+00 8.24041728754536251e+00 0.00000000000000000e+00
2.50000000000040323e+00 8.24041728754536251e+00 0.00000000000000000e+00
5.00000000000000000e-01 7.24041728754516267e+00 0.00000000000000000e+00
1.50000000000020162e+00 7.24041728754516267e+00 0.00000000000000000e+00
5.00000000000000000e-01 6.24041728754496106e+00 0.00000000000000000e+00
1.72404072702531757e+01 5.00000000000000000e-01 0.00000000000000000e+00
5.21941768773928061e+00 5.00499545116701583e-01 -6.97301951829251915e-04
1.62403755379962220e+01 5.00000000000000000e-01 0.00000000000000000e+00
1.52393267039700753e+01 5.00000000000000000e-01 0.00000000000000000e+00
1.42389191605286829e+01 5.00000000000000000e-01 0.00000000000000000e+00
1.32379580663038432e+01 5.00000000000000000e-01 0.00000000000000000e+00
1.22376437671037159e+01 5.00000000000000000e-01 0.00000000000000000e+00
1.12374383781616292e+01 5.00000000000000000e-01 0.00000000000000000e+00
1.02372312626743884e+01 5.00000000000000000e-01 0.00000000000000000e+00
9.23705649484802116e+00 5.00000000000000000e-01 0.00000000000000000e+00
8.22224582852573249e+00 5.00000000000000000e-01 0.00000000000000000e+00
7.22099269741926530e+00 5.00000000000000000e-01 0.00000000000000000e+00
6.22014581711259495e+00 5.00000000000000000e-01 0.00000000000000000e+00
1.72404172875471815e+01 1.50002173178971088e+00 0.00000000000000000e+00
1.62404172875469790e+01 1.50000000000020162e+00 0.00000000000000000e+00
1.52404172875467765e+01 1.50000000000020162e+00 0.00000000000000000e+00
1.42404172875465740e+01 1.50000000000020162e+00 0.00000000000000000e+00
1.32404172875463715e+01 1.50000000000020162e+00 0.00000000000000000e+00
1.22404172875461708e+01 1.50000000000020162e+00 0.00000000000000000e+00
1.12404172875459683e+01 1.50000000000020162e+00 0.00000000000000000e+00
1.02404172875457675e+01 1.50000000000020162e+00 0.00000000000000000e+00
9.24041728754556502e+00 1.50000000000020162e+00 0.00000000000000000e+00
8.24041728754536251e+00 1.50000000000020162e+00 0.00000000000000000e+00
7.24041728754516178e+00 1.50000000000020162e+00 0.00000000000000000e+00
6.24041728754496106e+00 1.50000000000020162e+00 0.00000000000000000e+00
1.72404172875471815e+01 2.50004871277392482e+00 0.00000000000000000e+00
1.62404172875469790e+01 2.50000000000040323e+00 0.00000000000000000e+00
1.52404172875467765e+01 2.50000000000040323e+00 0.00000000000000000e+00
1.42404172875465740e+01 3.50000000000060574e+00 0.00000000000000000e+00
1.32404172875463715e+01 2.50000000000040323e+00 0.00000000000000000e+00
1.22404172875461708e+01 2.50000000000040323e+00 0.00000000000000000e+00
1.12404172875459683e+01 2.50000000000040323e+00 0.00000000000000000e+00
1.02404172875457675e+01 2.50000000000040323e+00 0.00000000000000000e+00
9.24041728754556502e+00 2.50000000000040323e+00 0.00000000000000000e+00
8.24041728754536251e+00 2.50000000000040323e+00 0.00000000000000000e+00
7.24041728754516178e+00 2.50000000000040323e+00 0.00000000000000000e+00
1.72404172875471815e+01 3.50011264613985862e+00 0.00000000000000000e+00
1.62404172875469790e+01 3.50000000000060574e+00 0.00000000000000000e+00
1.52404172875467765e+01 3.50000000000060574e+00 0.00000000000000000e+00
1.42404172875465740e+01 4.50000000000080735e+00 0.00000000000000000e+00
1.32404172875463715e+01 3.50000000000060574e+00 0.00000000000000000e+00
1.22404172875461708e+01 3.50000000000060574e+00 0.00000000000000000e+00
1.12404172875459683e+01 3.50000000000060574e+00 0.00000000000000000e+00
1.02404172875457675e+01 3.50000000000060574e+00 0.00000000000000000e+00
9.24041728754556502e+00 3.50000000000060574e+00 0.00000000000000000e+00
8.24041728754536251e+00 3.50000000000060574e+00 0.00000000000000000e+00
1.72404172875471815e+01 4.50021955243126293e+00 0.00000000000000000e+00
1.62404172875469790e+01 4.50000000000080735e+00 0.00000000000000000e+00
1.52404172875467765e+01 4.50000000000080735e+00 0.00000000000000000e+00
1.42392947894463404e+01 5.50000000000100897e+00 0.00000000000000000e+00
1.32404172875463715e+01 4.50000000000080735e+00 0.00000000000000000e+00
1.22404172875461708e+01 4.50000000000080735e+00 0.00000000000000000e+00
1.12404172875459683e+01 4.50000000000080735e+00 0.00000000000000000e+00
1.02404172875457675e+01 4.50000000000080735e+00 0.00000000000000000e+00
9.24041728754556502e+00 4.50000000000080735e+00 0.00000000000000000e+00
1.72404172875471815e+01 5.50033736950943641e+00 0.00000000000000000e+00
1.62403908465975597e+01 5.50000000000100897e+00 0.00000000000000000e+00
1.52394983445984415e+01 5.50000000000100897e+00 0.00000000000000000e+00
1.42404172875465740e+01 6.50000000000121148e+00 0.00000000000000000e+00
1.32390895077539064e+01 5.50000000000100897e+00 0.00000000000000000e+00
1.22389165737224044e+01 5.50000000000100897e+00 0.00000000000000000e+00
1.12382656400364613e+01 5.50000000000100897e+00 0.00000000000000000e+00
1.02377121073714115e+01 5.50016485134516842e+00 -2.42652740114702022e-04
1.72404172875471815e+01 6.50052042205435754e+00 0.00000000000000000e+00
3.50003816296810388e+00 9.23695013888153049e+00 -1.29978254151845324e-15
1.52404172875467765e+01 6.50000000000121148e+00 0.00000000000000000e+00
1.42404172875465740e+01 2.50000000000040323e+00 0.00000000000000000e+00
1.32404172875463715e+01 6.50000000000121148e+00 0.00000000000000000e+00
1.22404172875461708e+01 6.50000000000121148e+00 0.00000000000000000e+00
1.12404172875459683e+01 6.50000000000121148e+00 0.00000000000000000e+00
1.72404172875471815e+01 7.50080791072300190e+00 0.00000000000000000e+00
1.62404172875469790e+01 7.50000000000141309e+00 0.00000000000000000e+00
1.52404172875467765e+01 7.50000000000141309e+00 0.00000000000000000e+00
1.42404172875465740e+01 7.50000000000141309e+00 0.00000000000000000e+00
1.32404172875463715e+01 7.50000000000141309e+00 0.00000000000000000e+00
1.22404172875461708e+01 7.50000000000141309e+00 0.00000000000000000e+00
1.72404172875471815e+01 8.50162929018592806e+00 0.00000000000000000e+00
1.62404172875469790e+01 8.50000000000161471e+00 0.00000000000000000e+00
1.52404172875467765e+01 8.50000000000161471e+00 0.00000000000000000e+00
1.42404172875465740e+01 8.50000000000161471e+00 0.00000000000000000e+00
1.32404172875463715e+01 8.50000000000161471e+00 0.00000000000000000e+00
1.72404172875471815e+01 9.64570301310269329e+00 0.00000000000000000e+00
1.62404172875469790e+01 9.50000000000181721e+00 0.00000000000000000e+00
1.52404172875467765e+01 9.50000000000181721e+00 0.00000000000000000e+00
1.42404172875465740e+01 9.50000000000181721e+00 0.00000000000000000e+00
1.72404172875471815e+01 1.06458777809263161e+01 0.00000000000000000e+00
1.62404172875469790e+01 1.05000000000020179e+01 0.00000000000000000e+00
1.52404172875467765e+01 1.05000000000020179e+01 0.00000000000000000e+00
1.72404172875471815e+01 1.16460848964131642e+01 0.00000000000000000e+00
1.62404172875469790e+01 1.15000000000022204e+01 0.00000000000000000e+00
1.72382638473426688e+01 1.26464827072418604e+01 -2.20046253420063038e-04
5.00000000000000000e-01 5.00000000000000000e-01 0.00000000000000000e+00
1.50000000000020162e+00 5.00000000000000000e-01 0.00000000000000000e+00
2.50000000000040323e+00 5.00000000000000000e-01 0.00000000000000000e+00
3.50000000000060574e+00 5.00000000000000000e-01 0.00000000000000000e+00
5.00000000000000000e-01 1.50000000000020162e+00 0.00000000000000000e+00
1.50000000000020162e+00 1.50000000000020162e+00 0.00000000000000000e+00
2.50000000000040323e+00 1.50000000000020162e+00 0.00000000000000000e+00
5.00000000000000000e-01 2.50000000000040323e+00 0.00000000000000000e+00
1.50000000000020162e+00 2.50000000000040323e+00 0.00000000000000000e+00
5.00000000000000000e-01 3.50000000000060574e+00 0.00000000000000000e+00
1.72395406580322010e+01 1.72404172875471815e+01 0.00000000000000000e+00
1.62394893897559669e+01 1.72404172875471815e+01 0.00000000000000000e+00
1.52389974211814980e+01 1.72369864832436193e+01 -8.78270243028039322e-04
1.42386741290715690e+01 1.72403020863768681e+01 -2.28428429617270716e-04
1.72395756345318780e+01 1.62404172875469790e+01 0.00000000000000000e+00
1.62385624794599046e+01 1.62404172875469790e+01 0.00000000000000000e+00
1.52374152618074206e+01 1.62369219117015682e+01 -9.46910095447291915e-04
1.72404172875471815e+01 1.52403968959433058e+01 0.00000000000000000e+00
1.62404172875469790e+01 1.52404172875467765e+01 0.00000000000000000e+00
1.72404162875454787e+01 1.42403958959252286e+01 5.86184918480683546e-17
1.27768053018512688e+01 1.70316941664605395e+01 7.61441275953799290e-01
1.21621639596149453e+01 1.61971949227910095e+01 7.80864178523570818e-01
1.14563718118130780e+01 1.54887469304460659e+01 7.80864178523570818e-01
1.07070917358005815e+01 1.48229224068082246e+01 7.78874749068405148e-01
1.00357468458305465e+01 1.40719189892955967e+01 7.80864178523570818e-01
9.33066385485333605e+00 1.33599967555305312e+01 7.83573059684381734e-01
8.61798614412547082e+00 1.26536981555201713e+01 -7.80864178523570818e-01
7.82454472505544629e+00 1.20321321900381868e+01 -7.80864178523570818e-01
7.20564463905088726e+00 1.12376004940570855e+01 -7.80864178523570818e-01
6.49719664670594632e+00 1.05318083462552181e+01 -7.80864178523570818e-01
5.70710016286864885e+00 9.90201972237797534e+00 7.80864178523569930e-01
5.07919469555317171e+00 9.11497463080986137e+00 7.80864178523570818e-01
4.37181111735059424e+00 8.40177355830192774e+00 -7.80864178523570818e-01
3.66160965711842490e+00 7.69771904965231357e+00 -7.80864178523570818e-01
2.91149960438726385e+00 7.03321287453233346e+00 -7.80864178523570818e-01
2.24926815204384045e+00 6.28162138818922777e+00 -7.80864178523570818e-01
1.54082015969889952e+00 5.57582924038736039e+00 -7.80864178523570818e-01
5.01169166653896880e-01 4.87362201437826847e+00 -2.04085586511478781e-03
1.34719496150842737e+01 1.62990889228008591e+01 7.80893220448622305e-01
1.28673939537438660e+01 1.54882138259740092e+01 7.80864178523570818e-01
1.21616018059419986e+01 1.47797658336290674e+01 7.80864178523570818e-01
1.14512962922807802e+01 1.40758723208994247e+01 7.80864178523570818e-01
1.07455041444789128e+01 1.33674243285544847e+01 7.80864178523570818e-01
1.00411065063260665e+01 1.26519282225980252e+01 -7.81822907739793904e-01
9.32829165778668923e+00 1.19498046427905287e+01 -7.80864178523570818e-01
8.60949030248978531e+00 1.12542723970683429e+01 -7.80864178523570818e-01
7.91595015271210567e+00 1.05337069813274429e+01 -7.80864178523570818e-01
7.20750216036716473e+00 9.82791483352557549e+00 -7.80864178523570818e-01
6.42807775777137369e+00 9.19245838461881881e+00 -7.80864178523570818e-01
5.78952501578776868e+00 8.41104781893017872e+00 7.80864178523570818e-01
5.08320237141792752e+00 7.69786228189941291e+00 -7.82395865741782659e-01
4.37191517077964420e+00 6.99382553692267095e+00 -7.80864178523570818e-01
3.66159062908122657e+00 6.28989299867025053e+00 -7.80864178523570818e-01
2.95957366570506064e+00 5.57772787545958515e+00 -7.80864178523570818e-01
2.25112567336011971e+00 4.87193572765771776e+00 -7.80864178523570818e-01
1.52088109007650996e+00 4.18774341072618839e+00 -7.80864178523570818e-01
1.41798070337771840e+01 1.55898790522218391e+01 7.79152881686863474e-01
1.35731602315216513e+01 1.47797641717182167e+01 7.80864178523570818e-01
1.28673680837197857e+01 1.40713161793732766e+01 7.80864178523570818e-01
1.21570625700585673e+01 1.33674226666436340e+01 7.80864178523570818e-01
1.14512704222566999e+01 1.26589746742986939e+01 7.80864178523570818e-01
1.07493730294846976e+01 1.19434481510285924e+01 -7.85381327683078223e-01
1.00340738797422677e+01 1.12413466341814541e+01 -7.80864178523570818e-01
9.32562588739732767e+00 1.05355544863795849e+01 -7.80864178523570818e-01
8.62173237466768505e+00 9.82524897271836650e+00 -7.80864178523570818e-01
7.91328438232274323e+00 9.11945682491649912e+00 -7.80864178523570818e-01
7.19820721120874030e+00 8.41577225717021626e+00 7.83451447621392183e-01
6.49530469794298426e+00 7.70261144804912412e+00 7.80864178523570818e-01
5.78910852823164657e+00 6.98942005082753859e+00 -7.82567858506960090e-01
5.07770731858151070e+00 6.28537754457772913e+00 -7.80864178523570818e-01
4.36925932623656976e+00 5.57958539677586263e+00 -7.80864178523570818e-01
3.66536581350692714e+00 4.86927988311464421e+00 -7.80864178523570818e-01
2.95691782116198532e+00 4.16348773531277683e+00 -7.80864178523570818e-01
2.23208103102404909e+00 3.47393644194052875e+00 -7.80864178523570818e-01
1.50317714794225434e+01 1.49981237470281066e+01 7.41232873613388743e-01
1.42796938148608703e+01 1.40720748964776323e+01 7.80864178523570818e-01
1.35738978229805447e+01 1.33636230947551233e+01 7.80864178523570818e-01
1.28632169633206157e+01 1.26593576243137065e+01 7.80864178523570818e-01
1.21574248155187483e+01 1.19509096319687664e+01 7.80864178523570818e-01
1.15030994237682549e+01 1.11892297635761544e+01 7.83036198067537548e-01
1.07398895385253983e+01 1.05329223669871492e+01 -7.80864178523570818e-01
1.00314415461804582e+01 9.82713021918528362e+00 -7.80864178523570818e-01
9.32754803345081562e+00 9.11682470552406343e+00 -7.80864178523570818e-01
8.61910004110587380e+00 8.41103255772219782e+00 -7.80864178523570818e-01
7.90588751756999919e+00 7.70730452935637445e+00 -7.84716533970550190e-01
7.20109390019615070e+00 6.99418451132711461e+00 7.80864178523570818e-01
6.49491718812313046e+00 6.28060818954122979e+00 -7.82043143974194166e-01
5.78349946638337720e+00 5.57692955223278908e+00 -7.80864178523570818e-01
5.07505147403843715e+00 4.87113740443092169e+00 -7.80864178523570818e-01
4.37115796130879453e+00 4.16083189076970328e+00 -7.80864178523570818e-01
3.66270996896385359e+00 3.45503974296783500e+00 -7.80864178523570818e-01
2.88136983450425088e+00 2.70726176748443148e+00 -7.81219413166156396e-01
1.56205746043641724e+01 1.41510169395384668e+01 7.80864178523570818e-01
1.49892710573089865e+01 1.33674018049221086e+01 7.80864178523570818e-01
1.42834789095071208e+01 1.26589538125771668e+01 7.80864178523570818e-01
1.35731733958459024e+01 1.19550602998475242e+01 7.80864178523570818e-01
1.28673812480440333e+01 1.12466123075025841e+01 7.80864178523570818e-01
1.22132866060259566e+01 1.04831275241093067e+01 -7.85117084038784441e-01
1.14501677342467705e+01 9.82900128746942769e+00 -7.80864178523570818e-01
1.07417197419018304e+01 9.12320913966756208e+00 -7.80864178523570818e-01
1.00378262291721878e+01 8.41290362600634190e+00 -7.80864178523570818e-01
9.32937823682724421e+00 7.70711147820447540e+00 -7.80864178523570818e-01
8.61656642596361166e+00 7.00196909126019307e+00 7.84620125351630060e-01
7.91141600007775203e+00 6.29024955330040925e+00 7.80864178523570818e-01
7.20778476187043449e+00 5.57666352058212311e+00 7.85117084038784441e-01
6.49380498004459739e+00 4.87303603950314645e+00 -7.80864178523570818e-01
5.78535698769965556e+00 4.16724389170127907e+00 -7.80864178523570818e-01
5.08146347497001294e+00 3.45693837804006066e+00 -7.80864178523570818e-01
4.37301548262507200e+00 2.75114623023819238e+00 -7.80864178523570818e-01
3.65348356285456344e+00 2.05633795410896525e+00 -7.80864178523570818e-01
1.63290008294542197e+01 1.34452026829685156e+01 7.80863985828852192e-01
1.56976969449698203e+01 1.26615877519773914e+01 7.80864178523570818e-01
1.50223645827308747e+01 1.19224025057168976e+01 7.80864178523570818e-01
1.42815992835067345e+01 1.12492462469028069e+01 7.80864178523570818e-01
1.35758071357048671e+01 1.05407982545578651e+01 7.80864178523570818e-01
1.29909137563109294e+01 9.70710443414567692e+00 -7.82821645788349896e-01
1.21585798950114707e+01 9.12319717465982905e+00 -7.80864178523570818e-01
1.14501319026665307e+01 8.41740502685796166e+00 -7.80864178523570818e-01
1.07462383899368881e+01 7.70709951319674325e+00 -7.80864178523570818e-01
1.00351768415955416e+01 6.99867000164462727e+00 -7.80864178523570818e-01
9.32265133325325657e+00 6.29296534992286816e+00 7.84225575846138279e-01
8.61720258085106217e+00 5.58182001876291345e+00 7.80864178523570818e-01
7.91654285764523014e+00 4.86819195086755307e+00 7.80865478320621587e-01
7.19959712784646388e+00 4.16458804715820552e+00 -7.80864178523570818e-01
6.49114913550152295e+00 3.45879589935633724e+00 -7.80864178523570818e-01
5.80348980354921373e+00 2.73240275253745768e+00 -7.80864178523570818e-01
5.07880763042693850e+00 2.04269823789325145e+00 -7.80864178523570818e-01
4.35933262687931222e+00 1.34783355932974125e+00 -7.80864178523570818e-01
