# n = 301
# s = 17.846667192846866
# x y theta(rad)
5.00000000000000000e-01 1.73466671928468656e+01 0.00000000000000000e+00
1.50000000000019984e+00 1.73466671928468656e+01 0.00000000000000000e+00
2.50000000000039968e+00 1.73466671928468656e+01 0.00000000000000000e+00
3.50027837038401302e+00 1.73464870015605932e+01 -3.58442143928375181e-04
4.50045856167046132e+00 1.73463078102839781e+01 -3.67843047058464810e-17
5.50287400521646219e+00 1.73348403094495964e+01 -4.64003139974848277e-03
6.50295757344435987e+00 1.73377522302242113e+01 -4.52165833733927935e-03
4.34666719284425973e+00 2.50000000000040146e+00 0.00000000000000000e+00
8.50330293130177139e+00 1.73433415656061314e+01 -3.90901451193133298e-03
9.50394835180006226e+00 1.73420131973519887e+01 -2.61923760338632003e-03
1.05039615336780106e+01 1.73453582881412061e+01 -2.61923759357001254e-03
1.15039659587315484e+01 1.73453582881412061e+01 -2.61923759357001254e-03
1.25047998332202042e+01 1.73383525982199416e+01 -1.21699200645989454e-03
1.35048113440164279e+01 1.73460576618883309e+01 -1.21779872844152734e-03
1.45048130806876934e+01 1.73460576617468334e+01 -1.21779901178014575e-03
5.00000000000000000e-01 1.63466671928466667e+01 0.00000000000000000e+00
1.50000000000019984e+00 1.63466671928466667e+01 0.00000000000000000e+00
2.50000000000039968e+00 1.63466671928466667e+01 0.00000000000000000e+00
3.50007715731791436e+00 1.63463068102741218e+01 -8.72664625997164750e-17
4.50010011906953533e+00 1.63463068102723099e+01 -1.05586956437107729e-17
5.50202983794948253e+00 1.63344695992449225e+01 -3.90900635324652277e-03
6.50205008812090401e+00 1.63374409147198172e+01 -3.90900635324657568e-03
7.50208713961126961e+00 1.63447116235707739e+01 -3.90900635324657568e-03
8.50209040914424463e+00 1.63433376728978423e+01 -3.90900635324652277e-03
9.50209134941797551e+00 1.63413691723680543e+01 -3.90900635324648808e-03
1.05027506854177020e+01 1.63453570412515532e+01 -2.61923760338637250e-03
1.15027551104712007e+01 1.63453570412288016e+01 -2.61923760338637250e-03
1.25036783626619865e+01 1.63367017728015185e+01 -4.52337787489714635e-03
1.35044725761750914e+01 1.63451682980436104e+01 -2.99546500525280654e-03
5.00000000000000000e-01 1.53466671928464642e+01 0.00000000000000000e+00
1.50000000000019984e+00 1.53466671928464642e+01 0.00000000000000000e+00
2.50000000000039968e+00 1.53466671928464642e+01 0.00000000000000000e+00
3.50007715731791436e+00 1.53463058102739218e+01 -6.98131700797731800e-17
4.50007815731811345e+00 1.53463058102738419e+01 -1.04719755119659770e-16
5.50240464559024645e+00 1.53341532573505201e+01 -4.52165850408519157e-03
6.50242929867293107e+00 1.53371245556201607e+01 -4.52165850466139472e-03
7.50277377710670201e+00 1.53447002972932101e+01 -3.90900635324659303e-03
8.50294523229772281e+00 1.53431568409178407e+01 -4.24675733636138610e-03
9.50430537427596178e+00 1.53401690769189187e+01 -1.71578150112552063e-03
1.05061830284879427e+01 1.53453436174976847e+01 -2.61923440809416199e-03
1.15087182988039576e+01 1.53427502882235540e+01 -7.70746942862482898e-03
1.25121752280238319e+01 1.53170898278852512e+01 -1.04323115689539028e-02
5.00000000000000000e-01 1.43466671928462652e+01 0.00000000000000000e+00
1.50000000000019984e+00 1.43466671928462652e+01 0.00000000000000000e+00
2.50000000000039968e+00 1.43466671928462652e+01 0.00000000000000000e+00
3.50009900000154062e+00 1.43463048102737218e+01 5.23598775598298850e-17
4.50010000000173971e+00 1.43463048102737218e+01 0.00000000000000000e+00
5.50230127518588574e+00 1.43340873134193867e+01 -4.41028493349954372e-03
6.50232509995369856e+00 1.43370586153407551e+01 -4.41028493349949167e-03
7.50261414865816079e+00 1.43446922908564041e+01 -3.90900635324664507e-03
8.50261610221415864e+00 1.43429806528284676e+01 -3.90901445670717874e-03
9.50260878590039582e+00 1.43388999173629976e+01 -3.90901445670716052e-03
1.05032474560943729e+01 1.43453193166839128e+01 -2.67439535255911773e-03
1.15044156255597194e+01 1.43414189390989044e+01 -5.02520402328511182e-03
5.00000000000000000e-01 1.33466671928460645e+01 0.00000000000000000e+00
1.50000000000019984e+00 1.33466671928460645e+01 0.00000000000000000e+00
2.50000000000039968e+00 1.33466671928460645e+01 0.00000000000000000e+00
3.50009900000154062e+00 1.33463038102735219e+01 -5.23598775598298850e-17
4.50010000000173971e+00 1.33463038102735219e+01 -3.49065850398865900e-17
5.50238314989026911e+00 1.33340411096638860e+01 -4.48052186773116763e-03
6.50240751499899261e+00 1.33370123897015276e+01 -4.48056087280663748e-03
7.50273182821068119e+00 1.33446831909313168e+01 -3.90900635324666242e-03
8.50303956272452055e+00 1.33426633719145578e+01 -4.52316969054595425e-03
9.50325994792508588e+00 1.33383497715896002e+01 -4.98061287214194865e-03
1.05044497223515840e+01 1.33452839038340301e+01 -2.72963405834846960e-03
5.00000000000000000e-01 1.23466671928458638e+01 0.00000000000000000e+00
1.50000000000019984e+00 1.23466671928458638e+01 0.00000000000000000e+00
2.50000000000039968e+00 1.23466671928458638e+01 0.00000000000000000e+00
3.50009900000154062e+00 1.23463028102733201e+01 -1.39626340159546360e-16
4.50010000000173971e+00 1.23463028102733201e+01 -3.49065850398865900e-17
5.50233623719093146e+00 1.23340302919175357e+01 -4.48052186773118498e-03
6.50238093987941745e+00 1.23369810511410734e+01 -4.52142033081681140e-03
7.50272117637973146e+00 1.23446699250037213e+01 -3.91836127604310459e-03
8.50302426313549020e+00 1.23426522221066755e+01 -4.52316969054593690e-03
9.50660854949927625e+00 1.23349378667387519e+01 -1.17652933605182641e-02
5.00000000000000000e-01 1.13466671928456631e+01 0.00000000000000000e+00
1.50000000000019984e+00 1.13466671928456631e+01 0.00000000000000000e+00
2.50000000000039968e+00 1.13466671928456631e+01 0.00000000000000000e+00
3.50009900000154062e+00 1.13463018102731201e+01 -1.39626340159546360e-16
4.50010000000173971e+00 1.13463018102731201e+01 -5.23598775598298850e-17
5.50191902697837065e+00 1.13335577170183175e+01 -3.54656005986398251e-03
6.50211853095759462e+00 1.13366673213458391e+01 -3.90900635324673267e-03
7.50215839902088355e+00 1.13446588069448637e+01 -3.90900635324669798e-03
8.50246539400192702e+00 1.13426427698984256e+01 -4.52165824601515314e-03
5.00000000000000000e-01 1.03466671928454623e+01 0.00000000000000000e+00
2.50000000000039968e+00 1.03466671928454623e+01 0.00000000000000000e+00
3.50009900000154062e+00 1.03463008102729219e+01 -8.72664625997164750e-17
4.50010000000173971e+00 1.03463008102729184e+01 -1.74532925199432950e-16
1.50000000000019984e+00 1.03466671928454623e+01 0.00000000000000000e+00
5.50015674171892588e+00 1.03317938907152236e+01 -1.46015572913663810e-05
6.50156126788598332e+00 1.03361224431011109e+01 -2.82549143157381777e-03
7.50158910437641779e+00 1.03441139626503187e+01 -2.82549143157378264e-03
5.00000000000000000e-01 9.34666719284526337e+00 0.00000000000000000e+00
1.50000000000019984e+00 9.34366731234948134e+00 0.00000000000000000e+00
2.50000000000039968e+00 9.34666719284526337e+00 0.00000000000000000e+00
3.50001890230782386e+00 9.34628190796549596e+00 -3.58046144474111081e-05
4.50010000000173971e+00 9.34629981027272017e+00 -1.39626340159546360e-16
5.50093352026697513e+00 9.33094277434693886e+00 -1.71628473616865229e-03
6.50150805994080372e+00 9.33610869505021945e+00 -2.84332956100386783e-03
5.00000000000000000e-01 8.34666719284506264e+00 0.00000000000000000e+00
1.50000000000019984e+00 8.34366707425542131e+00 0.00000000000000000e+00
2.50000000000039968e+00 8.34666719284506264e+00 0.00000000000000000e+00
3.50001890230782386e+00 8.34624510335084935e+00 3.58046144469886351e-05
4.50001990230802384e+00 8.34628090796529598e+00 3.58046144469711863e-05
5.50002148472915842e+00 8.33004104693754677e+00 3.58046144470060976e-05
5.00000000000000000e-01 7.34666719284486192e+00 0.00000000000000000e+00
1.50000000000019984e+00 7.34060911842050690e+00 0.00000000000000000e+00
2.50000000000039968e+00 7.34666719284486192e+00 0.00000000000000000e+00
3.50005470692227050e+00 7.34624410335064937e+00 3.58046144471108112e-05
4.50005570692247048e+00 7.34627990796509600e+00 3.58046144469711863e-05
5.00000000000000000e-01 6.34666719284466119e+00 0.00000000000000000e+00
1.50000000000019984e+00 6.33984337644549534e+00 0.00000000000000000e+00
2.50000000000039968e+00 6.34666719284466119e+00 0.00000000000000000e+00
3.50009051153671802e+00 6.34624310335044850e+00 3.58046144470584578e-05
5.00000000000000000e-01 5.34666719284446046e+00 0.00000000000000000e+00
1.50000000000019984e+00 5.33984313834657431e+00 0.00000000000000000e+00
2.50000000000039968e+00 5.34666719284446046e+00 0.00000000000000000e+00
5.00000000000000000e-01 4.34666719284426062e+00 0.00000000000000000e+00
1.50396106972327104e+00 4.33513632418758466e+00 -7.65190682075654605e-03
5.00000000000000000e-01 3.34666719284406078e+00 0.00000000000000000e+00
1.73466671928468621e+01 5.00000000000000000e-01 0.00000000000000000e+00
1.63466671928466631e+01 5.00000000000000000e-01 0.00000000000000000e+00
1.53466671928464642e+01 5.00000000000000000e-01 0.00000000000000000e+00
1.43466671928462635e+01 5.00000000000000000e-01 0.00000000000000000e+00
1.33466671928460627e+01 5.00000000000000000e-01 0.00000000000000000e+00
1.23466671928458638e+01 5.00000000000000000e-01 0.00000000000000000e+00
1.13466671928456631e+01 5.00000000000000000e-01 0.00000000000000000e+00
1.03466671928454623e+01 5.00000000000000000e-01 0.00000000000000000e+00
9.34666719284526160e+00 5.00000000000000000e-01 0.00000000000000000e+00
8.34666719284506087e+00 5.00000000000000000e-01 0.00000000000000000e+00
7.34666719284486014e+00 5.00000000000000000e-01 0.00000000000000000e+00
6.34666719284466030e+00 5.00000000000000000e-01 0.00000000000000000e+00
5.34666719284446046e+00 5.00000000000000000e-01 0.00000000000000000e+00
4.34666719284425973e+00 5.00000000000000000e-01 0.00000000000000000e+00
3.34666719284405900e+00 5.00000000000000000e-01 0.00000000000000000e+00
2.34666719284385916e+00 5.00000000000000000e-01 0.00000000000000000e+00
1.73466671928468621e+01 1.50000000000020073e+00 0.00000000000000000e+00
1.63466671928466631e+01 1.50000000000020073e+00 0.00000000000000000e+00
1.53466671928464642e+01 1.50000000000020073e+00 0.00000000000000000e+00
1.43466671928462635e+01 1.50000000000020073e+00 0.00000000000000000e+00
1.33466671928460627e+01 1.50000000000020073e+00 0.00000000000000000e+00
1.23466671928458638e+01 1.50000000000020073e+00 0.00000000000000000e+00
1.13466671928456631e+01 1.50201643922440731e+00 0.00000000000000000e+00
1.03466671928454623e+01 1.50000011917015375e+00 0.00000000000000000e+00
9.34666719284526160e+00 1.50000000000020073e+00 0.00000000000000000e+00
8.34666719284506087e+00 1.50000000000020073e+00 0.00000000000000000e+00
7.34666719284486014e+00 1.50000000000020073e+00 0.00000000000000000e+00
6.34666719284466030e+00 1.50000000000020073e+00 0.00000000000000000e+00
5.34666719284446046e+00 1.50000000000020073e+00 0.00000000000000000e+00
4.34666719284425973e+00 1.50000000000020073e+00 0.00000000000000000e+00
3.34666719284405900e+00 1.50000000000020073e+00 0.00000000000000000e+00
7.50329965767353979e+00 1.73447155122156964e+01 -3.90900635324661037e-03
1.73466671928468621e+01 2.50000000000040146e+00 0.00000000000000000e+00
1.63466671928466631e+01 2.50000000000040146e+00 0.00000000000000000e+00
1.53466671928464642e+01 2.50000000000040146e+00 0.00000000000000000e+00
1.43466671928462635e+01 2.50000000000040146e+00 0.00000000000000000e+00
1.33466671928460627e+01 2.50000000000040146e+00 0.00000000000000000e+00
1.23466671928458638e+01 2.50000000000040146e+00 0.00000000000000000e+00
1.13466671928456631e+01 2.50501643971648047e+00 0.00000000000000000e+00
1.03466671928454623e+01 2.51404638267704428e+00 0.00000000000000000e+00
9.34666719284526160e+00 2.50000000000040146e+00 0.00000000000000000e+00
8.34666719284506087e+00 2.50000000000040146e+00 0.00000000000000000e+00
7.34666719284486014e+00 2.50000000000040146e+00 0.00000000000000000e+00
6.34666719284466030e+00 2.50000000000040146e+00 0.00000000000000000e+00
5.34666719284446046e+00 2.50000000000040146e+00 0.00000000000000000e+00
1.73466671928468621e+01 3.50000000000060130e+00 0.00000000000000000e+00
1.63466671928466631e+01 3.50000000000060130e+00 0.00000000000000000e+00
1.53466671928464642e+01 3.50000000000060130e+00 0.00000000000000000e+00
1.43466671928462635e+01 3.50000000000060130e+00 0.00000000000000000e+00
1.33466671928460627e+01 3.50000000000060130e+00 0.00000000000000000e+00
1.23466671928458638e+01 3.50000000000060130e+00 0.00000000000000000e+00
1.13392815930490265e+01 3.51580290967305498e+00 6.16854096296374354e-06
1.03392805930480147e+01 3.51580304131147958e+00 6.16854096301610712e-06
9.33927814901008091e+00 3.50000562640737645e+00 9.25281355160002150e-06
8.33927406473869759e+00 3.50000562640737733e+00 3.08427118421128721e-06
7.33927152260290505e+00 3.50000100000060055e+00 -1.22173047639603077e-16
6.33926975153561134e+00 3.50000177106769517e+00 1.54213418732692174e-06
5.33926875153541047e+00 3.50010000000130805e+00 1.54213418720350459e-06
1.73430237750648395e+01 4.50379162058828975e+00 -7.31162548809438477e-03
1.63429960488726067e+01 4.50379153475314098e+00 -7.31162548809435008e-03
1.53429676301213167e+01 4.50369800836693823e+00 -7.31162548809433273e-03
1.43417168934648203e+01 4.50256408480945591e+00 -4.84354911550666494e-03
1.33392799845806707e+01 4.50010011903910545e+00 4.50963669991626034e-06
1.23392789845810036e+01 4.50000325481915198e+00 4.50963669994167302e-06
1.13392762405540335e+01 4.51600327988837336e+00 7.85425420983157686e-06
1.03392752405538317e+01 4.51600327998069062e+00 7.85425420981412290e-06
9.33927198046911755e+00 4.50000971068016575e+00 3.08426837506897686e-06
8.33927098046891935e+00 4.50000662640898330e+00 3.08426837462488892e-06
7.33926998047012269e+00 4.50000354213639397e+00 3.08427118425249706e-06
6.33926820940142388e+00 4.50000277106789603e+00 1.54213418732692131e-06
1.73430237750648395e+01 5.50381934835982900e+00 -7.31162548809435008e-03
1.63429960488726067e+01 5.50381926252468112e+00 -7.31162548809433273e-03
1.53429676301213167e+01 5.50372573613847837e+00 -7.31162548809431538e-03
1.43428659055180603e+01 5.50372883289380166e+00 -7.16138248275395659e-03
1.33416936057655384e+01 5.50332239404950130e+00 -4.84354911550661290e-03
1.23392744749334504e+01 5.50000425481935196e+00 4.50963669992421906e-06
1.13328383354503757e+01 5.51637412300113894e+00 9.71332322750656025e-05
1.03328373645017368e+01 5.51607505502646944e+00 9.71332322763455167e-05
9.33269606992856282e+00 5.50001069080762939e+00 3.08426837458401238e-06
8.33269506992977860e+00 5.50000760653780318e+00 3.08427120424059716e-06
7.33269368351072526e+00 5.50000645226074347e+00 2.31143341408020035e-06
1.73391262132312249e+01 6.50436433382547108e+00 -8.28973904680182713e-03
1.63381105379948188e+01 6.50535912440290787e+00 -1.02687628061931425e-02
1.53370777056051786e+01 6.50428535326076052e+00 -8.28973991972539043e-03
1.43370429864246614e+01 6.50436104161921236e+00 -8.28973991972533839e-03
1.33364400127768530e+01 6.50450450264029989e+00 -7.13403222101224865e-03
1.23328355821600244e+01 6.50005296002207267e+00 9.99781529610033307e-05
1.13328328396190514e+01 6.51745515374815376e+00 9.99781529651985290e-05
1.03328319539680695e+01 6.51638553833775624e+00 9.99781529651461620e-05
9.33269375849517147e+00 6.50001169080788088e+00 3.08426837461891946e-06
8.33269237207749924e+00 6.50000976369443073e+00 2.31143341409765177e-06
1.73391263003898217e+01 7.50439968900804910e+00 -8.28973904680184448e-03
1.63381107773655145e+01 7.50541284305913337e+00 -1.02687628061931425e-02
1.53370777927638215e+01 7.50432070845057453e+00 -8.28973991972540777e-03
1.43370430735833025e+01 7.50439639680902726e+00 -8.28973991972537308e-03
1.33364400363633031e+01 7.50453094524508479e+00 -7.13403222101219661e-03
1.23328356083625206e+01 7.50005396002227265e+00 9.99781529611080781e-05
1.13301242846308714e+01 7.51745588239807461e+00 9.99781529652159711e-05
1.03301233292005286e+01 7.51689013897157654e+00 9.99781529652159711e-05
9.33007519448682032e+00 7.50001306885247843e+00 2.31143341375197635e-06
1.73364123157042620e+01 8.50445754365313178e+00 -8.28973904680182713e-03
1.63353969894190847e+01 8.50549443239754055e+00 -1.02687628061931425e-02
1.53358640169132769e+01 9.50440148247808025e+00 -8.28974009032024291e-03
1.43343290889799206e+01 8.50445425154761914e+00 -8.28974008888938747e-03
1.33337259657249412e+01 8.50457675061378104e+00 -7.13403222101223131e-03
1.23301215423031927e+01 8.50005468867231251e+00 9.99781529624054616e-05
1.13300579788982052e+01 8.51745840444574043e+00 9.69207907419652608e-05
1.03300248726426460e+01 8.51697568934942773e+00 9.69207912375166011e-05
1.73359355292192490e+01 9.50449685208429074e+00 -8.28973904680180979e-03
1.63359168951270028e+01 9.50651404388067967e+00 -8.28974009041838315e-03
1.53358390326812639e+01 1.05044370455093805e+01 -8.28974009032465951e-03
1.43352646868053597e+01 9.50505155398049695e+00 -7.13403273555602950e-03
1.33352349487363924e+01 9.50459242835029983e+00 -7.13403273555608241e-03
1.23316305265837851e+01 9.50005583955759647e+00 9.99781529638662343e-05
1.13316278303954245e+01 9.51746103979069602e+00 9.98866619767252385e-05
1.73359105444762385e+01 1.05045324156329674e+01 -8.28974009040553753e-03
1.63358919108949827e+01 1.05065496069119853e+01 -8.28974009040866176e-03
1.53363538363013241e+01 1.15044681336961627e+01 -8.28974009034726123e-03
1.43342710882018274e+01 1.05060566088236698e+01 -5.16088225529225033e-03
1.33342543860071245e+01 1.05055974158968901e+01 -5.16088225529230237e-03
1.23316304565963328e+01 1.05000568395667884e+01 9.99781529651461620e-05
1.73368871877751793e+01 1.15050076174220948e+01 -9.18599542903846336e-03
1.63368584589652066e+01 1.15070250112691230e+01 -9.18623346614784279e-03
1.53343638081623226e+01 8.50437856318963803e+00 -8.28974008986444952e-03
1.43335620809021265e+01 1.15070601947328583e+01 -7.13403272177981409e-03
1.33335323373322829e+01 1.15066010635961522e+01 -7.13402163022433793e-03
1.73351966821520911e+01 1.25050665513296320e+01 -9.18623346614784279e-03
1.63351720225912551e+01 1.25070836937017962e+01 -9.18623347108710707e-03
1.53346673224610512e+01 1.25045174707190707e+01 -8.28974009034658121e-03
1.43340816570974923e+01 1.25070829308552707e+01 -7.13403272140406171e-03
1.73406950244976699e+01 1.35060778113561923e+01 -7.33444272030697644e-03
1.63396510422029095e+01 1.35070857371656921e+01 -9.18623347108897537e-03
1.53391463104288448e+01 1.35045156961099586e+01 -8.28974008770034729e-03
1.73350584730289690e+01 1.45064338923163803e+01 -7.71251642025938631e-03
1.63320970649773649e+01 1.45079058493377175e+01 -1.06008606614508647e-02
1.73391100751217202e+01 1.55094502859239682e+01 -7.91275445736880183e-03
5.00362569927112588e-01 5.00266921662966269e-01 -5.31979849307578391e-04
1.73407606051635348e+01 1.69062365615945112e+01 -5.18291045754493487e-03
1.63406735198248079e+01 1.73373757547662493e+01 -1.15314915056075572e-02
6.95788666140670031e-01 1.97267565315594595e+00 -6.06238374894962240e-01
1.44599367971865345e+00 1.29963774894559503e+00 -6.06238374894962240e-01
1.47267565315584470e+00 2.65087852670329038e+00 -6.06238374894962240e-01
2.23443010362099681e+00 1.99449843887359624e+00 -6.06238374894962240e-01
2.25704204380091333e+00 3.32389567252959583e+00 -6.06238374894962240e-01
3.05051923416889981e+00 2.69682388628955572e+00 -6.08084672328470521e-01
2.81934284599960350e+00 4.15087852670359059e+00 -6.06238374894962240e-01
3.64113997245256016e+00 3.58109832087500468e+00 -6.06238374894962240e-01
3.59647538818035262e+00 4.84008261456999467e+00 -5.87706246677395461e-01
4.41845968707030057e+00 4.27027183724030301e+00 -5.87706246677395461e-01
4.38257634640068794e+00 5.51845196766989154e+00 -5.86897081254817765e-01
5.20513680075852214e+00 4.94947998548625812e+00 -5.86897081254817654e-01
5.16922096799143382e+00 6.19688216692974514e+00 -5.85834905511929738e-01
6.05750743085935639e+00 5.68491490091298868e+00 -5.34078897073471226e-01
5.69159793110517587e+00 7.05667086421745005e+00 -5.75081437846679089e-01
6.57243856670146265e+00 6.54217485141536770e+00 -5.34078897073471337e-01
6.52357169230906386e+00 7.73311700559027582e+00 -5.33921750534784190e-01
7.38424232416071646e+00 7.22395284443054742e+00 -5.33921750534784523e-01
7.33341618883633828e+00 8.41602623917344239e+00 -5.33921750534784634e-01
8.19411081697741750e+00 7.90684788823474349e+00 -5.33921750534784967e-01
8.04299398311434466e+00 9.15821287502034487e+00 -5.33921750534783635e-01
8.93499361521289437e+00 8.68055419020716990e+00 -5.10414850308651191e-01
8.65270940432236557e+00 9.98468400223275765e+00 -5.10414850308650969e-01
9.52525219324815176e+00 9.49614424797010770e+00 -5.10414850308651635e-01
9.47731397392354502e+00 1.06690629154778200e+01 -5.10414850308651191e-01
1.03498633337107844e+01 1.01805194813037723e+01 -5.10414850308651080e-01
1.03061023133517047e+01 1.13510993237728641e+01 -5.10414850308650414e-01
1.11786451022794431e+01 1.08625595695136976e+01 -5.10414850308651191e-01
1.09008381406787098e+01 1.21641825463802107e+01 -5.10414850308650969e-01
1.17854017332652443e+01 1.16831375528025472e+01 -5.24164166500653339e-01
1.16312058879498004e+01 1.29290878065005295e+01 -5.27164204174605966e-01
1.25046769041770371e+01 1.24275441246271097e+01 -5.41678066790737711e-01
1.24560460741708425e+01 1.36238796990908284e+01 -5.41678066790738932e-01
1.33128916514024915e+01 1.31083046234531047e+01 -5.41678066790738932e-01
1.32808137428029234e+01 1.42947122825085557e+01 -5.41622901150856539e-01
1.41403554053727518e+01 1.37774964459313338e+01 -5.41764366637769279e-01
1.37846238632541187e+01 1.51586372302459687e+01 -5.41620948954331438e-01
1.46415233502782502e+01 1.46430126743826907e+01 -5.41764366637770611e-01
1.45863480513679633e+01 1.58433532368993042e+01 -5.41764366637773387e-01
1.54431491310201814e+01 1.53277042177556115e+01 -5.41764366637771944e-01
1.53944149829205994e+01 1.65241682963951462e+01 -5.41764366637770389e-01
1.63227316864693393e+01 1.61220260503123001e+01 -5.43431110933515149e-01
