# n = 302
# s = 17.885993892536710
# x y theta(rad)
5.00000000000000111e-01 1.73830656175359159e+01 1.31276871938654672e-17
1.50000000000028333e+00 1.73859938925367032e+01 2.97043014694211521e-17
2.50000000000056755e+00 1.73859938925367032e+01 2.05892831438859574e-17
3.50000000000085443e+00 1.73846153238165897e+01 -6.50267151328547801e-15
4.50000000000113598e+00 1.73859938925367032e+01 -6.52812717328195675e-15
5.50000000000141931e+00 1.73859938925367032e+01 4.20935859272626117e-17
6.50000000000170175e+00 1.73859938925367068e+01 -4.78677584621126438e-17
7.50000000000198597e+00 1.73859938925367032e+01 1.54149448866176187e-16
8.50000000000227018e+00 1.73403203258736163e+01 -1.19138360404869546e-17
9.50000000000255440e+00 1.73859938925367103e+01 4.25994044997868998e-18
1.05000000000028368e+01 1.73859938925367032e+01 1.39218335210716804e-17
1.15000000000031211e+01 1.72496455243173195e+01 -6.26572944342836766e-16
1.25000000000034035e+01 1.73859938925367032e+01 -3.63361503243457007e-18
1.35000000000036877e+01 1.73859938925367068e+01 -7.44557337407129476e-17
1.45000000000039719e+01 1.73859938925367032e+01 -2.92305800569216172e-17
5.00000000000000111e-01 1.63825147393461847e+01 3.80013874127704954e-17
1.50000000000028333e+00 1.63859938925364190e+01 8.73301639249085584e-17
2.50000000000056755e+00 1.63859938925364190e+01 7.79604321621361101e-17
3.50000000000085176e+00 1.63836528683316942e+01 4.37907546081906657e-17
4.50000000000113509e+00 1.63859938925364190e+01 2.13615770986182313e-18
5.50000000000141931e+00 1.63859938925364190e+01 -5.21533972107969352e-17
6.50000000000170353e+00 1.63859938925364190e+01 -7.29197185124651669e-18
7.50000000000198597e+00 1.63859938925364190e+01 -1.74480345342644460e-16
8.50000000000226841e+00 1.63385388141845844e+01 1.50123274696956287e-16
9.50000000000255440e+00 1.63859938925364261e+01 2.32154790183458637e-17
1.05000000000028368e+01 1.63859938925364226e+01 -1.32609445343059851e-15
1.15000000000031211e+01 1.62427321246204031e+01 6.21048365447338962e-16
1.25000000000034035e+01 1.63859938925364190e+01 -3.23671987789733651e-17
1.35000000000036877e+01 1.63859938925364190e+01 -7.52541691548955099e-18
5.00000000000000111e-01 1.53817183888314428e+01 -2.33196090762721049e-17
1.50000000000028333e+00 1.53859938925361366e+01 2.31322447963883278e-17
2.50000000000056755e+00 1.53859938925361366e+01 -8.47178376979720584e-17
3.50000000000085176e+00 1.53826756383766377e+01 3.15303460052129885e-17
4.50000000000113509e+00 1.53859938925361366e+01 -4.75752687441349571e-17
5.50000000000141931e+00 1.53859938925361366e+01 1.59894698759613515e-16
6.50000000000170175e+00 1.53859938925361366e+01 3.24260417709540183e-16
7.50000000000198597e+00 1.53859938925361366e+01 -4.14611261469714541e-16
8.50000000000227374e+00 1.53375827933469555e+01 4.28053704819092547e-17
9.50000000000255795e+00 1.53859938925361437e+01 -2.25280623637021383e-17
1.05000000000028422e+01 1.53859938925361366e+01 -1.27093014528573755e-15
1.15000000000031264e+01 1.52362321239458520e+01 8.79213642787015284e-16
1.25000000000034071e+01 1.53859938925361366e+01 -5.21233951890338779e-17
5.00000000000000111e-01 1.43812007611764567e+01 -1.96821207835439524e-17
1.50000000000028333e+00 1.43859938925358524e+01 -2.23655079255557750e-18
2.50000000000056755e+00 1.43859938925358524e+01 4.00831069264422361e-16
3.50000000000085087e+00 1.43817793063458623e+01 3.44572934155388185e-16
4.50000000000113509e+00 1.43859938925358506e+01 -9.11912666331655361e-16
5.50000000000141753e+00 1.43859938925358524e+01 -9.64453621880763774e-16
6.50000000000170175e+00 1.43859938925358541e+01 -2.76558379614803359e-15
7.50000000000198508e+00 1.43859938925358524e+01 -4.23790962728971565e-16
8.50000000000226841e+00 1.43371564124357338e+01 -4.88648341343897192e-17
9.50000000000255618e+00 1.43859938925358559e+01 -5.80986571277684863e-15
1.05000000000028422e+01 1.43859938925358541e+01 2.06354196473074801e-15
1.15059881481408350e+01 1.42292320443962712e+01 -8.25139080555602027e-03
5.00000000000000111e-01 1.33808643026768959e+01 6.51900705744893027e-17
1.50000000000028333e+00 1.33859938925355682e+01 -6.64347588268294392e-17
2.50000000000057199e+00 1.33859938925355753e+01 -8.20608797282163670e-15
3.50000000000084377e+00 1.33812511116148247e+01 -3.24151632523917574e-14
4.50000000000113332e+00 1.33859938925355682e+01 -9.71877713068358845e-16
5.50000000000141753e+00 1.33859938925355788e+01 1.65007942160040264e-16
6.50000000000170175e+00 1.33859938925355788e+01 -4.78536599527017838e-17
7.50000000000198508e+00 1.33859938925355682e+01 2.99426768170521126e-16
8.50000000000226841e+00 1.33366855227767189e+01 1.20913094029856553e-17
9.50000000000255262e+00 1.33859938925355682e+01 5.53056346667020298e-17
1.05000000000028351e+01 1.33859938925355717e+01 3.28868989353487804e-17
5.00000000000000111e-01 1.23806456048714182e+01 1.93551033088655473e-16
1.50000000000028333e+00 1.23859938925352839e+01 1.89527296699756462e-16
2.50000000000055600e+00 1.23859938925352751e+01 2.42233174268043061e-14
3.50000000000085176e+00 1.23808794426397100e+01 5.03614091436378808e-17
4.50000000000113509e+00 1.23859938925352839e+01 1.98325634183760304e-16
5.50000000000141931e+00 1.23859938925352946e+01 1.23463145915300383e-16
6.50000000000170708e+00 1.23859938925352893e+01 -9.23230871584715355e-15
7.50000000000198774e+00 1.23859938925352928e+01 -1.52312280708599877e-14
8.50000000000226130e+00 1.23363438758048289e+01 5.54789530946639017e-15
9.50000000000255085e+00 1.23859938925352857e+01 1.05610497887661300e-16
5.00000000000000111e-01 1.13805034507584093e+01 -1.16882519034380588e-16
1.50000000000028333e+00 1.13859938925349997e+01 1.72057270413111840e-16
2.50000000000056755e+00 1.13859938925350033e+01 1.32475756663191843e-16
3.50000000000085176e+00 1.13807298391617007e+01 1.20731055993894235e-16
4.50000000000113509e+00 1.13859938925349997e+01 1.63506146174918459e-17
5.50000000000141043e+00 1.13859938925350050e+01 1.06060276868902966e-14
6.50000000000169287e+00 1.13859938925349997e+01 2.93201243050297342e-15
7.50000000000198597e+00 1.13859938925349962e+01 1.06511205315135426e-14
8.50000000000226130e+00 1.13363089019197592e+01 1.06877367127589071e-14
5.00000000000000111e-01 1.03804110508041969e+01 9.74056125606923354e-18
1.50000000000028333e+00 1.03859938925347173e+01 8.11001720260666119e-17
2.50000000000056755e+00 1.03859938925347208e+01 4.48098009916715899e-17
3.50000000000084999e+00 1.03806267121337310e+01 2.50421948752668557e-15
4.50000000000113509e+00 1.03859938925347173e+01 -8.28850405700826370e-16
5.50000000000141576e+00 1.03859938925347173e+01 3.57997922507773316e-15
6.50000000000169997e+00 1.03859938925347155e+01 1.92241752543653259e-15
7.50000000000198774e+00 1.03859938925347119e+01 1.07033589133086584e-14
5.00000000000000111e-01 9.38032695845619813e+00 1.14797953101474280e-16
1.50000000000028422e+00 9.38599389253443306e+00 9.28957821659804770e-17
2.50000000000056755e+00 9.38599389253443483e+00 1.28082690954931086e-15
3.50000000000085176e+00 9.38053858532102680e+00 -1.53382884022081097e-16
4.50000000000113332e+00 9.38599389253442951e+00 3.62231324217221498e-15
5.50000000000141753e+00 9.38599389253443483e+00 1.90566932781104685e-15
6.50000000000170175e+00 9.38599389253443128e+00 1.93417709247146802e-15
5.00000000000000111e-01 8.38029633048754441e+00 -1.50535462596052399e-16
1.50000000000028333e+00 8.38599389253414884e+00 -3.40622240755662475e-17
2.50000000000056755e+00 8.38599389253414884e+00 -1.46550366307611023e-16
3.50000000000085176e+00 8.38049146555605340e+00 -2.00666286408669750e-17
4.50000000000113509e+00 8.38599389253414707e+00 -1.61128367712498830e-16
5.50000000000141931e+00 8.38599389253414529e+00 1.04838345685370785e-14
5.00000000000000111e-01 7.38027642149446983e+00 -4.78028622571503389e-17
1.50000000000028333e+00 7.38599389253386640e+00 -1.32888898202585828e-16
2.50000000000056755e+00 7.38599389253386640e+00 -1.49039573873470172e-16
3.50000000000085176e+00 7.38046083777522810e+00 -1.95967998175454925e-16
4.50000000000113509e+00 7.38599389253386462e+00 -2.13361713196119328e-16
5.00000000000000111e-01 6.38025146531919418e+00 1.29416896347563957e-16
1.50000000000028333e+00 6.38599389253358218e+00 8.31447954873621431e-17
2.50000000000056755e+00 6.38599389253358218e+00 -1.47398349930852684e-16
3.50000603762760587e+00 6.38040518156134961e+00 -4.45159288860134205e-06
5.00000000000000111e-01 5.38024589289897825e+00 3.68034624441911421e-17
1.50000000000028333e+00 5.38599389253329797e+00 2.59957541098493580e-17
2.50000000000056755e+00 5.38599389253329797e+00 5.99322012355531639e-17
5.00000000000000111e-01 4.38024405600000488e+00 -8.09300935591632057e-19
1.50000000000028333e+00 4.38599389253301464e+00 5.92843291847687155e-18
5.00000268116608138e-01 3.38024328149076014e+00 -2.68114583361632232e-07
1.73781201152033340e+01 5.00000000000000333e-01 -2.26610536904696620e-17
1.63769869960029126e+01 5.00000000000000333e-01 -6.45460281671847894e-18
1.53764284521964498e+01 5.00000000000000333e-01 2.62781409483421975e-17
1.43741453483607469e+01 5.00000000000000333e-01 3.24638479576113445e-17
1.33739613308063650e+01 5.00000000000000333e-01 -4.46472557490795836e-17
1.23738417192799623e+01 5.00000000000000333e-01 7.55563963420991627e-17
1.13737639713202903e+01 5.00000000000000333e-01 5.09721709271361146e-17
1.03736195833581952e+01 5.00000000000000333e-01 6.89892489246095296e-17
9.36815883427825646e+00 5.00000000000000333e-01 -3.83037233591479893e-19
8.36727009580404868e+00 5.00000000000000333e-01 1.24692203581287756e-17
7.36646326461093714e+00 5.00000000000000333e-01 7.73530672707524895e-17
6.36608777182393304e+00 5.00000000000000333e-01 -2.00105908960663095e-17
5.36584370122391086e+00 5.00000000000000333e-01 -5.61660533298021200e-16
4.36574193585801318e+00 5.00000000000000333e-01 2.66305464550857518e-16
3.36561256390213792e+00 5.00000000000000333e-01 5.13022180465716069e-17
2.36549038753392260e+00 5.00029007496007316e-01 -5.68364012221665637e-05
1.73785649407200253e+01 1.50000000000028377e+00 -6.13802184431129757e-17
1.63769869957840513e+01 1.50000000000028377e+00 -7.75331610854163230e-18
1.53764284522995318e+01 1.50000000000028377e+00 5.51210166667532547e-19
1.43761453484548660e+01 1.50000000000028377e+00 -5.67475587925509905e-16
1.33739613306898608e+01 1.50000000000028377e+00 -5.52229293092122576e-16
1.23738417175124873e+01 1.50000000000028377e+00 9.21774027648962628e-17
1.13737639699946449e+01 1.50000000000024203e+00 8.38021420957970337e-14
1.03736195820325499e+01 1.50000000000028377e+00 5.63000390715475351e-17
9.37181108944317209e+00 1.50000000000028377e+00 -1.41339418606658798e-17
8.37170708963757804e+00 1.50000000000028555e+00 -2.20045335674435199e-17
7.37167646047324521e+00 1.50000000000028377e+00 3.50630909789918229e-17
6.36965655240595829e+00 1.50000000000028377e+00 2.20010327735440014e-17
5.36963159589232752e+00 1.50000000000028377e+00 4.93629278420267608e-17
4.36962348511559995e+00 1.50000000000028377e+00 -5.79522063519439841e-17
3.36961957990215577e+00 1.50000000000028377e+00 7.47170939146570533e-17
1.73785649407229101e+01 2.50000000000056710e+00 -1.00351657471515259e-16
1.63775340649446264e+01 2.50000000000056710e+00 -5.31230933538088084e-17
1.53764284527634238e+01 2.50000000000056710e+00 5.64668004035438598e-18
1.43741453484548050e+01 2.50000000000056888e+00 1.36461377330700038e-15
1.33739613309306495e+01 2.50000000000056710e+00 7.15901408071506652e-17
1.23738417194637051e+01 2.50000000000056710e+00 1.14568076396546648e-16
1.13529046463401997e+01 2.50000000000056533e+00 4.25595854193502936e-17
1.03491195830239366e+01 2.50000000000056710e+00 -3.58701513798750041e-17
9.34637333277157722e+00 2.50000000000056710e+00 7.26308278516710438e-17
8.34287333236297712e+00 2.50000000000057065e+00 -5.48442278508943511e-17
7.33864833190434496e+00 2.50000000000056710e+00 1.00212035917033185e-17
6.33214833141969358e+00 2.50000000000056710e+00 6.24316751081214778e-17
5.31895664071592922e+00 2.50000000000056710e+00 -5.68129981679885636e-17
4.31114333203347400e+00 2.50125445715706407e+00 -2.50443576904356858e-03
1.73859938925366997e+01 3.50000000000085221e+00 -6.38767078360657560e-17
1.63859938925364190e+01 3.50000000000085221e+00 8.13894125026947828e-17
1.53859938925361348e+01 3.50000000000085221e+00 1.13997435468403071e-19
1.43859938925358506e+01 3.50000000000085221e+00 -2.19852277454704984e-16
1.33859938925355699e+01 3.50000000000085310e+00 2.68347497090583171e-15
1.23859938925352839e+01 3.50000000000085132e+00 -4.62480915670255082e-17
1.13859938925349979e+01 3.50000000000084954e+00 -1.40201551503432321e-16
1.03859938925347155e+01 3.50000000000085487e+00 -2.19251157666171135e-16
9.38599389253443128e+00 3.50000000000085221e+00 7.46786858355670941e-17
8.38599389253414707e+00 3.50000000000085576e+00 3.51984897057664547e-17
7.38599389253386374e+00 3.50000000000085221e+00 1.74957261294357932e-17
6.38599389253358218e+00 4.50000000000113598e+00 1.51737425021824987e-15
5.38599389253329619e+00 3.50000000000085132e+00 1.42643952154523065e-16
1.73859938925366997e+01 4.50000000000113509e+00 -4.72544740566598869e-16
1.63859938925364190e+01 4.50000000000113509e+00 -4.95967729035238560e-16
1.53859938925361348e+01 4.50000000000113420e+00 2.48161616208390997e-15
1.43859938925358506e+01 4.50000000000113598e+00 7.00757651694438910e-16
1.33859938925355664e+01 4.50000000000113509e+00 1.90932071303578200e-18
1.23859938925352822e+01 4.50000000000112799e+00 6.71714580003082382e-15
1.13859938925349979e+01 4.50000000000113154e+00 -1.79381289511523061e-16
1.03859938925347119e+01 4.50000000000113687e+00 -3.65439398404126172e-15
9.38599389253442773e+00 4.50000000000113598e+00 -5.28953370336404439e-15
8.38599389253414884e+00 4.50000000000113687e+00 3.63786063164897902e-15
7.38599389253386462e+00 4.50000000000113687e+00 3.15928241005868089e-15
6.38599389253358041e+00 3.50000000000085221e+00 2.17914567684333119e-17
1.73840137224477651e+01 5.50000000000141842e+00 -5.22282501369445001e-16
1.63836382304666799e+01 5.50000000000141842e+00 -4.77061774381456907e-16
1.53833941606137934e+01 5.50000000000141753e+00 2.46666347523862086e-15
1.43831480073255307e+01 5.50000000000141664e+00 -1.36010296304676108e-16
1.33826804491394888e+01 5.50000000000141753e+00 -3.03783190691228754e-15
1.23820024305504965e+01 5.50000000000141487e+00 4.10511203030527555e-15
1.13809947961566227e+01 5.50000000000141664e+00 -4.73793302768348974e-15
1.03801060576317337e+01 5.50000000000141309e+00 -3.67895493206469536e-15
9.37952837763458724e+00 5.50000000000142020e+00 -5.25929367470210684e-15
8.37934439317980129e+00 5.50000000000142197e+00 -1.51931215604006995e-16
7.37931711557224279e+00 5.50000000000142020e+00 3.74774317194205944e-17
1.73859938925367068e+01 6.50000000000170175e+00 -8.95106386031786997e-16
1.63859938925364226e+01 6.50000000000170353e+00 -5.43671409921697824e-16
1.53859938925361384e+01 6.50000000000170175e+00 2.41085969683442025e-15
1.43859938925358470e+01 9.50000000000255085e+00 -4.87060575012753164e-15
1.33859938925355664e+01 6.50000000000169997e+00 -4.21543899922537715e-15
1.23859938925352875e+01 6.50000000000169997e+00 1.92191971462263294e-15
1.13859938925350050e+01 6.50000000000169464e+00 4.08177067160172363e-15
8.38599389253415772e+00 6.50000000000170708e+00 -3.63872998702595718e-15
1.03859938925347244e+01 6.50000000000170353e+00 -3.79802566005785733e-15
9.38599389253444016e+00 6.50000000000170175e+00 -3.59423808782476906e-15
1.73859938925367068e+01 7.50000000000198686e+00 -9.36264389461251341e-16
1.63859938925364226e+01 7.50000000000198597e+00 -5.77996933734475498e-16
1.53859938925361401e+01 7.50000000000198508e+00 2.40607520554868108e-15
1.43859938925358541e+01 6.50000000000169997e+00 -7.05772936036609666e-16
1.33859938925355699e+01 7.50000000000198330e+00 -2.00273326956887756e-15
1.23859938925352893e+01 7.50000000000198686e+00 2.98785085269220445e-16
1.13859938925350122e+01 7.50000000000197709e+00 1.13942191162013982e-14
1.03859938925347315e+01 7.50000000000198330e+00 4.01510116188418470e-15
9.38599389253444727e+00 7.50000000000198508e+00 7.48475525921695993e-15
1.73859938925366997e+01 8.50000000000227018e+00 -5.49269613011270239e-16
1.63859938925364190e+01 8.50000000000227018e+00 8.47574233053617961e-17
1.53859938925361348e+01 8.50000000000227018e+00 5.50214072251158933e-17
1.43859938925358577e+01 7.50000000000198597e+00 1.69840934137813137e-15
1.33859938925355699e+01 8.50000000000226485e+00 6.70456054912964989e-15
1.23859938925352786e+01 8.50000000000226663e+00 -7.48422203227587198e-15
1.13859938925350015e+01 8.50000000000226485e+00 3.45279023394268085e-15
1.03859938925347173e+01 8.50000000000226663e+00 3.42967999901323455e-15
1.73859938925366997e+01 9.50000000000255440e+00 4.47734724860189213e-16
1.63859938925364190e+01 9.50000000000255440e+00 -5.47940200969039841e-16
1.53859938925361330e+01 9.50000000000255440e+00 -9.91525099800226356e-16
1.43859938925358506e+01 8.50000000000226663e+00 -1.75278856061656904e-15
1.33859938925355628e+01 9.50000000000255262e+00 -4.92115334836203613e-15
1.23859938925352768e+01 9.50000000000254730e+00 -1.28869304231229044e-15
1.13859938925349944e+01 9.50000000000254730e+00 -1.24946250698129589e-15
1.73859938925366997e+01 1.05000000000028386e+01 1.20254426655479360e-17
1.63859938925364226e+01 1.05000000000028368e+01 -5.27173701509238793e-16
1.53859938925361366e+01 1.05000000000028386e+01 -5.74189245673273954e-17
1.43839839825741969e+01 1.05000000000028333e+01 -6.64579371883169895e-18
1.33839654976779343e+01 1.05000000000028351e+01 -1.30533964021144873e-15
1.23464555549083350e+01 1.05138404860785712e+01 -2.42114590717682730e-02
1.73859938925367068e+01 1.15000000000031193e+01 6.38939406262756348e-15
1.63859938925364190e+01 1.15000000000031228e+01 -5.31693228065642041e-16
1.53859938925361384e+01 1.15000000000031246e+01 2.49585816683435624e-15
1.43859938925358541e+01 1.15000000000031175e+01 -4.62121693490927423e-17
1.33859938925355699e+01 1.15000000000031211e+01 1.67947494111603816e-15
1.73859938925366997e+01 1.25000000000034017e+01 6.37203771212953605e-15
1.63859938925364190e+01 1.25000000000034053e+01 2.00618065182030647e-15
1.53859938925361330e+01 1.25000000000034088e+01 -3.31110548731408195e-15
1.43859938925358506e+01 1.25000000000034017e+01 1.52543815495073813e-15
1.73677204651824546e+01 1.35000000000036859e+01 6.41624276430394996e-15
1.63663759404032447e+01 1.35000000000036913e+01 -3.73175175529083845e-16
1.53641116864233211e+01 1.35010518632931014e+01 -2.09831069196382905e-03
1.73859938925366997e+01 1.45010236049588581e+01 1.31188462870746037e-16
1.63859938925364190e+01 1.45000000000039702e+01 3.05495081020249145e-15
1.73389603643475887e+01 1.55034718593508902e+01 -4.79278761479109798e-03
1.73859938925366997e+01 1.73859938925367032e+01 -2.78715109755376613e-17
5.00000680602582404e-01 5.00000680604142267e-01 -1.44369391084868495e-07
7.05662985664837206e-01 1.95312498180923066e+00 -7.21483682473525456e-01
1.44247454217575921e+00 1.27669090292077447e+00 -7.21485043670641146e-01
1.45573701973642677e+00 2.64734400967619221e+00 -6.87580174144361456e-01
2.19650877481373108e+00 1.97035030587053628e+00 -6.87204112940564493e-01
2.19532678720990670e+00 3.35191350298982860e+00 -7.23633922714134958e-01
2.95882994562734591e+00 2.70575846685080146e+00 -7.23633922714134958e-01
2.77760619804270270e+00 4.17806329108673058e+00 -7.25473219405036396e-01
3.53895632876678956e+00 3.52759911525361991e+00 -7.23633922714134958e-01
3.59906721414009034e+00 4.80888271024155411e+00 -7.23633922714134958e-01
4.34847183167797624e+00 4.14677039407951309e+00 -7.23633922714134958e-01
4.33370695211767298e+00 5.50044843240331005e+00 -7.33031344423463960e-01
5.11905710593579499e+00 4.83604833610590745e+00 7.79647372521093507e-01
5.05582992676942666e+00 6.26812431041352625e+00 7.23633922714135069e-01
5.80903758946809212e+00 5.59920405269331845e+00 7.23633922714135069e-01
5.73381215219138340e+00 7.02762240540202132e+00 7.51937297163744578e-01
6.51788718054884697e+00 6.34570726762131709e+00 7.83540857203554264e-01
6.51995604869253942e+00 7.71934159880455706e+00 -7.23633922714146727e-01
7.26686143925671857e+00 7.05440055979798775e+00 -7.23633922714146838e-01
7.24748561858111984e+00 8.41094890849538324e+00 -7.23633922714160716e-01
8.00286252567364542e+00 7.73852313387507973e+00 -7.23633922714146727e-01
7.88709757066368589e+00 9.18023299811883220e+00 -7.23633922714132516e-01
8.65650332530735866e+00 8.49541248702669094e+00 -7.23633922714146727e-01
1.58150773516595997e+01 1.71771940397207104e+01 -7.58332474225049236e-01
1.65610361037054936e+01 1.65053486475674980e+01 -7.50808929951179760e-01
1.52053999335258894e+01 1.63732280439618449e+01 -7.50808929951179760e-01
1.59511740972765956e+01 1.57066838267581925e+01 -7.50808929951179760e-01
1.44751212271432550e+01 1.56685957940890077e+01 -7.23633922714147837e-01
1.52207390617803178e+01 1.50021974489221872e+01 -7.23633922714147837e-01
1.37079199249551351e+01 1.49730544970069932e+01 -7.95885189438671703e-01
1.44550978699268278e+01 1.43050837962673043e+01 7.74945420836073540e-01
1.30064117355014304e+01 1.42244624589716491e+01 7.23633922714137734e-01
1.37568742119206355e+01 1.35531167803196073e+01 7.23633922714137734e-01
1.23723739210315422e+01 1.33875670182161617e+01 -7.54729415931697512e-01
1.31363024435095710e+01 1.27159065115884644e+01 -7.82552268823771158e-01
1.15566907361053364e+01 1.27609193548723088e+01 -7.23633922714141176e-01
1.23023762734762450e+01 1.20945976383078069e+01 -7.23633922714141176e-01
1.07246813836882442e+01 1.21124563856668122e+01 7.37093117398991637e-01
1.15304677535760689e+01 1.14127170265344446e+01 -7.80625617046891929e-01
1.00978443100756365e+01 1.13052447657618256e+01 7.23633922714153832e-01
1.08492418943401603e+01 1.06347252715325045e+01 7.23633922714153832e-01
9.40151298641438338e+00 1.05326125549364864e+01 -7.64410908301268122e-01
1.01718500576464663e+01 9.86257404634283574e+00 7.73021135820726513e-01
8.63712750463174750e+00 9.85196083572407844e+00 -7.23633922714132516e-01
9.38403289519594352e+00 9.18701979671752866e+00 -7.23633922714132516e-01
