# n = 303
# s = 17.926520579287331
# x y theta(rad)
5.00000000000000000e-01 1.69729006498463839e+01 4.05636706192875054e-20
1.50000000000066791e+00 1.74265205792873310e+01 -7.18163377697367084e-21
1.72812473150100523e+01 5.00000000000000444e-01 -4.47411273069193982e-17
1.74265205792873310e+01 1.50000000000066924e+00 -4.21754645096861225e-17
5.00000000000000000e-01 1.15000000000073488e+01 -0.00000000000000000e+00
5.00000000000000000e-01 1.05000000000066809e+01 5.55111512312578270e-17
5.00000000000000000e-01 9.50000000000601119e+00 5.55111512312578270e-17
1.50000000000067146e+00 9.50000000000601474e+00 7.94533854325177627e-17
5.00000000000003553e-01 8.50000000000534683e+00 5.26523496870061717e-17
1.50000000000067146e+00 8.50000000000534683e+00 1.07208960133976794e-16
2.50000000000133937e+00 8.50000000000534861e+00 -3.43348792697071031e-17
5.01640304404372017e-01 7.50000000000467892e+00 5.26521280026020075e-17
1.50190048396390097e+00 7.50000000000467892e+00 5.16397871458320473e-17
2.50203084672109455e+00 7.50000000000468070e+00 -5.85507445755139457e-17
3.50338918083606998e+00 7.50134459586398172e+00 2.69148495720311154e-03
5.47530735247338640e-01 6.50000000000401101e+00 1.63668098501330041e-16
1.54855199448302372e+00 6.50000000000401101e+00 -3.93531507294347938e-18
2.54997093789762452e+00 6.50000000000401279e+00 -9.44982050564664516e-17
3.55300155936338768e+00 6.50129432992453715e+00 2.59068648275636530e-03
5.02342289537633491e-01 5.50000000000334310e+00 1.63667609163488929e-16
1.50234359199271950e+00 5.50000000000334310e+00 -5.56108893607970209e-17
2.50234424323654814e+00 5.50000000000334488e+00 -6.62039654745702866e-17
3.50234424323721782e+00 5.50000000000334133e+00 -1.06397323692699710e-16
4.50234424323788573e+00 5.50000632390592514e+00 -1.25881123829840041e-15
5.50234424323855364e+00 5.50000000000334310e+00 1.32889348042950276e-16
5.00000000000000000e-01 4.50000000000267519e+00 1.08163236220467982e-16
1.50000000000066791e+00 4.50000000000267519e+00 -3.78664297080960380e-17
2.50000000000133582e+00 4.50000000000267519e+00 -1.04453951543039176e-16
3.50000000000200551e+00 4.50000000000267342e+00 3.50514254265080884e-17
4.50000000000267342e+00 4.50000000000267519e+00 -1.27329118077517379e-16
5.50000000000334133e+00 4.50000000000267519e+00 8.79007243888327511e-17
6.50000000000400924e+00 4.50000000000267519e+00 -1.52300731254186678e-16
5.00001333011883986e-01 3.50000000000200506e+00 1.08163377668352728e-16
1.50000133302090433e+00 3.50000000000200506e+00 -5.56108893607970209e-17
2.50210474367787583e+00 3.50000000000200595e+00 8.95279943929905286e-17
3.50407259812828187e+00 3.50000000000200506e+00 7.91225591383034928e-17
4.50496133665122400e+00 3.50000000000200506e+00 1.25790928426999373e-16
5.50526976167613391e+00 3.50000000000200506e+00 -7.90991928211853002e-17
6.50546687238544052e+00 3.50000000000200506e+00 9.72904514418369372e-18
7.50547952001970309e+00 3.50000000000200595e+00 -3.83943125219839671e-16
5.00000000000000000e-01 2.50000000000133804e+00 5.26522628330418536e-17
1.50000000000066791e+00 2.50000000000133715e+00 -5.56105717234418005e-17
2.50000000000133582e+00 2.50000000000133715e+00 -4.75634118274752767e-17
3.50000000000200551e+00 2.50000000000133715e+00 3.53178631246460383e-17
4.50000000000267342e+00 2.50000000000133715e+00 1.49455668412076500e-17
5.50000000000334133e+00 2.50000000000133715e+00 8.76190597598003381e-17
6.50000000000400924e+00 2.50000000000133715e+00 -1.33957044265922380e-16
7.50000000000467715e+00 2.50000000000133715e+00 -7.44521430013726432e-17
8.50000000000534683e+00 2.50000000000133715e+00 1.80270145995782318e-16
5.00000000000000000e-01 1.50000000000066924e+00 2.81070347317353443e-18
1.50000000000066791e+00 1.50000000000066924e+00 -1.11015155622023196e-16
2.50000000000133582e+00 1.50000000000066924e+00 -2.37234046005331608e-17
3.50000000000200551e+00 1.50000000000066924e+00 -4.17722297790150922e-18
4.50000000000267342e+00 1.50000000000066924e+00 2.92824403392960853e-17
5.50000000000334133e+00 1.50000000000066924e+00 -1.32814352657718033e-16
6.50000000000400924e+00 1.50000000000066924e+00 -1.21508401097436636e-16
7.50000000000467715e+00 1.50000000000066924e+00 -7.37101284910977690e-17
8.50000000000534683e+00 1.50000000000066924e+00 9.74528429341700276e-17
9.50000000000601474e+00 1.50000000000066924e+00 8.70692199010423251e-17
5.22809591389783890e-01 5.00000000000000444e-01 2.81070678189598465e-18
1.52397638597946994e+00 5.00000000000000444e-01 -5.55040540216021220e-17
2.52506512058899446e+00 5.00000000000000444e-01 -1.63312187395365377e-16
3.52795385963544916e+00 5.00000000000000444e-01 -3.08997619158368764e-18
4.52853153952725229e+00 5.00000000000000444e-01 1.27235982042333280e-16
5.52911415065415923e+00 5.00000000000000444e-01 2.08641106195336448e-16
6.53160437364003243e+00 5.00000000000000444e-01 -6.78008596356991827e-17
7.53285018493081360e+00 5.00000000000000444e-01 5.06737460694885178e-17
8.53407533878903024e+00 5.00000000000000444e-01 -4.77218362483072811e-18
9.53487168888324099e+00 5.00000000000000444e-01 8.11245805232806150e-17
1.05352546891379024e+01 5.00000000000000444e-01 8.14100306265053142e-17
3.42652057927797671e+00 1.74265205792873310e+01 1.66163716070403433e-16
4.42652057927864462e+00 1.74265205792873310e+01 4.29189857294467620e-17
5.42652057927931253e+00 1.74265205792873310e+01 -8.76155139127835097e-16
6.42652057927998044e+00 1.74265205792873310e+01 -8.71520176268638592e-16
7.42652057928064835e+00 1.74061949084951451e+01 -8.43863921298021270e-16
8.42652057928131626e+00 1.74265205792873310e+01 -9.62047181238073447e-16
9.42652057928198595e+00 1.74090646455369331e+01 -9.52560479495209241e-16
1.04265205792826556e+01 1.74265205792873310e+01 4.08055582481688344e-16
1.14265205792833200e+01 1.74265205792873310e+01 4.03393818519896311e-16
1.24265205792839897e+01 1.74265205792873310e+01 -1.16305026924497786e-18
1.34265205792846576e+01 1.74265205792873310e+01 3.05887089263703715e-18
1.44265205792853273e+01 1.74253492714588241e+01 8.31004866014231569e-17
1.54265205792859952e+01 1.74250427715719916e+01 5.80674941909918163e-17
1.64265205792866631e+01 1.74240086913532330e+01 3.23024796361574904e-16
1.74265205792873310e+01 1.74079313999230756e+01 2.74622919207178205e-16
4.42652057927864462e+00 1.64265205792866631e+01 -2.44457008407849705e-16
5.42652057927931253e+00 1.64265205792866631e+01 -2.43372806235364201e-16
6.42652057927998044e+00 1.64265205792866631e+01 9.26956833578281899e-16
7.42652057928065190e+00 1.64045542628901444e+01 -1.61974895413796646e-16
8.42652057928131626e+00 1.64265205792866631e+01 -8.83560466304498671e-16
9.42652057928198772e+00 1.64037021414681305e+01 -2.18001441074470885e-16
1.04265205792826539e+01 1.64265205792866702e+01 -2.67007379270815685e-16
1.14265205792833218e+01 1.64265205792866631e+01 -3.22464353480673739e-16
1.24265205792839897e+01 1.64265205792866631e+01 8.16038398712071011e-17
1.34265205792846576e+01 1.64265205792866631e+01 -3.86466039995908247e-17
1.44265205792853273e+01 1.64240270238460333e+01 -1.46789588965440714e-16
1.54265205792859952e+01 1.64226766939109687e+01 -1.85914095370772465e-16
1.64265205792866631e+01 1.64229370615398942e+01 -2.04458131560372111e-16
1.74265205792873310e+01 1.64072346962430338e+01 2.75799457069901166e-17
5.42652057927931430e+00 1.54265205792859952e+01 -2.12747100511242654e-15
7.42652057928064835e+00 1.54042185404156040e+01 9.84772390967421138e-17
1.14265205792833200e+01 1.04265205792826539e+01 -1.63879646737261708e-17
8.42652057928131981e+00 1.54265205792859952e+01 7.57234742307175785e-17
9.42652057928198772e+00 1.53979232749413288e+01 1.07544628372189587e-16
1.04265205792826521e+01 1.04265205792826521e+01 -1.76339175356957363e-16
1.14265205792833218e+01 1.54265205792859952e+01 1.34502144682320709e-16
1.24265205792839897e+01 1.54265205792859970e+01 1.06532443749250909e-16
1.34265205792846576e+01 1.54265205792859970e+01 1.26646164021404338e-16
1.44265205792853273e+01 1.54206782914746281e+01 1.10782230479569242e-16
1.54265205792859952e+01 1.54225780012431439e+01 4.49445245469235277e-18
1.64265205792866631e+01 1.44217398981172078e+01 4.14804354608666971e-17
1.74265205792873310e+01 1.54064383460710754e+01 3.93721626180385312e-17
6.42652057927998044e+00 1.44265205792853255e+01 1.26997338968704684e-15
7.42652057928064835e+00 1.44038430472028569e+01 1.30347788603025315e-15
8.42652057928131626e+00 1.44265205792853255e+01 1.26945993533708415e-15
9.42652057928198417e+00 1.43961223777631009e+01 3.54237274103599713e-17
1.04265205792826592e+01 1.54265205792859952e+01 -4.32094569472022902e-15
1.14265205792833218e+01 1.44265205792853255e+01 -4.22635120766630994e-16
1.24265205792839897e+01 1.44265205792853290e+01 -9.58156662809547424e-17
1.34265205792846611e+01 1.44265205792853290e+01 -4.05177267058546444e-17
1.44265205792853273e+01 1.34180989513921975e+01 2.35383236306186125e-17
1.54265205792859952e+01 1.44225370062841893e+01 2.02894925722729443e-17
1.64265205792866631e+01 1.34210951506049643e+01 7.45826124513253534e-17
1.74265205792873310e+01 1.44060553454693316e+01 5.54561999688047043e-17
6.42652057927997866e+00 1.34265205792846576e+01 -3.11118922016878716e-16
7.42652057928064657e+00 1.34034643486726939e+01 -2.90451146050306377e-16
9.42652057928198417e+00 1.33947300359242512e+01 4.64562457751980860e-18
1.04265205792826539e+01 1.44265205792853255e+01 -4.06444851486647847e-15
1.14265205792833218e+01 1.34265205792846576e+01 1.12676815656209872e-17
8.42652057928131626e+00 1.34265205792846576e+01 -4.31160671262416046e-16
1.24265205792839897e+01 1.34265205792846611e+01 6.77087186778335289e-17
1.34265205792846576e+01 1.34265205792846611e+01 -1.86212258853078985e-17
1.44265205792853308e+01 1.44188932286920739e+01 -6.79633662840602620e-18
1.54265205792859952e+01 1.34225200385222525e+01 -2.34262366773710706e-17
1.64265205792866631e+01 1.24207164530448715e+01 -3.92952789691099913e-17
1.74265205792873310e+01 1.34057188873471009e+01 -5.58781183294884020e-21
7.42652057928064657e+00 1.24030835663808112e+01 6.24901347182022506e-17
8.42652057928131626e+00 1.24265205792839932e+01 -1.68418026724101148e-15
9.42652057928198417e+00 1.23914842246356525e+01 3.70330553578993833e-16
1.04265205792826539e+01 1.34265205792846576e+01 1.12488178280739890e-17
1.14265205792833218e+01 1.24265205792839897e+01 1.13907557216907361e-16
1.24265205792839897e+01 1.24265205792839932e+01 7.07276967134396971e-17
1.34265205792846576e+01 1.24265205792839932e+01 -1.65667113798541880e-17
1.44265205792853273e+01 1.24172102131591533e+01 5.98286509859998826e-17
1.54265205792859952e+01 1.24225191497618095e+01 4.64724626511071881e-17
1.64265205792866631e+01 1.14203978081195778e+01 4.87573340263256633e-19
1.74265205792873310e+01 1.24055473089520270e+01 -3.69483228367054032e-17
7.42652057928065013e+00 1.14030110745013733e+01 3.75350768898519765e-16
8.42652057928131626e+00 1.14265205792833218e+01 2.81367874486172750e-16
9.42652057928198595e+00 1.13910486803037543e+01 -1.59920624913831470e-16
1.04265205792826539e+01 1.24265205792839897e+01 3.12346724976444845e-16
1.14265205792833218e+01 1.14265205792833218e+01 2.80088562318540736e-17
1.24265205792839897e+01 1.14265205792833218e+01 2.40644939872830691e-17
1.34265205792846576e+01 1.14265205792833218e+01 1.28322557384087555e-17
1.44265205792852882e+01 1.14163183948435805e+01 7.93335057105234025e-14
1.54265205792859952e+01 1.14225182609720068e+01 -1.84547303383030686e-18
1.64265205792866631e+01 1.54220483231421159e+01 8.13610085946829716e-17
1.74265205792873310e+01 1.14051665282777321e+01 -1.12547717028709095e-17
9.42652057928198595e+00 1.03902590705411733e+01 -2.57014138256123428e-16
1.04265205792826521e+01 1.14265205792833200e+01 8.01122705436119578e-17
1.24265205792839879e+01 1.04265205792826539e+01 1.48808850128237580e-16
1.34265205792846576e+01 1.04265205792826539e+01 9.87456438823705371e-17
1.44265205792853273e+01 1.04158629029402157e+01 -3.45570572548447210e-16
8.42652057928131804e+00 1.04265205792826539e+01 -8.29354347369381558e-16
1.54265205792859952e+01 1.04225182609713389e+01 -7.72626496512133483e-17
6.42652057927998044e+00 1.54265205792859952e+01 9.45694651050827946e-16
1.64265205792866631e+01 1.04186049271353767e+01 8.26419722647381480e-17
1.74265205792873310e+01 1.04050940364809108e+01 2.52334458347694434e-17
8.42652057928131804e+00 9.42652057928198417e+00 1.98267642026468094e-15
9.42652057928198595e+00 9.38946272032609741e+00 7.82038601102090906e-15
1.04265205792826574e+01 9.42652057928198772e+00 -5.19721693358716297e-15
1.14265205792833306e+01 9.42652057928198595e+00 2.65078662642720088e-15
1.24265205792839986e+01 9.42652057928198595e+00 3.36337492340029576e-16
1.34265205792846558e+01 9.42652057928198595e+00 2.03127963232297785e-16
1.44265205792853255e+01 9.41547667472963568e+00 2.39055183999730350e-16
1.54265205792859934e+01 9.42251826095821166e+00 -2.08224021235376023e-16
1.64265205792866631e+01 9.41666706266795828e+00 -1.09268475621876976e-16
1.74265205792873310e+01 9.40500316252020774e+00 -4.46331068247018640e-17
8.42652057928131981e+00 8.42652057928131626e+00 1.94940332980107598e-15
9.42652057928198772e+00 8.38673797359752804e+00 -3.26790258531324053e-15
1.04265205792826539e+01 8.42652057928132159e+00 1.86907137633834036e-16
1.14265205792833218e+01 8.42652057928131626e+00 1.95519238875960585e-16
1.24265205792839897e+01 8.42652057928131804e+00 3.31195873685185306e-16
1.34265205792846558e+01 8.42652057928131804e+00 5.15687176589721982e-16
1.44265205792853255e+01 8.41509797740639165e+00 2.33290664396929415e-16
1.54265205792859952e+01 8.42251826095754375e+00 1.86311528475274047e-17
1.64265205792866524e+01 8.41653243502933535e+00 -8.22391500584392955e-18
1.74265205792873310e+01 8.40498784815449973e+00 5.54811345011895028e-17
1.14265205792833200e+01 7.42652057928064657e+00 2.08617016912403042e-15
1.24265205792839897e+01 7.42652057928065013e+00 -1.20900667052115869e-16
1.34265205792846576e+01 7.42652057928065013e+00 1.19926090500418128e-17
1.44265205792853273e+01 7.41471719674259511e+00 6.49550359991320566e-17
1.54265205792860041e+01 7.42251826095686695e+00 1.91043624652259343e-14
1.64265205792866738e+01 7.41644156149249945e+00 1.90941165084279795e-14
1.74265205792873310e+01 7.40496118560279193e+00 -5.24482800939862770e-18
1.34265205792846576e+01 6.42652057927998221e+00 -4.30806632785940590e-17
1.44265205792853273e+01 6.41264470483480231e+00 -4.64120942508033330e-18
1.54265205792859952e+01 6.42251826095204237e+00 6.63836661430943949e-17
1.64265205792866631e+01 6.41642624760268809e+00 5.46403378495189987e-17
1.74265205792873310e+01 6.40496029683774637e+00 -1.72523670696755893e-17
1.54265205792859952e+01 5.42251826095137268e+00 -9.10285083476666347e-18
1.64265205792866631e+01 5.41639958422592827e+00 -5.84704605392553136e-17
1.74265205792873310e+01 5.40495940808150621e+00 -4.54649169603481978e-17
1.64265205792866631e+01 4.41639780671387250e+00 -1.00681633475518799e-16
1.74265205792873310e+01 4.40495940786929197e+00 -1.08376734224904909e-16
1.74265201347002296e+01 3.40495940786006424e+00 1.71190999659557877e-11
7.42651413587438114e+00 1.04029513072640984e+01 1.28868954734005223e-05
7.30221378982545843e+00 9.18971262066549066e+00 2.96611270253283710e-01
9.42652057928198062e+00 7.38598378449438542e+00 -3.20662606484520707e-15
1.04265205792826503e+01 7.42652057928064835e+00 -3.24399342846730741e-15
6.42652057927997866e+00 1.24265205792839897e+01 -3.18276667325056216e-16
7.33421742330704873e+00 8.15383159443912398e+00 2.96611270253284487e-01
1.24265205792839897e+01 6.42652057927998044e+00 5.18011704095808813e-17
7.05735737647044559e+00 6.78035117335195814e+00 -2.71028445314886957e-01
8.29429183901236655e+00 7.24697433415274439e+00 -3.21033889411705686e-01
6.91047888907721841e-01 1.57805372507130866e+01 5.71869756063670742e-01
1.61640076075910599e+00 1.61905102456810006e+01 5.71869756063670742e-01
5.00000000000000000e-01 1.45894893618046932e+01 -0.00000000000000000e+00
1.59491234005019678e+00 1.50063421413907836e+01 4.48562509449432767e-01
2.48081974258797189e+00 1.54715203259638461e+01 4.48562509449432767e-01
5.00000000000000000e-01 1.35016721251421838e+01 -1.65436122510605535e-24
1.62368409004046299e+00 1.38101846082465869e+01 3.99719297824045694e-01
2.49992713838675229e+00 1.43056904760662214e+01 3.99719297824045638e-01
3.38845058673755162e+00 1.47721277200022527e+01 3.99719297824045694e-01
4.27135555356044350e+00 1.52518643292905178e+01 3.99719297824045749e-01
5.00000000000000000e-01 1.25016721251415142e+01 7.37576272698220952e-21
1.62639673963471409e+00 1.27151561694328414e+01 3.02943554691970041e-01
2.58261560890277941e+00 1.30078678632143365e+01 3.02943554691970041e-01
3.45554958219212516e+00 1.35896832934266367e+01 3.34648313992887914e-01
4.35106233168552592e+00 1.40590732541519738e+01 3.34648313992887914e-01
1.61962801146161084e+00 1.16616827362779798e+01 2.84022984468565276e-01
2.57591177441558372e+00 1.19544133735016658e+01 2.84022984468565332e-01
3.53231999203155667e+00 1.22467176720660813e+01 2.84022984468565276e-01
4.40257646872575847e+00 1.28341480601481965e+01 2.84022984468565276e-01
5.30644277793019192e+00 1.33064427779355388e+01 2.84022984468565332e-01
1.62007780134978319e+00 1.06200778013558015e+01 2.84022984468565332e-01
2.58001369113385515e+00 1.09002975142701537e+01 2.84022984468564221e-01
3.53629745408782625e+00 1.11930281514938397e+01 2.84022984468564221e-01
4.49270567170379920e+00 1.14853324500582570e+01 2.84022984468564221e-01
5.36296214839800278e+00 1.20727628381403687e+01 2.84022984468564277e-01
2.56899912539358510e+00 9.83511980211214798e+00 2.84022984468564166e-01
3.52349432066671753e+00 1.01339774540639898e+01 2.84022984468564166e-01
4.47977808362069041e+00 1.04267080912876740e+01 2.84022984468564221e-01
5.43618630123665980e+00 1.07190123898520913e+01 2.84022984468564221e-01
3.50221532445285888e+00 9.06937122167675724e+00 3.03436361715628211e-01
4.45653066067436043e+00 9.36817255877848787e+00 3.03436361715628156e-01
5.43070891010318846e+00 9.66513692052776285e+00 2.96611270253284542e-01
4.42993409946084071e+00 8.31197336570558498e+00 3.03436361715628156e-01
5.38906101701611817e+00 8.60674670886543325e+00 2.96611270253284598e-01
5.42106444945664379e+00 7.57086634043755957e+00 2.96611270253284598e-01
5.42652057927931253e+00 1.44265205792853255e+01 1.22469154604886976e-15
2.50529716950989112e+00 1.66571269892577831e+01 5.71869756063670742e-01
3.36047350563953628e+00 1.59496921849221192e+01 4.48562509449432767e-01
6.30644277793086516e+00 1.13064427779342047e+01 2.84022984468564166e-01
6.38704135013491126e+00 9.95741805940659752e+00 2.96611270253284542e-01
6.34539345704784097e+00 8.89902784774426436e+00 2.96611270253284487e-01
6.37739688948836481e+00 7.86314747931639246e+00 2.96611270253284487e-01
4.58455111198897036e+00 6.53213262171173170e+00 6.64169502041379589e-02
5.74532209859000531e+00 6.62430678945920270e+00 2.96611270253284542e-01
1.57573531152082715e+01 5.00000000000000444e-01 -1.27529280538607459e-17
1.62554067351508635e+01 1.56036165002575311e+00 -4.64962555260230559e-01
1.45383088301711894e+01 5.00000000000000444e-01 -2.35813972515597214e-18
1.49923308599269447e+01 1.58364421185714432e+00 -4.68477974964594812e-01
1.54786758913365112e+01 2.45966697044035465e+00 -4.66003418058516472e-01
1.35382121122738059e+01 5.00000000000003997e-01 7.97907418593715072e-15
1.37123843802919865e+01 1.66963847094946827e+00 -4.58403124569281728e-01
1.43216458918367948e+01 2.48411659296235010e+00 -4.58403124569281728e-01
1.48076276237171989e+01 3.35943559463982622e+00 -4.58417140121553268e-01
1.52568832231768639e+01 4.25288090484157522e+00 -4.58398216051086438e-01
1.25380319802283093e+01 5.00000000000000444e-01 -2.88668828424265556e-17
1.25414621224290457e+01 1.50000000000067368e+00 7.97076904112421211e-15
1.30366709570563124e+01 2.56010765789650430e+00 -4.59045705199810916e-01
1.36458796183198316e+01 3.37447885198214914e+00 -4.59045705199810916e-01
1.41307554326813225e+01 4.25331728922768093e+00 -4.58949590026908050e-01
1.15375911472486070e+01 5.00029160976782183e-01 5.83236543216844578e-05
1.15414251418715068e+01 1.50003704321089293e+00 7.36376118329944379e-05
1.18793726992066944e+01 2.65486022649541686e+00 -3.98575070746180982e-01
1.23695998863422698e+01 3.53347024693192546e+00 -3.98575070746180982e-01
1.29845905757884594e+01 4.35954053653458118e+00 -3.98575070746180982e-01
1.34265205792846576e+01 5.42652057927931430e+00 1.54087204675187918e-16
1.05000000000066827e+01 1.50000000000066924e+00 1.11748877646657226e-16
1.07799729193590021e+01 2.64434439076515337e+00 -4.17030458224762202e-01
1.11775001691267448e+01 3.56197162117857902e+00 -4.17030458224762257e-01
1.16669680628022299e+01 4.43886772087658876e+00 -4.17030458224762257e-01
1.22668490903907159e+01 5.26684909038603877e+00 -4.17030458224761869e-01
9.65967148889928673e+00 2.65967148889461091e+00 -4.17030458224758649e-01
1.00850802450790837e+01 3.56494677968760287e+00 -4.17030458224758649e-01
1.04901274485202940e+01 4.47924255403296989e+00 -4.17030458224758649e-01
1.09795953421957808e+01 5.35613865373097653e+00 -4.17030458224758593e-01
8.96570633674180328e+00 3.56206160722032061e+00 -4.17030458224758649e-01
9.39111509292160029e+00 4.46733689801331302e+00 -4.17030458224758593e-01
9.79616229636280877e+00 5.38163267235868048e+00 -4.17030458224758593e-01
8.25822167762450832e+00 4.43367259425163951e+00 -4.39587319552227018e-01
8.68795157930873962e+00 5.34896394739766734e+00 -4.17030458224758538e-01
7.55630154939039578e+00 5.29091500016088112e+00 -4.39587319552227018e-01
1.44265205792853273e+01 5.41251007734094713e+00 -7.42911261183677748e-17
1.66173784874732462e+01 2.49813416636763508e+00 -4.66003418058516472e-01
1.59279953435852502e+01 3.35303813061535516e+00 -4.66003418058516472e-01
1.14265205792833218e+01 6.42652057927997866e+00 2.08435424776372060e-16
1.02668490903893819e+01 6.26684909038670668e+00 -4.17030458224758482e-01
9.09299878274994811e+00 6.26325972174303303e+00 -4.17030458224758593e-01
7.99150091205216206e+00 6.24574361851409599e+00 -4.17030458224756095e-01
6.66759095251339495e+00 5.75096452835946259e+00 -4.39587319552227018e-01
