# n = 304
# s = 17.934650018395903
# x y theta(rad)
5.10664110323336473e-01 1.71272149914675751e+01 -4.34559773845880938e-03
1.51200135576881323e+00 1.74324814931951444e+01 -4.34559773845878509e-03
1.71424677474300928e+01 5.00000000000018652e-01 0.00000000000000000e+00
1.74346500183959030e+01 1.50000000000029221e+00 -1.81753552562921120e-27
5.00000000000021316e-01 1.15000000000030198e+01 0.00000000000000000e+00
5.00000000000021316e-01 1.05000000000027462e+01 -2.47707502923176043e-18
5.00000000000021316e-01 9.50000000000247269e+00 -4.74589986869760967e-17
1.50000000000029488e+00 9.50000000000247269e+00 -4.32729512961093855e-17
5.00000000000021316e-01 8.50000000000219913e+00 -6.53784461016298311e-17
1.50000000000029488e+00 8.50000000000219913e+00 -6.42182378472272328e-16
2.50000000000056843e+00 8.50000000000220268e+00 1.59598549117816943e-15
5.00000000000024869e-01 7.50000000000192912e+00 3.28520840860913161e-15
1.50000000000029843e+00 7.50000000000193001e+00 -7.11713524294443633e-18
2.50000000000057199e+00 7.50000000000193090e+00 1.64381604710893747e-15
3.50000000000084377e+00 7.50000000000193268e+00 1.59600270938529060e-15
5.00000000000028422e-01 6.50000000000165468e+00 3.23504624399802543e-15
1.50000000000030198e+00 6.50000000000165468e+00 1.93913264348703729e-15
2.50000000000057554e+00 6.50000000000165823e+00 1.56790079241273498e-15
3.50000000000084732e+00 6.50000000000165823e+00 1.56203962539757929e-15
4.50000000000111910e+00 6.50000000000165645e+00 -8.24830919209597134e-16
5.00000000000024869e-01 5.50000000000138112e+00 3.11052742682389468e-15
1.50000000000029843e+00 5.50000000000138467e+00 3.11052085834865198e-15
2.50000000000057199e+00 5.50000000000138467e+00 1.99326467588965476e-15
3.50000000000084199e+00 5.50000000000138467e+00 -2.65138042366916959e-17
4.50000000000111555e+00 5.50000000000138822e+00 -8.66038329761826003e-16
5.08780725082523588e-01 4.50000000000111111e+00 1.58554113246629860e-17
1.51478072528764685e+00 4.50000000000110933e+00 3.05878041566949787e-15
2.52078072553210930e+00 4.50000000000111111e+00 1.39253435430938361e-16
3.52678072573601398e+00 4.50000000000111910e+00 -9.19241153334783371e-16
4.53199568540397024e+00 4.50000000000111555e+00 -4.73616775703010535e-17
5.53324163734352581e+00 4.50000000000111200e+00 1.34106518996699682e-15
5.00000000000021316e-01 3.50000000000083755e+00 2.91526629953685544e-15
1.50000000000029488e+00 3.50000000000083933e+00 9.41111520954075737e-16
2.50000000000058265e+00 3.50000000000082601e+00 -2.44659809138994703e-14
3.50000000000084199e+00 3.50000000000083844e+00 -2.45618776857337955e-16
4.50000000000111555e+00 3.50000000000084555e+00 -3.20865957780392290e-16
5.50000000000138733e+00 3.50000000000083933e+00 1.32766006226018190e-15
6.50000000000165912e+00 3.50000000000083578e+00 1.37565482380678960e-15
5.00000000000021316e-01 2.50000000000056399e+00 -4.95312495434116566e-17
1.50000000000029488e+00 2.50000000000056488e+00 -4.95244641386901574e-17
2.50000000000056133e+00 2.50000000000055600e+00 -1.85902558562090445e-14
3.50000000000084199e+00 2.50000000000056488e+00 2.77286014827678209e-16
4.50000000000111555e+00 2.50000000000057376e+00 2.66622577261170301e-16
5.50000000000138556e+00 2.50000000000056666e+00 2.08640242739390619e-15
6.50000000000165912e+00 2.50000000000056666e+00 1.36026179253848992e-15
7.50000000000192912e+00 2.50000000000056488e+00 6.20263747542451821e-18
5.00000000000021316e-01 1.50000000000029221e+00 -2.37136872148428276e-17
1.50000000000029488e+00 1.50000000000029221e+00 1.55431223574037534e-15
2.50000000000056843e+00 1.50000000000029221e+00 8.86714773004101933e-16
3.50000000000081002e+00 1.50000000000028333e+00 1.95580873552402195e-14
4.50000000000112266e+00 1.50000000000029665e+00 7.86933725707332909e-15
5.50000000000138556e+00 1.50000000000029310e+00 -2.65911695525274183e-16
6.50000000000165912e+00 1.50000000000029399e+00 2.61775362641398478e-15
7.50000000000193090e+00 1.50000000000029221e+00 3.21705988746341014e-15
8.50000000000220624e+00 1.50000000000029221e+00 2.73824808491350162e-17
1.04346500183939952e+01 1.74346500183959030e+01 -5.54840835442644060e-17
5.00000000000021316e-01 5.00000000000018652e-01 -2.22044604925031308e-15
1.50000000000029488e+00 5.00000000000018652e-01 0.00000000000000000e+00
2.50000000000056843e+00 5.00000000000018652e-01 0.00000000000000000e+00
3.50000000000085087e+00 5.00000000000009770e-01 1.95435957121863145e-14
4.50000000000111200e+00 5.00000000000018652e-01 -3.07861433421058586e-16
5.50000000000138201e+00 5.00000000000022204e-01 -7.03349543845574841e-15
6.50000000000165912e+00 5.00000000000018652e-01 3.67766740966307922e-17
7.50000000000193090e+00 5.00000000000018652e-01 3.68216695591136962e-17
8.50000000000220268e+00 5.00000000000018652e-01 -8.83357224868107907e-20
9.50000000000247802e+00 5.00000000000018652e-01 4.05580128655573302e-17
1.05000000000027498e+01 5.00000000000018652e-01 -7.72040510809364707e-19
1.15000000000030234e+01 5.00000000000018652e-01 -4.52066174014215911e-19
3.43465001839208384e+00 1.74346500183959030e+01 5.95325464914626495e-16
4.43465001839235562e+00 1.74346500183959030e+01 5.80249877471172197e-16
5.43465001839262740e+00 1.74346500183959030e+01 6.22054332864564504e-16
6.43465001839290096e+00 1.74346500183959030e+01 -1.10964038927198034e-15
7.43465001839317452e+00 1.74346500183959030e+01 -7.49525394247386676e-18
8.43465001839344808e+00 1.74346500183959030e+01 4.05769686720829405e-17
9.43465001839371986e+00 1.74346500183959030e+01 7.85933698175433217e-17
9.50000000000247802e+00 1.50000000000029221e+00 -1.01563023115060516e-18
1.14346500183942688e+01 1.74346500183959030e+01 -2.18639087040309161e-20
1.24346500183945388e+01 1.74333135790989893e+01 1.73998182911300400e-15
1.34346500183948123e+01 1.74346500183959030e+01 9.76590692306786500e-20
1.44346500183950841e+01 1.74346500183959030e+01 0.00000000000000000e+00
1.54346500183953594e+01 1.74334394616060990e+01 1.48992560860694198e-15
1.64346500183956294e+01 1.74346500183959030e+01 -7.58233622414779588e-17
1.74346500183959030e+01 1.74346500183959030e+01 -4.11861295974333261e-17
4.43465001839235740e+00 1.64346500183956259e+01 6.85932451948303458e-16
5.43465001839262918e+00 1.64346500183956294e+01 6.33139963777610995e-16
6.43465001839290274e+00 1.64346500183956294e+01 2.73486055989786493e-16
7.43465001839317452e+00 1.64346500183956294e+01 2.84579906506107044e-17
8.43465001839344986e+00 1.64346500183956294e+01 -1.46415221288287279e-15
9.43465001839372341e+00 1.64346500183956294e+01 -1.46642574898210479e-15
1.04346500183939952e+01 1.64346500183956294e+01 9.34426747492358180e-17
1.14346500183942670e+01 1.64346500183956294e+01 -6.92065475014899461e-16
1.24346500183945388e+01 1.64333135790987122e+01 1.42591342965123405e-15
1.34346500183948123e+01 1.64346500183956259e+01 2.59636782041189625e-17
1.54346500183953594e+01 1.64334394616058219e+01 1.44039041357877996e-15
1.44346500183950859e+01 1.64346500183956259e+01 0.00000000000000000e+00
1.64346500183956294e+01 1.64346500183956294e+01 -9.58299208631028097e-17
1.74346500183959030e+01 1.64346500183956294e+01 -2.99569665787330826e-17
5.43465001839262918e+00 1.54346500183953523e+01 6.58523588091224471e-16
6.43465001839290274e+00 1.54346500183953523e+01 6.85070431819593495e-16
7.43465001839317452e+00 1.54346500183953523e+01 2.39403083214823688e-17
8.43465001839344808e+00 1.54346500183953523e+01 -1.87563787659729289e-16
9.43465001839371986e+00 1.54346500183953523e+01 -3.43531310306026010e-16
1.04346500183939952e+01 1.54346500183953559e+01 -8.23376885010037613e-16
1.14346500183942670e+01 1.54346500183953523e+01 -7.24151062713419168e-16
1.24346500183945388e+01 1.54333135790984421e+01 6.81663124594572379e-17
1.34346500183948123e+01 1.54346500183953523e+01 -1.93721657196286597e-17
1.44346500183950859e+01 1.54346500183953523e+01 -8.60205802305837069e-16
1.54346500183953594e+01 1.54334394616055519e+01 1.24631227057704615e-17
1.64346500183956294e+01 1.54346500183953523e+01 1.59296973565405284e-15
1.74346500183959030e+01 1.54346500183953523e+01 5.55111413050904764e-17
6.43465001839290274e+00 1.44346500183950823e+01 5.17090311871262308e-16
7.43465001839317452e+00 1.44346500183950823e+01 6.61580048320254794e-16
8.43465001839344986e+00 1.44346500183950823e+01 1.27004368697178441e-15
9.43465001839371986e+00 1.44346500183950788e+01 -3.84560618754050967e-16
1.04346500183939952e+01 1.44346500183950823e+01 1.62043924993168316e-16
1.14346500183942670e+01 1.44346500183950823e+01 -6.90935841175115703e-16
1.24346500183945405e+01 1.44333135790981686e+01 -1.62661996918964066e-15
1.34346500183948123e+01 1.44346500183950788e+01 2.59637432638128443e-17
1.44346500183950859e+01 1.44346500183950788e+01 1.23679355021338478e-16
1.54346500183953594e+01 1.44334394616052784e+01 4.21973672344866323e-17
1.64346500183956294e+01 1.44346500183950823e+01 2.29731074636030318e-17
1.74346500183959030e+01 1.44346500183950823e+01 -4.79133858132901579e-17
6.43465001839290274e+00 1.34346500183948123e+01 -2.90499065637780294e-15
7.43465001839317452e+00 1.34346500183948088e+01 -1.41100424503300779e-15
8.43465001839344808e+00 1.34346500183948088e+01 -1.43824353172048397e-15
9.43465001839371986e+00 1.34346500183948088e+01 -1.18250117991582102e-15
1.04346500183939952e+01 1.34346500183948088e+01 -1.86601323068077664e-15
1.14346500183942670e+01 1.34346500183948088e+01 -6.90935837872855602e-16
1.24346500183945388e+01 1.34333135790978950e+01 4.42999971542706154e-17
1.34346500183948123e+01 1.34346500183948088e+01 3.33096945469214848e-17
1.44346500183950859e+01 1.34346500183948052e+01 3.33096945501526591e-17
1.54346500183953594e+01 1.34334394616050048e+01 -3.71176565865772946e-17
1.64346500183956294e+01 1.34346500183948088e+01 1.62860805404099817e-17
1.74346500183959030e+01 1.34346500183948088e+01 -5.02737544056872226e-17
7.43465001839317452e+00 1.24346500183945352e+01 -3.92646670044369076e-16
8.43465001839344986e+00 1.24346500183945317e+01 1.53021685256543051e-15
9.43465001839372164e+00 1.24346500183945352e+01 -1.12665915504367470e-15
1.04346500183939952e+01 1.24346500183945388e+01 -2.03635501927477801e-16
1.14346500183942670e+01 1.24346500183945352e+01 -7.21692006649801345e-16
1.24346500183945388e+01 1.24333135790976215e+01 -2.80996174694923358e-16
1.34346500183948123e+01 1.24346500183945352e+01 3.52655044013290216e-17
1.44346500183950859e+01 1.24346500183945352e+01 1.26999767216340937e-16
1.54346500183953594e+01 1.24334394616047312e+01 -1.23724527989591473e-17
1.64346500183956294e+01 1.24346500183945352e+01 -9.93059816943686653e-18
1.74346500183959030e+01 1.24346500183945352e+01 6.07429187437931872e-17
7.43465001839317452e+00 1.14346500183942617e+01 -4.31137912960711455e-16
8.43465001839345341e+00 1.14346500183942581e+01 1.49657814935001558e-15
9.43465001839372519e+00 1.14346500183942617e+01 7.81545829665957057e-17
1.04346500183939952e+01 1.14346500183942617e+01 -3.65905995231791389e-16
1.14346500183942670e+01 1.14346500183942617e+01 -7.61777357249371404e-16
1.24346500183945388e+01 1.14333135790973479e+01 -5.41267777751556130e-17
1.34346500183948123e+01 1.14346500183942617e+01 9.04226058061889473e-17
1.44346500183950859e+01 1.14346500183942617e+01 9.04226057609525076e-17
1.54346500183953594e+01 1.14334394616044612e+01 -1.49383284838382392e-17
1.64346500183956294e+01 1.14346500183942617e+01 -3.25554858149271424e-17
1.74346500183959030e+01 1.14346500183942617e+01 1.55462506012081630e-17
7.43465001839318163e+00 1.04346500183939881e+01 2.09592257649068982e-15
8.43465001839345696e+00 1.04346500183939916e+01 -3.20246462331773709e-16
9.43465001839371986e+00 1.04346500183939916e+01 -3.22596513031870131e-16
1.04346500183939952e+01 1.04346500183939916e+01 -5.38128012681904119e-17
1.14346500183942670e+01 1.04346500183939881e+01 5.55111512829566153e-17
1.24346500183945388e+01 1.04333135790970779e+01 -1.72662261223579270e-15
1.34346500183948123e+01 1.04346500183939916e+01 9.03876510275835317e-17
1.44346500183950859e+01 1.04346500183939881e+01 5.54841023347544635e-17
1.54346500183953594e+01 1.04334394616041877e+01 -1.41793823642008674e-16
1.64346500183956294e+01 1.04346500183939916e+01 1.75318367701626295e-17
1.74346500183959030e+01 1.04346500183939916e+01 4.66167448702226688e-17
7.43465001839317452e+00 9.43465001839371453e+00 1.31949902354151178e-16
8.43465001839344808e+00 9.43465001839371809e+00 2.94128627523987445e-16
9.43465001839371986e+00 9.43465001839371809e+00 3.67657872338256034e-16
1.04346500183939952e+01 9.43465001839371453e+00 -1.35367214849869532e-15
1.14346500183942688e+01 9.43465001839371453e+00 5.55111512312578270e-17
1.24346500183945405e+01 9.43331357909680435e+00 -1.74507929861697348e-15
1.34346500183948123e+01 9.43465001839371809e+00 9.03876510954381913e-17
1.44346500183950859e+01 9.43465001839371809e+00 3.33026446351694681e-17
1.54346500183953594e+01 9.43343946160391411e+00 2.28429762374630369e-16
1.64346500183956294e+01 9.43465001839371809e+00 -6.63065807673399032e-19
1.74346500183959030e+01 9.43465001839371809e+00 1.30269907322081161e-16
8.43465001839344808e+00 8.43465001839344097e+00 2.82200985898853705e-16
9.43465001839371986e+00 8.43465001839344453e+00 -1.35355396928535922e-15
1.04346500183939952e+01 8.43465001839344453e+00 3.61331836425789134e-16
1.14346500183942670e+01 8.43465001839344453e+00 4.72870384376550664e-16
1.24346500183945388e+01 8.43331357909653079e+00 4.40729000793351641e-17
1.34346500183948123e+01 8.43465001839344453e+00 6.32393976053897739e-17
1.44346500183950859e+01 8.43465001839344453e+00 -2.05831967579254957e-19
1.54346500183953594e+01 8.43343946160364055e+00 -5.64323830247044974e-17
1.64346500183956294e+01 8.43465001839344453e+00 3.11610789600668556e-17
1.74346500183959030e+01 8.43465001839344453e+00 1.29978215940801945e-16
9.43465001839371986e+00 7.43465001839317186e+00 3.84505289205101617e-16
1.04346500183939952e+01 7.43465001839317186e+00 -3.86025576408257617e-16
1.14346500183942670e+01 7.43465001839317008e+00 5.58594306148448441e-16
1.24346500183945405e+01 7.43331357909625812e+00 5.69599083447568866e-16
1.34346500183948123e+01 7.43465001839317186e+00 9.54639329706311216e-17
1.44346500183950859e+01 7.43465001839317186e+00 5.55113113294804472e-17
1.54346500183953594e+01 7.43343946160336788e+00 2.13007632111341560e-16
1.64346500183956294e+01 7.43465001839317186e+00 -1.00816428485539096e-17
1.74346500183959030e+01 7.43465001839317186e+00 -4.80372715437238639e-17
1.34346500183948123e+01 6.43465001839289474e+00 9.54515297010762702e-17
1.44346500183950859e+01 6.43465001839289830e+00 -2.80278671720071892e-17
1.54346500183953594e+01 6.43343946160309610e+00 -2.80278671437344144e-17
1.64346500183956294e+01 6.43465001839289830e+00 -2.17807082882341569e-17
1.74346500183959030e+01 6.43465001839289830e+00 -4.03896783473158044e-28
1.54346500183953594e+01 5.43343946160282254e+00 -1.14477068777747565e-17
1.64346500183956294e+01 5.43465001839262651e+00 -1.14477068810059307e-17
1.74346500183959030e+01 5.43465001839262651e+00 0.00000000000000000e+00
1.64346500183956294e+01 4.43465001839235295e+00 0.00000000000000000e+00
1.74346500183959030e+01 4.43465001839235295e+00 0.00000000000000000e+00
1.74346500183959030e+01 3.43465001839207940e+00 0.00000000000000000e+00
7.43465001839317452e+00 8.43465001839344453e+00 1.75158117046731779e-16
5.64872818400679222e+00 5.99159341849949012e+00 -3.76200122173636686e-01
6.43465001839290096e+00 1.24323234150462874e+01 2.07450917511520605e-15
1.24346500183945405e+01 6.43331357909598545e+00 9.33070216686375522e-16
7.37143281007736917e+00 7.43465001839317186e+00 1.86868713736292213e-16
8.37143281007764095e+00 7.43465001839317363e+00 8.67623634398335612e-15
6.28249248741379773e-01 1.59385221661193981e+01 3.08621121042222946e-01
1.57332229943824586e+00 1.62663579013565531e+01 3.08621121042222946e-01
6.28249248741379773e-01 1.47829750247502894e+01 3.08621121042222946e-01
1.55033906282878675e+00 1.51829019568990731e+01 3.08621121042222946e-01
2.49541211352564929e+00 1.55107376921362281e+01 3.08621121042222946e-01
6.28076911530445869e-01 1.36280769115339879e+01 3.08090315000266401e-01
1.55050175883754449e+00 1.40271281939709205e+01 3.08090315000266401e-01
2.47264276099894786e+00 1.44270714452774840e+01 3.08090315000266346e-01
3.41772873332332949e+00 1.47549113000304040e+01 3.08090315000266401e-01
4.37064313222667344e+00 1.50581507241876658e+01 3.08090315000266401e-01
5.00000000000021316e-01 1.25000000000032898e+01 0.00000000000000000e+00
1.56400688616597350e+00 1.28764992942109942e+01 3.08090315000260351e-01
2.48643173347307389e+00 1.32755505766479267e+01 3.08090315000260351e-01
3.40857273563448260e+00 1.36754938279544795e+01 3.08090315000260351e-01
4.35365870795886778e+00 1.40033336827074066e+01 3.08090315000251691e-01
1.62807691153071943e+00 1.16280769115334408e+01 3.08090315000260406e-01
2.51759358319631410e+00 1.21305404547526940e+01 3.08090315000260406e-01
3.44001843050341449e+00 1.25295917371896266e+01 3.08090315000260406e-01
4.36215943266482142e+00 1.29295349884961794e+01 3.08090315000260351e-01
5.30724540498920661e+00 1.32573748432491030e+01 3.08090315000251691e-01
1.50000000000029488e+00 1.05000000000027462e+01 -2.48227634092349387e-18
2.57389052550157338e+00 1.08845020227140061e+01 3.48337291565470164e-01
3.45556397548934413e+00 1.13862913839969799e+01 3.48337291565470220e-01
4.37494737379144993e+00 1.17842381782832817e+01 3.48337291565470220e-01
5.29401152618135384e+00 1.21830640858144434e+01 3.48337291565471718e-01
2.65342170936574107e+00 9.70779881055513272e+00 3.93217617437696731e-01
3.54053267136752403e+00 1.01791197485977989e+01 3.93217617437696676e-01
4.41606195331484841e+00 1.06783603787498365e+01 3.93217617437696676e-01
5.33387951006513461e+00 1.10756576287718929e+01 3.93217617437696676e-01
3.54887921672354523e+00 8.99811596980885753e+00 4.21802394379780288e-01
4.43387414463119178e+00 9.46848736689979376e+00 4.21802394379780288e-01
5.30649920966797239e+00 9.96642476999282323e+00 4.21802394379780288e-01
4.41314774321755010e+00 8.28170815069879396e+00 5.84228843703920586e-01
5.30116809372671938e+00 8.75177580448249515e+00 5.84228843703920586e-01
5.25283064990781590e+00 7.43142484395611191e+00 -5.15844321282601381e-01
5.30657310686220995e+00 1.43065731068646613e+01 3.08090315000251691e-01
2.52607560278642040e+00 1.65701030954908539e+01 3.08621121042218949e-01
3.44822193968095903e+00 1.58143055919717241e+01 3.08621121042222946e-01
6.43465001839290274e+00 1.14323234150460138e+01 2.08143042186391454e-15
6.31862078540068950e+00 1.03162941820535075e+01 2.72236907498962399e-01
6.43465001839290274e+00 9.20026494906100467e+00 1.41673423004592874e-16
6.25666255264075488e+00 8.02227748330858503e+00 -4.97416492999663007e-01
6.12642485609572418e+00 6.94471141121964219e+00 -5.15844321282601381e-01
1.57941498672800655e+01 6.52706548296932532e-01 -3.90579821998811583e-01
1.61701706939319294e+01 1.57933172310050463e+00 -3.90579821998811583e-01
1.47127045586790537e+01 6.52706548296932532e-01 -3.90579821998811527e-01
1.50887253853309176e+01 1.57933172310050463e+00 -3.90579821998811527e-01
1.54694500191354969e+01 2.50402018588941377e+00 -3.90579821998811527e-01
1.35000000000035687e+01 5.00000000000018652e-01 0.00000000000000000e+00
1.39911868655416640e+01 1.54174700937934883e+00 -3.79197416288001687e-01
1.43672103113128493e+01 2.46837854539312307e+00 -3.79197416288001687e-01
1.47479596096307191e+01 3.39312691234597441e+00 -3.79197416288001687e-01
1.52110056066823045e+01 4.28508149334372668e+00 -3.79197416288001576e-01
1.25000000000032969e+01 5.00000000000018652e-01 0.00000000000000000e+00
1.27236444117163430e+01 1.64956852504891849e+00 -3.79197416288001687e-01
1.32957865931510177e+01 2.49805019675351314e+00 -3.79197416288001687e-01
1.36718100389222066e+01 3.42468173276728916e+00 -3.79197416288001687e-01
1.40525593372400746e+01 4.34943009972014138e+00 -3.79197416288001743e-01
1.16395217039694145e+01 1.63952170396668251e+00 -3.44620769635132884e-01
1.19971135995009970e+01 2.57363542812921064e+00 -3.44620769635132884e-01
1.25722610220175532e+01 3.42965881582464505e+00 -3.44620769635132884e-01
1.29485864712602812e+01 4.35704823593109314e+00 -3.44620769635132940e-01
1.32951283144284229e+01 5.29512831442623177e+00 -3.44620769635132940e-01
1.05000000000027498e+01 1.50000000000029221e+00 2.73824720103335373e-17
1.09159145317101505e+01 2.57174394463498412e+00 -3.79204581903663351e-01
1.12737413656348444e+01 3.50562661275432763e+00 -3.79204581903663351e-01
1.18458829163364445e+01 4.35410685880262882e+00 -3.79204581903663351e-01
1.22233025410211766e+01 5.29074516478429757e+00 -3.59381272769416005e-01
9.72501363933208296e+00 2.64916317797560108e+00 -3.77749043726057498e-01
1.02080986098285322e+01 3.53332310324699694e+00 -3.77749043726057498e-01
1.05777827697548119e+01 4.46248103818148323e+00 -3.77749043726057498e-01
1.11500418531212979e+01 5.31125622878962478e+00 -3.77749043726063438e-01
8.64916317797723799e+00 2.64916317797560108e+00 -3.77749043726057554e-01
9.01811257429231183e+00 3.57884331305773440e+00 -3.78177898382408895e-01
9.50117811462635764e+00 4.46295433299221500e+00 -3.78177898382408895e-01
9.87086216285009499e+00 5.39211198677359338e+00 -3.78177898382408895e-01
7.93490248492878436e+00 3.56472739817710504e+00 -3.81096838772544133e-01
8.30571814408988374e+00 4.49343467767809290e+00 -3.81096838772544133e-01
8.78752267220498595e+00 5.37767037141027604e+00 -3.81096838772544078e-01
7.19067977259650348e+00 4.46261408078757604e+00 -4.29442200431294552e-01
7.58647667541370474e+00 5.38123071113397611e+00 -4.29442200431294607e-01
1.44346500183950859e+01 5.43465001839262651e+00 -9.20259843849655139e-16
1.66524286083141817e+01 2.51961240438175871e+00 -5.10094590533361703e-01
1.59320874499062981e+01 3.39498245776769458e+00 -3.90579821998811583e-01
1.14346500183942688e+01 6.43465001839289830e+00 -3.96279820164140887e-16
1.03594824007604593e+01 6.43465001839289830e+00 3.67140502121868394e-16
9.15833738177371259e+00 6.30637803139878272e+00 -3.81096838772544078e-01
8.07230441987285374e+00 6.28455197911398411e+00 -3.81096838772544022e-01
6.47653212096635755e+00 5.36331710012312435e+00 -3.79532717898000360e-01
6.92662093873139106e+00 6.32856100862671500e+00 -5.15844321282633356e-01
