# n = 305
# s = 17.953015029503629
# x y theta(rad)
5.00000000000009659e-01 1.71606849315836172e+01 -1.92770333116293324e-14
1.50000000000070433e+00 1.74530150295036073e+01 -1.92747564870671129e-14
1.71681312191627242e+01 5.00000000000000999e-01 -1.69420819604373940e-15
1.74530150295036286e+01 1.50000000000069011e+00 1.32340427690876353e-17
5.00000000000018541e-01 9.50000000000620304e+00 7.45279408696233273e-17
5.00000000000018541e-01 8.50000000000551381e+00 4.48666238407334934e-17
1.50000000000070788e+00 8.50000000000551381e+00 9.30709611577878559e-17
5.00000000000018541e-01 7.50000000000482370e+00 1.66747583622839368e-15
1.50000000000070788e+00 7.50000000000482370e+00 6.62310016883612394e-17
2.50000000000139799e+00 7.50000000000482281e+00 -6.19169225981631988e-16
5.00000000000018541e-01 6.50000000000413447e+00 9.92746331104563118e-16
1.50000000000070788e+00 6.50000000000413447e+00 1.37129654533183656e-17
2.50000000000139710e+00 6.50000000000413447e+00 6.70768779062469456e-16
3.51542202883455435e+00 6.52529414145622866e+00 -2.12873556107117320e-02
5.00000000000018541e-01 5.50000000000344613e+00 -3.88991410697064888e-17
1.50000000000070788e+00 5.50000000000344613e+00 -1.50932139126753735e-17
2.50000000000139888e+00 5.50000000000344524e+00 -1.64893936721068057e-15
3.50000000000208544e+00 5.50989772046207005e+00 -1.58138171340357209e-15
4.50000000000277556e+00 5.50000000000344613e+00 5.49004404762874765e-17
5.50000000000346834e+00 5.50026479460785911e+00 -1.14990054662174237e-14
5.00000000000018541e-01 4.50000000000275691e+00 4.40457132572236176e-20
1.50000000000070788e+00 4.50000000000275691e+00 -7.02650755089986498e-17
2.50000000000139622e+00 4.50000000000275513e+00 -2.69255510899554795e-15
3.50000000000208633e+00 4.50000000000275691e+00 3.97949990675544280e-16
4.50000000000277556e+00 4.50000000000275691e+00 5.18053820870202630e-17
5.50000000000345413e+00 4.50026479457501249e+00 6.89484819065016253e-17
5.00000000000018541e-01 3.50000000000206768e+00 8.85996462827998155e-19
1.50000000000070788e+00 3.50000000000206768e+00 -3.91267149998320777e-17
2.50000000000139710e+00 3.50000000000206768e+00 -3.00803235264092375e-17
3.50000000000208633e+00 3.50000000000206857e+00 2.71175345432797344e-16
4.50000000000277556e+00 3.50000000000206768e+00 1.05524211601887991e-16
5.50000000000346390e+00 3.50026465873577841e+00 8.27246259932885356e-17
6.50000000000415223e+00 3.50000000000206768e+00 2.30873943966613338e-16
5.00000000000018541e-01 2.50000000000137845e+00 5.55484206809370162e-18
1.50000000000070788e+00 2.50000000000137845e+00 -2.95926180246560799e-17
2.50000000000139710e+00 2.50000000000137845e+00 3.00110897239590996e-17
3.50000000000208633e+00 2.50000000000137845e+00 1.60567018139864317e-16
4.50000000000277556e+00 2.50000000000137845e+00 1.19506184462214726e-16
8.73937401491959065e+00 2.65971713718606217e+00 -4.17209776931545484e-01
5.50000000000346390e+00 2.50000000000137845e+00 2.43013492271937690e-16
6.50000000000415223e+00 2.50000000000137845e+00 2.08535861679555853e-16
5.00000000000018541e-01 1.50000000000069011e+00 -7.39375059658278766e-18
1.50000000000070788e+00 1.50000000000069011e+00 -6.59179568399017712e-17
2.50000000000139799e+00 1.50000000000069011e+00 1.95062402281935594e-16
3.50000000000208633e+00 1.50000000000069011e+00 1.51443225166401691e-16
4.50000000000277556e+00 1.50000000000069011e+00 8.50294024101229395e-17
5.50000000000346390e+00 1.50000000000069011e+00 9.01932866606801907e-17
6.50000000000415401e+00 1.50000000000068923e+00 -1.57106936206273541e-15
7.50000000000484235e+00 1.50000000000069100e+00 -6.88693593512133291e-16
8.50000000000552980e+00 1.50000000000069189e+00 -6.74469018568935588e-16
5.00000000000018541e-01 5.00000000000000999e-01 -1.59667828139803750e-17
1.50000000000070788e+00 5.00000000000000999e-01 7.55027302081252177e-18
2.50000000000139710e+00 5.00000000000000999e-01 3.96623177551826134e-18
3.50000000000208633e+00 5.00000000000000999e-01 -1.28490662933741090e-17
4.50000000000277556e+00 5.00000000000000999e-01 5.59871837476147438e-17
5.50000000000346478e+00 5.00000000000002776e-01 1.86292360660963996e-15
6.50000000000415401e+00 5.00000000000002776e-01 1.87420608546706724e-15
7.50000000000484324e+00 5.00000000000002776e-01 1.91885827431452494e-15
8.50000000000553158e+00 5.00000000000000999e-01 1.91923774507489486e-15
9.50000000000622080e+00 5.00000000000000999e-01 1.94951059652385000e-15
3.44467787390494085e+00 1.74530150295036073e+01 -1.65047456521033255e-15
4.44467787390562918e+00 1.74530150295036073e+01 -1.60621201151861183e-15
5.44467787390631575e+00 1.74530150295036073e+01 3.43866201221937672e-15
6.44467787390700675e+00 1.74530150295036073e+01 -3.65723145251326529e-17
7.44467787390769775e+00 1.74530150295036073e+01 -5.21288719962204875e-15
8.44467787390838609e+00 1.74530150295036073e+01 -5.25380170118864771e-15
9.44467787390907709e+00 1.74530150295036073e+01 -8.84820289267451138e-17
1.04446778739097663e+01 1.74530150295036073e+01 3.47057615450433462e-17
1.14446778739104555e+01 1.74530150295036073e+01 8.54429205786163895e-17
1.24446778739111465e+01 1.74530150295036073e+01 -2.28959970890770535e-15
1.34446778739118358e+01 1.74530150295036073e+01 -2.31150515421073801e-15
1.44446778739125232e+01 1.74530150295036073e+01 1.00645267533250717e-16
1.54446778739132125e+01 1.74530150295036073e+01 4.33735650751373266e-17
1.64446778739138999e+01 1.74530150295036073e+01 -3.45933005323271189e-17
1.74446778739145891e+01 1.74530150295036073e+01 -5.72571497202054217e-17
4.45301502949467132e+00 1.64530150295029181e+01 -4.01023050103928282e-18
5.45301502949536054e+00 1.64530150295029181e+01 5.54475555695120072e-18
6.45301502949604977e+00 1.64530150295029181e+01 -6.89996109612130189e-17
7.45301502949673811e+00 1.64530150295029181e+01 6.51463382359616208e-17
8.45301502949742911e+00 1.64530150295029252e+01 5.49088670879337904e-15
9.45301502949811834e+00 1.64530150295029181e+01 5.42221457295753515e-15
1.04530150294988040e+01 1.64530150295029181e+01 6.94074559378295390e-17
1.14530150294994932e+01 1.64530150295029252e+01 6.56835411694650598e-17
1.24530150295001807e+01 1.64530150295029181e+01 5.87749786908012522e-16
1.34530150295008735e+01 1.64530150295029181e+01 -2.31131872512942692e-15
1.44530150295015609e+01 1.64530150295029181e+01 -3.44138517602135377e-20
1.54530150295022501e+01 1.64530150295029181e+01 2.08285258812975105e-17
1.64530150295029394e+01 1.64530150295029181e+01 -6.08271270500857738e-17
1.74530150295036286e+01 1.64530150295029181e+01 -8.53977485218322170e-17
5.45301502949536054e+00 1.54530150295022342e+01 3.34609335137645272e-15
6.45301502949605155e+00 1.54530150295022306e+01 9.64518818364877867e-17
7.45301502949674077e+00 1.54530150295022342e+01 1.13004266377221850e-16
8.45301502949742734e+00 1.54530150295022342e+01 -2.51995451457224592e-15
9.45301502949811656e+00 1.54530150295022342e+01 -2.57411218870090537e-15
1.04530150294988040e+01 1.54530150295022342e+01 -3.43724909912141303e-17
1.14530150294994932e+01 1.54530150295022342e+01 4.56007149039171962e-17
1.24530150295001825e+01 1.54530150295022342e+01 4.01738505130152947e-16
1.34530150295008699e+01 1.54530150295022306e+01 1.72379490595671971e-17
1.44530150295015609e+01 1.54530150295022306e+01 -5.36159112330189980e-18
1.54530150295022466e+01 1.54530150295022306e+01 6.12479644440364038e-18
1.64530150295029394e+01 1.54530150295022306e+01 8.21181339239899602e-17
1.74530150295036286e+01 1.54530150295022306e+01 -9.14992797077532044e-17
6.45301502949605155e+00 1.44530150295015449e+01 -1.04074670366491840e-15
7.45301502949674077e+00 1.44530150295015449e+01 1.42950055273395855e-15
8.45301502949742911e+00 1.44530150295015378e+01 -7.57513102018926381e-17
9.45301502949811834e+00 1.44530150295015414e+01 2.76858975465839476e-15
1.04530150294988058e+01 1.44530150295015449e+01 -2.58310646021550351e-17
1.14530150294994932e+01 1.44530150295015449e+01 -3.26604637866711236e-17
1.24530150295001825e+01 1.44530150295015449e+01 -1.09630646762458885e-17
1.34530150295008717e+01 1.44530150295015414e+01 3.75418465394485254e-17
1.44530150295015609e+01 1.44530150295015414e+01 5.30896171654810785e-17
1.54530150295022501e+01 1.44530150295015414e+01 3.60310211011777706e-17
1.64530150295029394e+01 1.44530150295015414e+01 1.08114747897855321e-17
1.74530150295036286e+01 1.44530150295015414e+01 5.36156158018836895e-17
6.45008358150923211e+00 1.34530150295008557e+01 -9.28672124555440842e-15
7.45008358150992667e+00 1.34530150295008575e+01 1.39374272937639041e-15
8.45008358151061501e+00 1.34530150295008504e+01 1.55310634514243552e-16
9.45008358151130246e+00 1.34530150295008468e+01 -9.29988043443192774e-17
1.04500835815119917e+01 1.34530150295008557e+01 -1.12849282921363723e-16
1.14500835815126827e+01 1.34530150295008575e+01 -3.28615034938998165e-15
1.24500835815133719e+01 1.34530150295008557e+01 3.54504272640971970e-17
1.34500835815140611e+01 1.34530150295008539e+01 -2.18811027485132489e-15
1.44500835815147504e+01 1.34530150295008539e+01 2.48691051351501266e-17
1.54500835815154396e+01 1.34530150295008539e+01 3.95902764706965270e-17
1.64500835815161288e+01 1.34530150295008539e+01 8.30245556985587001e-18
1.74500835815168180e+01 1.34530150295008539e+01 1.10903682924276231e-17
6.45301502949604977e+00 1.24530150295001665e+01 1.37571297797173436e-15
7.45301502949673811e+00 1.24530150295001665e+01 -9.16774494967323887e-16
8.45301502949742556e+00 1.24530150295001594e+01 -4.48564223411170204e-15
9.45301502949811656e+00 1.24530150295001665e+01 -5.47492525832220731e-16
1.04530150294988058e+01 1.24530150295001665e+01 -1.29441369032453007e-15
1.14530150294994932e+01 1.24530150295001683e+01 -1.33529879637546620e-15
1.24530150295001789e+01 1.24530150295001683e+01 5.14708489264048934e-15
1.34530150295008717e+01 1.24530150295001700e+01 -8.84770617123164168e-17
1.44530150295015609e+01 1.24530150295001647e+01 1.40007149125544730e-17
1.54530150295022501e+01 1.24530150295001647e+01 3.32904371037146541e-17
1.64530150295029394e+01 1.24530150295001647e+01 4.32578383125186778e-17
1.74530150295036286e+01 1.24530150295001647e+01 3.92432259061949263e-18
7.45301502949674521e+00 1.14530150294994755e+01 -6.45110979623623187e-15
8.45301502949743266e+00 1.14530150294994826e+01 -3.74427599338712428e-15
9.45301502949811834e+00 1.14530150294994755e+01 3.75076348947982314e-15
1.04530150294988040e+01 1.14530150294994790e+01 7.90905364602066328e-16
1.14530150294994897e+01 1.14530150294994808e+01 5.11936611716700180e-15
1.24530150295001789e+01 1.14530150294994790e+01 5.12936288317840151e-15
1.34530150295008717e+01 1.14530150294994808e+01 -2.88893253658852105e-16
1.44530150295015609e+01 1.14530150294994755e+01 7.62583194012186082e-16
1.54530150295022501e+01 1.14530150294994719e+01 2.44830447858977618e-15
1.64530150295029394e+01 1.14530150294994755e+01 2.44216756756821285e-15
1.74530150295036286e+01 1.14530150294994755e+01 -8.77404080068408907e-16
7.45301502949673722e+00 1.04530150294987987e+01 9.23486012597784074e-15
8.45301502949743444e+00 1.04530150294987845e+01 -1.62449656719096265e-15
9.45301502949812011e+00 1.04530150294987916e+01 -1.59997140727002968e-15
1.04530150294988040e+01 1.04530150294987916e+01 -1.61670446321353101e-15
1.14530150294994932e+01 1.04530150294987880e+01 -2.68033135098799037e-15
1.24530150295001825e+01 1.04530150294987951e+01 -1.57670481229694492e-16
1.34530150295008717e+01 1.04530150294987916e+01 8.72627326279109391e-16
1.44530150295015609e+01 1.04530150294987880e+01 8.17851748352416813e-16
1.54530150295022501e+01 1.04530150294987880e+01 7.97999056556443197e-16
1.64530150295029394e+01 1.04530150294987880e+01 8.42250842665395018e-16
1.74530150295036286e+01 1.04530150294987880e+01 -2.57802028640890477e-16
7.43387037947963858e+00 9.45301502949810235e+00 -2.77958405258007940e-15
8.43387037948032692e+00 9.45301502949810057e+00 -2.78062482483201575e-15
9.43387037948101614e+00 9.43033922223762211e+00 -2.73230274970551679e-15
1.04338703794817054e+01 9.45301502949810235e+00 -1.59633573202575950e-15
1.14338703794823928e+01 9.45301502949810235e+00 1.75542494997028394e-16
1.24338703794830838e+01 9.45301502949810590e+00 -4.39230659953498109e-15
1.34338703794837713e+01 9.45301502949810590e+00 4.48654344228673017e-17
1.44338703794844605e+01 9.45301502949809525e+00 -4.28951712497779915e-15
1.54338703794851497e+01 9.45301502949809347e+00 7.69720250123180006e-16
1.64338703794858354e+01 9.45301502949809880e+00 2.43004647126977098e-15
1.74338703794865282e+01 9.45301502949810235e+00 5.93757046471753009e-15
7.45301502949674877e+00 8.45301502949741135e+00 1.24367239730498088e-16
8.45301502949743977e+00 8.39954720406685240e+00 -6.67781789889006767e-15
9.45301502949812544e+00 8.42739130406908821e+00 -6.71429337060998736e-15
1.04530150294988005e+01 8.45301502949741312e+00 1.53507779479622864e-15
1.14530150294994932e+01 8.45301502949741490e+00 3.52948409099748776e-15
1.24530150295001807e+01 8.45301502949741668e+00 -2.68824963647401137e-16
1.34530150295008681e+01 8.45254004953375038e+00 -3.25298570829564315e-15
1.44530150295015574e+01 8.45301502949740780e+00 -4.31902046093562733e-15
1.54530150295022537e+01 8.45301502949740602e+00 -1.58762706862992123e-15
1.64530150295029394e+01 8.45301502949741135e+00 -1.35531414656102672e-15
1.74530150295036215e+01 8.45301502949741312e+00 5.99768765168557593e-15
9.45301502949786965e+00 7.42739130405274040e+00 4.65173351321779831e-13
1.04530150294987951e+01 7.45301502949672301e+00 1.97237655760162751e-15
1.14530150294994861e+01 7.45301502949672123e+00 -5.41306037424926196e-15
1.24530150295001825e+01 7.45301502949672834e+00 -7.81887275137480576e-16
1.34530150295008752e+01 7.45254004953306382e+00 -8.01353544517562616e-15
1.44530150295015609e+01 7.45301502949671768e+00 -4.50600706718830938e-15
1.54530150295022537e+01 7.45301502949671590e+00 -1.60767471281462365e-15
1.64530150295029394e+01 7.45301502949672479e+00 -1.59696699298780688e-15
1.74530150295036286e+01 7.45301502949672479e+00 2.69715974422956992e-15
1.34530150295008699e+01 6.45254004953237814e+00 -8.51095130512777786e-16
1.44530150295015574e+01 6.45301502949602845e+00 -4.24286666653172497e-15
1.54530150295022501e+01 6.45301502949603645e+00 -1.63531032009274173e-15
1.64530150295029394e+01 6.45301502949603467e+00 -1.57813662464602062e-15
1.74530150295036286e+01 6.45301502949603556e+00 2.74906761699658087e-15
1.54530150295022537e+01 5.45301502949534811e+00 -1.59290876461552685e-15
1.64530150295029394e+01 5.45301502949534456e+00 2.26385589406056726e-15
1.74530150295036286e+01 5.45301502949534456e+00 2.59900407200440788e-17
1.64530150295029394e+01 4.45301502949465711e+00 -1.67761809515191507e-15
1.74530150295036286e+01 4.45301502949465799e+00 -3.00238035669087407e-15
1.74530150295036286e+01 3.45301502949396966e+00 -5.31987283647674573e-17
1.24530150295001842e+01 6.45301502949603378e+00 -5.02555932022250422e-15
7.45301502949674521e+00 7.45301502949672479e+00 -6.68471130165013004e-15
8.45301502949719641e+00 7.39279914397907589e+00 4.65152450388307572e-13
6.31379731622376705e-01 1.59851686517879230e+01 3.18360063708257757e-01
1.58112974216083835e+00 1.62981781044943403e+01 3.18360063708257757e-01
6.24151570248941634e-01 1.48367687494213296e+01 2.96143983912848796e-01
1.55665385929778655e+00 1.52372029304803345e+01 3.18360063708257701e-01
2.50927697538122718e+00 1.55414946527858682e+01 3.18360063708257757e-01
6.22610272317241420e-01 1.37272208458292901e+01 2.91525964230518908e-01
1.56227703004609886e+00 1.40750852888897828e+01 2.91525964230518908e-01
2.48584675751846174e+00 1.44765930177349329e+01 2.91525964230518853e-01
3.43857793033465509e+00 1.47809203523367607e+01 2.91525964230518908e-01
4.38926925659164269e+00 1.50920454670376962e+01 2.91525964230518686e-01
6.22610272317239644e-01 1.26226102723254918e+01 2.91525964230518797e-01
1.56374577290373828e+00 1.29655801359759195e+01 2.91525964230518797e-01
2.50341253063259561e+00 1.33134445790364122e+01 2.91525964230518797e-01
3.42698225810495938e+00 1.37149523078815623e+01 2.91525964230518853e-01
4.37971343092115273e+00 1.40192796424833901e+01 2.91525964230518797e-01
5.00000000000018541e-01 1.15000000000075797e+01 -3.39703843558335077e-17
1.56983370040721937e+00 1.18678396165227849e+01 3.17807341493961004e-01
2.50984934646252711e+00 1.22104410953862761e+01 3.17807341493961060e-01
3.44826868684062671e+00 1.25578951908862564e+01 3.17807341493932749e-01
4.36919294245907697e+00 1.29585326713570534e+01 3.17807341493932805e-01
5.32181136463342153e+00 1.32628229157654456e+01 3.17807341493910434e-01
5.00000000000018541e-01 1.05000000000068923e+01 -3.19361067268025128e-17
1.61546813430827019e+00 1.07548032169421859e+01 2.70622883380894630e-01
2.55346088565966767e+00 1.11144534211679460e+01 2.70622883380917167e-01
3.49595706580146270e+00 1.14578708908548013e+01 2.70622883380917167e-01
4.43708607842673253e+00 1.18062163539437659e+01 2.70622883380917167e-01
5.36323129946132848e+00 1.22085713112643877e+01 2.70622883380917167e-01
1.62435310423652801e+00 9.62435310424202228e+00 2.96750780125903113e-01
2.55995751161533747e+00 9.98442175271353882e+00 2.96750780125903113e-01
3.49588314845164660e+00 1.03434398753292918e+01 2.96750780125903113e-01
4.43673307464887756e+00 1.06863539540157149e+01 2.96750780125903058e-01
5.37608806692585439e+00 1.10341569577345027e+01 2.96750780125903058e-01
2.57179727576773232e+00 8.87478135053239825e+00 3.31210991698424329e-01
3.50565813708180141e+00 9.23425043100042764e+00 3.31210991698424329e-01
4.43987601923288722e+00 9.59268129349854348e+00 3.31210991698424329e-01
5.37956685496375631e+00 9.93519678589530919e+00 3.31210991698414781e-01
3.48399879426524883e+00 8.13783090352124461e+00 3.90996542705516259e-01
4.43251553109037832e+00 8.49950712327166436e+00 3.60271412098350230e-01
5.36617268741158515e+00 8.85772675320106195e+00 3.60271412098350174e-01
4.43434714129692953e+00 7.43159405639029114e+00 3.60271412098350119e-01
5.37014831901663747e+00 7.78412229040820147e+00 3.60271412098350174e-01
5.33040475717813944e+00 1.43304047571843256e+01 2.91525964230518853e-01
2.53375285824427987e+00 1.66024698267998758e+01 3.18360063708257757e-01
3.45967938862926871e+00 1.58525245503224905e+01 3.18360063708257757e-01
6.39030874782222913e+00 1.13903087478256477e+01 1.34907657306531537e-01
6.31759619126786287e+00 1.02825439250281097e+01 3.31210991698424329e-01
6.31320868678619362e+00 9.20091485839430057e+00 3.45565221309086013e-01
6.31320868678618297e+00 8.13808474917334124e+00 3.45565221309086068e-01
5.18073469561338573e+00 6.64416470587288810e+00 3.60271412098350063e-01
6.11653587333309279e+00 6.99669293989079843e+00 3.60271412098350119e-01
1.59887096560699149e+01 6.32812415358562252e-01 -3.22880395341888560e-01
1.63000605723692829e+01 1.58312812763517829e+00 -3.22880395341888560e-01
1.48621337563823364e+01 6.27102334092746294e-01 -3.05098762376721566e-01
1.52345630252233235e+01 1.55823134333476965e+00 -3.05098762376721566e-01
1.55403056424901962e+01 2.51036209852387238e+00 -3.05098762376732280e-01
1.37083899137838010e+01 6.27102334092746294e-01 -3.05098762376721677e-01
1.41045985641582767e+01 1.55074246035809260e+00 -3.05098762376721622e-01
1.44770278329992692e+01 2.48187146960011340e+00 -3.05098762376732335e-01
1.47827704502661454e+01 3.43400222478921435e+00 -3.05098762376732280e-01
1.50885092510242096e+01 4.38613418191823357e+00 -3.05098762376732280e-01
1.26226102723255096e+01 6.22610272317223878e-01 -2.91525964230519741e-01
1.29494113916369216e+01 1.56859761527369557e+00 -2.91525964230519685e-01
1.33460573266531846e+01 2.49362624745742512e+00 -2.91525964230519685e-01
1.37188222287967818e+01 3.42582099005152063e+00 -2.91525964230519685e-01
1.40246154094023119e+01 4.37811229854680573e+00 -2.91525964230519741e-01
1.15000000000075993e+01 5.00000000000000999e-01 7.37997784086043274e-16
1.18261173417273984e+01 1.58488109968601165e+00 -3.21408691089208887e-01
1.21953426283878041e+01 2.51591874782746228e+00 -3.21408691089208942e-01
1.25910531814288547e+01 3.43813803307475485e+00 -3.21408691089208887e-01
1.29631115160373724e+01 4.36892762714794713e+00 -3.20088583357587275e-01
1.32688606075936466e+01 5.32108593207584413e+00 -3.20088583357587275e-01
1.05000000000069100e+01 5.00000000000000999e-01 7.38158720346021591e-16
1.06319290974264149e+01 1.63192909742019587e+00 -3.20088583357587331e-01
1.10875927999962087e+01 2.53439254980873407e+00 -3.20088583357587275e-01
1.14568417987285596e+01 3.46550141531212308e+00 -3.20088583357587275e-01
1.18525877050373509e+01 4.38782688134658905e+00 -3.20088583357587331e-01
1.22153502335364763e+01 5.32108593207583436e+00 -3.20088583357587331e-01
9.50000000000621903e+00 1.50000000000069100e+00 -8.72748186866694343e-16
9.88837778554385771e+00 2.56499949507694414e+00 -3.24231556560827860e-01
1.03438481445136325e+01 3.46688767809470999e+00 -3.24231556560827860e-01
1.07130239586999796e+01 4.39777879225946400e+00 -3.24231556560827860e-01
1.11086598366941800e+01 5.31977688299278029e+00 -3.24231556560827916e-01
7.50000000000484146e+00 2.50000000000138023e+00 9.09700452720302905e-16
9.18532659158838172e+00 3.55588243917106173e+00 -4.17209776931545484e-01
9.63773308911312299e+00 4.45664125884828533e+00 -4.03485771874008858e-01
1.00064821528470063e+01 5.38653274244912961e+00 -4.03485771874008858e-01
8.03369786440311096e+00 3.53505647343317886e+00 -4.32050794478684552e-01
8.47941962449812081e+00 4.43072120327243457e+00 -4.32050794478684552e-01
8.90422617301025809e+00 5.35153104840520388e+00 -4.03485771874008858e-01
7.32522384225621259e+00 4.39225936974870912e+00 -4.98357258135092018e-01
7.78645692663460132e+00 5.31604307280034583e+00 -4.32050794478684552e-01
1.43304047571843416e+01 5.33040475717811990e+00 -2.91525964230519796e-01
1.66028855794655357e+01 2.54096289377392104e+00 -3.13766482378019240e-01
1.58460444432482603e+01 3.46249405565288981e+00 -3.05098762376732280e-01
1.14530150294994932e+01 6.45301502949603112e+00 -4.30703087877040797e-15
1.04530150294988129e+01 6.45301502949603112e+00 7.21749266444615099e-15
9.29685275149257251e+00 6.27122902593403708e+00 -4.03485771874008581e-01
8.19755656350707618e+00 6.24316041978758385e+00 -4.03485771874008525e-01
6.50000000000415223e+00 5.34067147391904040e+00 -1.14848566278664879e-14
7.14014202503826834e+00 6.32515379166307223e+00 -4.12919992744419484e-01
