# n = 306
# s = 17.963433717496237
# x y theta(rad)
5.00000000000000111e-01 1.71597107486242706e+01 -2.16926831857720825e-16
1.50000000000025224e+00 1.74634337174962262e+01 -2.27799346768677025e-16
1.70953920159590567e+01 5.00000000000000111e-01 5.66755535272140228e-17
1.74634337174962262e+01 1.50000000000025224e+00 1.40744547030386730e-17
5.02812500004017449e-01 9.50000000000227018e+00 4.00854901216749415e-17
5.00000000000000111e-01 8.50000000000201794e+00 9.46715754954126658e-17
1.50000000000025224e+00 8.50000000000201794e+00 2.49425791977973821e-17
5.00000000000000111e-01 7.50000000000176570e+00 1.92056250460440059e-17
1.50000000000025224e+00 7.50000000000176570e+00 7.92687313358464429e-17
2.50000000000050449e+00 7.50000000000176570e+00 8.99663444380486508e-17
5.00000000000000111e-01 6.50000000000151346e+00 1.31157524919969270e-16
1.50000000000025224e+00 6.50000000000151346e+00 6.96637339703327460e-17
2.50000000000050449e+00 6.50000000000151346e+00 -5.04685046200345769e-17
3.50000000000075584e+00 6.50000000000151346e+00 -7.41979693984397924e-17
5.00000000000000111e-01 5.50000000000126121e+00 3.01018759046774142e-17
1.50000000000025224e+00 5.50000000000126121e+00 8.26381754604648463e-17
2.50000000000050449e+00 5.50000000000126121e+00 -2.93539848965358101e-17
3.50000000000075673e+00 5.50000000000126121e+00 -1.99770792994756151e-16
4.50908896778850821e+00 5.50000000000126121e+00 -1.78396073347369355e-16
5.00000000000000111e-01 4.50000000000100897e+00 -6.10376470605302552e-18
1.50000000000025224e+00 4.50000000000100897e+00 9.16025732954408727e-17
2.50000000000050449e+00 4.50000000000100897e+00 -4.53636250754258997e-17
3.50000000000075584e+00 4.50000000000100897e+00 -2.47014939858090177e-16
4.50000000000100897e+00 4.50000000000100897e+00 -1.57033346578093659e-16
5.00000000000000111e-01 3.50000000000075584e+00 -5.11135073492951408e-17
1.50000000000025224e+00 3.50000000000075584e+00 -8.78467522536689434e-17
2.50000000000050449e+00 3.50000000000075584e+00 -5.56330287723438202e-17
3.50000000000075673e+00 3.50000000000075584e+00 -2.16269835487792034e-16
4.50000000000100897e+00 3.50000000000075584e+00 -2.06295935266318023e-16
5.53049653652966100e+00 3.53355470215698819e+00 -5.40392338220322538e-02
5.00000000000000111e-01 2.50000000000050449e+00 -1.04106535507484340e-16
1.50000000000025224e+00 2.50000000000050449e+00 -9.21969134998539453e-17
2.50000000000050449e+00 2.50000000000050449e+00 -1.26948155358735837e-16
3.50000000000075584e+00 2.50000000000050449e+00 8.93552926597963942e-18
4.50000000000100897e+00 2.50000000000050449e+00 1.97321924762212344e-16
5.50000000000126121e+00 2.50593530120829655e+00 -1.48091060547511488e-16
6.50000000000151346e+00 2.50000000000050449e+00 -9.02613001191903491e-17
5.00000000000000111e-01 1.50000000000025224e+00 4.51597444931759734e-17
1.50000000000025224e+00 1.50000000000025224e+00 5.52722664592855821e-17
2.50000000000050449e+00 1.50000000000025224e+00 8.75561016917825174e-17
3.50000000000075584e+00 1.50000000000025224e+00 9.68956916429034580e-17
4.50000000000100897e+00 1.50000000000025224e+00 1.29142824144203308e-16
5.50000000000126121e+00 1.50000000000025224e+00 -7.15814838230400402e-17
6.50000000000151346e+00 1.50000000000025224e+00 -7.39449175041163517e-17
7.50000000000176570e+00 1.50000000000025224e+00 -1.97549259123384197e-17
5.00000000000000111e-01 5.00000000000000111e-01 -3.38352275932357120e-17
1.50000000000025224e+00 5.00000000000000111e-01 -6.30781022811709492e-17
2.50000000000050449e+00 5.00000000000000111e-01 -2.44393187908073636e-17
3.50000000000075584e+00 5.00000000000000111e-01 -3.23337440277853290e-17
4.50000000000100897e+00 5.00000000000000111e-01 1.64917735031726348e-16
5.50000000000126121e+00 5.00000000000000111e-01 -6.74676168517933145e-17
6.50000000000151346e+00 5.00000000000000111e-01 -7.18182923975241712e-17
7.50000000000176570e+00 5.00000000000000111e-01 -1.63259181661712979e-17
8.50000000000201794e+00 5.00000000000000111e-01 -2.50524188569770735e-17
9.50000000000227018e+00 5.05859122728328114e-01 8.51912287164403637e-17
3.44609313147931839e+00 1.74634337174962262e+01 9.54921905438332885e-15
4.44609313147957153e+00 1.74634337174962333e+01 9.50042656848969214e-15
5.44609313147982732e+00 1.74634337174962262e+01 6.16994045373082944e-16
6.44609313148007956e+00 1.74634337174962262e+01 1.12485975395371085e-17
7.44609313148033269e+00 1.74634337174962262e+01 6.97103611806247289e-16
8.44609313148058582e+00 1.74634337174962262e+01 6.82954740080941585e-16
9.44609313148083807e+00 1.74634337174962333e+01 -4.56386950157653126e-17
1.04460931314810885e+01 1.74634337174962333e+01 -3.34578015093401494e-17
1.14460931314813408e+01 1.74634337174962262e+01 4.72126370981094381e-17
1.24462259102403472e+01 1.74634337174962262e+01 -3.55144784761783348e-17
1.34462420770579705e+01 1.74634337174962262e+01 -3.20801023278357439e-17
1.44462500412764658e+01 1.74634337174962262e+01 -5.19305121798229972e-17
1.54466330054949559e+01 1.74634337174962262e+01 -1.03990664311458720e-14
1.64522659697134870e+01 1.74634337174962262e+01 3.11491293088070584e-16
1.74583068376998511e+01 1.74634337174962262e+01 3.97495598784459864e-17
4.46343371749295237e+00 1.64634337174959775e+01 6.46130073251154632e-16
5.46343371749320461e+00 1.64634337174959775e+01 6.09690927301856367e-16
6.46343371749345685e+00 1.64634337174959775e+01 -2.87855676794901427e-17
7.46343371749370910e+00 1.64634337174959775e+01 6.50711038871487624e-16
8.46343371749395956e+00 1.64634337174959775e+01 6.88287738973095979e-16
9.46343371749421358e+00 1.64634337174959775e+01 -2.88645583765003536e-15
1.04634337174944676e+01 1.64634337174959775e+01 -6.62032929586720363e-15
1.14634337174947145e+01 1.64634337174959775e+01 -3.17381759125617225e-17
1.24634337174949668e+01 1.64634337174959704e+01 -5.92579009655149493e-18
1.34634337174952172e+01 1.64634337174959775e+01 -3.93616164955786569e-15
1.44634337174954695e+01 1.64634337174959775e+01 5.00308586090406040e-17
1.54634337174957217e+01 1.64634337174959775e+01 3.15653604057893056e-16
1.64634337174959740e+01 1.64634337174959775e+01 3.62123525610158481e-16
1.74634337174962262e+01 1.64634337174959775e+01 3.97631146759058751e-17
5.46343371749320461e+00 1.54634337174957217e+01 6.34402266505053325e-16
6.46343371749345774e+00 1.54634337174957217e+01 5.80192863944120667e-17
7.46343371749370554e+00 1.54634337174957217e+01 6.46714737426341835e-16
8.46343371749395956e+00 1.54634337174957182e+01 6.32980945219560609e-16
9.46343371749420292e+00 1.54634337174957359e+01 6.59699752507750259e-16
1.04634337174944640e+01 1.54634337174957288e+01 -4.50953319447717844e-16
1.14634337174947163e+01 1.54634337174957199e+01 3.70757575467185848e-15
1.24634337174949632e+01 1.54634337174957164e+01 3.94011311258055046e-15
1.34634337174952190e+01 1.54634337174957217e+01 -1.36527812802466499e-16
1.44634337174954712e+01 1.54634337174957217e+01 2.65734633890325570e-17
1.54634337174957217e+01 1.54634337174957217e+01 -1.12138552518574665e-16
1.64634337174959740e+01 1.54634337174957235e+01 1.85655055657868231e-16
1.74634337174962262e+01 1.54634337174957235e+01 1.82959116606928873e-19
6.46343371749343909e+00 1.44634337174954712e+01 6.71924095622080852e-15
7.46343371749370199e+00 1.44634337174954659e+01 -2.80486905036588979e-15
8.46343371749395956e+00 1.44634337174954677e+01 6.21816079249494213e-15
9.46343371749420648e+00 1.44634337174954855e+01 6.17663068106428008e-15
1.04634337174944605e+01 1.44634337174954766e+01 -1.89383084363280238e-15
1.14634337174947145e+01 1.44634337174954677e+01 3.72325082714922605e-15
1.24634337174949668e+01 1.44634337174954641e+01 3.95907635258810935e-15
1.34634337174952190e+01 1.44634337174954695e+01 -1.13714393395332304e-16
1.44634337174954695e+01 1.44634337174954695e+01 1.71259149157713984e-16
1.54634337174957217e+01 1.44634337174954695e+01 1.19051972197891154e-15
1.64634337174959704e+01 1.44634337174954712e+01 1.14271520848183150e-16
1.74634337174962226e+01 1.44634337174954712e+01 1.41307069855322572e-16
6.46343371749343554e+00 1.34634337174952190e+01 6.64735405082929031e-15
7.46343371749369311e+00 1.34634337174952137e+01 -3.33156702144378779e-15
8.46343371749394535e+00 1.34634337174952208e+01 -3.29434527692488573e-15
9.46343371749420470e+00 1.34634337174952119e+01 -2.82507373363042712e-15
1.04634337174944569e+01 1.34634337174952172e+01 -2.81532234817458743e-15
1.14634337174947074e+01 1.34634337174952190e+01 -2.54689556477633786e-15
1.24634337174949632e+01 1.34634337174952208e+01 -7.05702715348335173e-15
1.34634337174952279e+01 1.34634337174952208e+01 7.74585629340711380e-15
1.44634337174954801e+01 1.34634337174952137e+01 4.98201888337571631e-15
1.54634337174957199e+01 1.34634337174952172e+01 1.18561490773523778e-15
1.64634337174959740e+01 1.34634337174952172e+01 1.07059363264885376e-16
1.74634337174962262e+01 1.34634337174952172e+01 6.34346362330534541e-16
7.46343371749369489e+00 1.24634337174949561e+01 6.63389705319936396e-15
8.46343371749394713e+00 1.24634337174949597e+01 4.69663209698744628e-15
9.46343371749419937e+00 1.24634337174949614e+01 2.47401170151401482e-15
1.04634337174944498e+01 1.24634337174949614e+01 6.25242105011229252e-15
1.14634337174947039e+01 1.24634337174949632e+01 2.49564576894183639e-15
1.24634337174949597e+01 1.24480858082092283e+01 9.57771818990980568e-15
1.34634337174952137e+01 1.24634337174949650e+01 6.77021460360435121e-16
1.44634337174954677e+01 1.24634337174949668e+01 -3.79092565887957400e-15
1.54634337174957217e+01 1.24634337174949650e+01 -2.62846707852208371e-16
1.64634337174959740e+01 1.24634337174949650e+01 6.26446856315974141e-16
1.74634337174962262e+01 1.24634337174949650e+01 5.81383086204617650e-16
1.62858077190665895e+00 9.72041034481936528e+00 3.09643763838656605e-01
8.46343371749395423e+00 1.14634337174947110e+01 6.21273757151722929e-15
9.46343371749420825e+00 1.14634337174947110e+01 2.52010266374606889e-15
1.04634337174944534e+01 1.14634337174947110e+01 2.51779770180823370e-15
1.14634337174947110e+01 1.14634337174947110e+01 2.51118713607550319e-15
1.24634337174949632e+01 1.14449914916172446e+01 7.03925897905393973e-16
1.34634337174952172e+01 1.14634337174947145e+01 7.25902895640845842e-16
1.44634337174954695e+01 1.14634337174947145e+01 4.81782510183846453e-16
1.54634337174957217e+01 1.14634337174947145e+01 6.84532243509693930e-16
1.64634337174959740e+01 1.14634337174947145e+01 -4.76270528644789867e-16
1.74634337174962262e+01 1.14634337174947145e+01 5.28506207439320697e-16
7.46343371749370288e+00 1.04634337174944516e+01 3.14269193403812163e-15
8.46343371749395423e+00 1.04634337174944552e+01 3.11736890469808065e-15
9.46343371749420825e+00 1.04634337174944587e+01 2.53040398180873453e-15
1.14634337174947127e+01 1.04634337174944587e+01 2.23383907161617897e-16
1.24634337174949650e+01 1.04423551477846690e+01 -4.84679624549999708e-17
1.34634337174952172e+01 1.04634337174944623e+01 9.72926404291174231e-17
1.44634337174954712e+01 1.04634337174944623e+01 -2.24166094511486609e-15
1.04634337174944605e+01 1.04634337174944552e+01 2.06438419807089338e-16
1.54634337174957217e+01 1.04634337174944623e+01 -3.02922698860660922e-16
1.64634337174959740e+01 1.04634337174944623e+01 8.50378727395954825e-18
1.74634337174962262e+01 1.04634337174944623e+01 -1.41364504940822387e-17
7.46343371749369489e+00 9.46343371749421003e+00 -1.52953429877297585e-14
8.46343371749395601e+00 9.46343371749420470e+00 8.08790273882713644e-16
9.46343371749421891e+00 9.46343371749421536e+00 2.15904438346078659e-14
1.04634337174944712e+01 9.46343371749421713e+00 2.00604459744680785e-14
1.14634337174947127e+01 9.46343371749420648e+00 4.43930943729101620e-17
1.24634337174949650e+01 9.44216764774823503e+00 -2.11556219455654934e-16
1.34634337174952172e+01 9.46343371749420825e+00 -7.43940577467616776e-17
1.44634337174954695e+01 9.46343371749421003e+00 -2.11572239035356426e-16
1.54634337174957199e+01 9.46343371749420825e+00 -2.58228519016587583e-16
1.64634337174959740e+01 9.46343371749421003e+00 -2.69592467047641576e-16
1.74634337174962262e+01 9.46343371749421003e+00 -9.12182896748467633e-17
7.46343371749370377e+00 8.46343371749396489e+00 9.84799900704988984e-16
8.46343371749395423e+00 8.46343371749395423e+00 5.62613991883205471e-15
9.46343371749420648e+00 8.46343371749396134e+00 5.61529232980443759e-15
1.04634337174944605e+01 8.46343371749395423e+00 -4.23661819757043397e-17
1.14634337174947127e+01 8.46343371749395423e+00 3.96691223130429946e-17
1.24634337174949632e+01 8.44216764774798278e+00 -1.74073533590040743e-16
1.34634337174952172e+01 8.46343371749395601e+00 -1.68958689708977110e-16
1.44634337174954695e+01 8.46343371749395601e+00 -2.15151428001110178e-16
1.54634337174957217e+01 8.46343371749395601e+00 -2.92085770914017979e-16
1.64634337174959740e+01 8.46343371749395601e+00 -3.81481333351867418e-17
1.74634337174962262e+01 8.46343371749395779e+00 8.40799039933389325e-17
9.46343371749421181e+00 7.46343371749370910e+00 5.67109300289913470e-15
1.04634337174944640e+01 7.46343371749369844e+00 5.66849925563232156e-15
1.14634337174947127e+01 7.46343371749370199e+00 -1.53894390507274461e-16
1.24634337174949650e+01 7.44216764774773054e+00 -2.21363773598591188e-16
1.34634337174952172e+01 7.46343371749370466e+00 -2.14710172982074734e-16
1.44634337174954695e+01 7.46343371749370466e+00 -2.45086994356157716e-16
1.54634337174957217e+01 7.46343371749370377e+00 -2.85153653273688785e-16
1.64634337174959740e+01 7.46343371749370554e+00 5.95545247333294415e-17
1.74634337174962262e+01 7.46343371749370554e+00 1.67996896877213775e-17
1.24634337174949650e+01 6.44216764774747830e+00 -1.29047140477090176e-16
1.34634337174952172e+01 6.46343371749345152e+00 -2.50904426746550061e-16
1.44634337174954748e+01 6.46343371749344708e+00 -1.04741808937341030e-14
1.54634337174957306e+01 6.46343371749345064e+00 -2.51392015602662398e-15
1.64634337174959846e+01 6.46343371749345330e+00 -2.47417488440562450e-16
1.74634337174962369e+01 6.46343371749345330e+00 4.56981022769541934e-17
1.54634337174957199e+01 5.46343371749319928e+00 -5.42226619728047179e-15
1.64634337174959740e+01 5.46343371749320106e+00 9.48345873583430315e-19
1.74634337174962262e+01 5.46343371749320106e+00 -4.76066397674806963e-17
1.64634337174959740e+01 4.46343371749294882e+00 -2.33842810886954335e-16
1.74634337174962262e+01 4.46343371749294970e+00 -2.40779369039606867e-16
1.74634337174962262e+01 3.46343371749269746e+00 3.15503469219288684e-17
6.46343371749344442e+00 1.24389190686684241e+01 2.48851431677556565e-15
7.41358986958556798e+00 7.46343371749371087e+00 4.16728365206607510e-15
8.41358986958582022e+00 7.46343371749370199e+00 5.64810535922735200e-15
5.98396002035874019e+00 6.08017399574126838e+00 -3.26774588177903558e-01
6.28748077314083997e-01 1.60026966726645199e+01 3.10160618792508058e-01
1.57955148946532375e+00 1.63125295657435174e+01 3.10160618792508058e-01
6.31149057844380690e-01 1.48601196297185805e+01 3.17636037866442345e-01
1.55537533607373746e+00 1.52507644277662102e+01 3.17636037866442345e-01
2.51265753329270858e+00 1.55525833963913804e+01 3.10160618792508058e-01
6.22764467860655313e-01 1.37716743726826216e+01 2.91986176822398247e-01
1.56766315671257495e+00 1.41020319948228305e+01 2.91986176822398191e-01
2.49421143924494348e+00 1.44934401933119741e+01 2.91986176822398136e-01
3.44838888292288104e+00 1.47929280177995111e+01 2.91986176822398136e-01
4.39967790894641553e+00 1.51020254149290327e+01 2.91986176822398191e-01
6.22764467860655313e-01 1.26669610988409858e+01 2.91986176822398247e-01
1.56375580854677931e+00 1.30103182073884049e+01 2.91986176822398247e-01
2.50865449739869817e+00 1.33406758295286121e+01 2.91986176822398191e-01
3.43520277993108802e+00 1.37320840280176864e+01 2.91986176822398247e-01
4.38938022360900426e+00 1.40315718525052926e+01 2.91986176822398191e-01
6.22764467860655313e-01 1.16227644678634281e+01 2.91986176822398191e-01
1.58154748750863838e+00 1.19081728936106774e+01 2.92702066291703256e-01
2.52168997969395203e+00 1.22542038451067796e+01 2.92702066291703200e-01
3.46655849320353759e+00 1.25845523736705829e+01 2.92702066291756824e-01
4.39303290434837734e+00 1.29759383104368151e+01 2.92702066291756768e-01
5.34720226728414971e+00 1.32754236997293074e+01 2.92702066291756768e-01
5.00000000000000111e-01 1.05000000000025224e+01 3.81089023433100793e-17
1.58207849382830812e+00 1.08214878414146174e+01 3.09643763838656605e-01
2.52636400910376491e+00 1.11517019852502219e+01 3.09643763838656605e-01
3.46567435486238296e+00 1.14974667041786578e+01 3.09643763838656605e-01
4.40997500163769196e+00 1.18276335524349019e+01 3.09643763838656660e-01
5.33485294558678724e+00 1.22185087238513361e+01 3.09643763838656660e-01
2.56186134813669764e+00 1.00850219359055036e+01 3.09643763838656605e-01
3.50614686341215265e+00 1.04152360797411081e+01 3.09643763838656605e-01
4.44545720917077247e+00 1.07610007986695475e+01 3.09643763838656660e-01
5.38975785594608148e+00 1.10911676469257916e+01 3.09643763838656716e-01
6.46343371749344708e+00 1.14389190686681719e+01 2.53540340074919887e-15
2.54449559806264158e+00 8.96985429958862213e+00 3.55303445226474890e-01
3.47738473295447292e+00 9.33398600727217520e+00 3.52711970151347476e-01
4.42145891831307214e+00 9.66412235953480980e+00 3.52711970151347531e-01
5.35989824924311797e+00 1.00095664536572464e+01 3.52711970151347476e-01
3.44581977153769969e+00 8.23629059889391613e+00 3.52711970151347476e-01
4.38362859646594760e+00 8.58344753639837066e+00 3.52711970151347476e-01
5.32169502163090957e+00 8.92990467269648747e+00 3.52711970151347476e-01
4.34709419773609973e+00 7.50263385885318979e+00 3.54537172296531589e-01
5.28490146057401766e+00 7.84979021810493371e+00 3.54537172296531644e-01
5.34066924963253875e+00 1.43406692496348160e+01 2.91986176822398080e-01
2.53442417829326505e+00 1.66096659905080379e+01 3.10160618792508058e-01
3.47026896342346980e+00 1.58616078582461082e+01 3.22712578840896158e-01
7.46343371749369933e+00 1.14634337174947039e+01 2.52371640242981600e-15
6.33041862642368436e+00 1.03059039775981542e+01 3.23523178558988878e-01
6.45610778480283365e+00 9.16632720136638568e+00 -1.47613481735780292e-02
6.42270665692405629e+00 8.13276519649920537e+00 -8.51829768526620873e-02
4.90402814772683637e+00 6.64248181104649849e+00 3.54537172296531589e-01
6.27955358711733780e+00 7.03586406545278820e+00 -3.26774588177903613e-01
1.59072719254032151e+01 6.50846791865625218e-01 -3.83797176218607650e-01
1.62781067350716739e+01 1.57955379365595672e+00 -3.83797176218602765e-01
1.48267265218725193e+01 6.48141717629773351e-01 -3.74120553952654644e-01
1.51975646764973646e+01 1.57685723918782195e+00 -3.74120553952654589e-01
1.55434453069079055e+01 2.51537136472794209e+00 -3.74120553952654589e-01
1.37294235078280558e+01 6.31786486135865855e-01 -3.19639301318890234e-01
1.40849047445254847e+01 1.56747965917602272e+00 -3.19639301318890234e-01
1.44564012220440219e+01 2.49787196138468381e+00 -3.19639301318890234e-01
1.48024058063186548e+01 3.43670180348710108e+00 -3.19639301318890234e-01
1.52218322336575653e+01 4.35122981268913112e+00 -3.19639301318890179e-01
1.26692788342295550e+01 6.23954960569863215e-01 -2.95552679909343197e-01
1.29819953416734872e+01 1.57890905544447246e+00 -3.05176545299594537e-01
1.33377069566372128e+01 2.51529825816200425e+00 -3.05176545299594537e-01
1.37095104829694030e+01 3.44661823071971263e+00 -3.05176545299594593e-01
1.40557000774676926e+01 4.38600703443059814e+00 -3.05176545299594593e-01
1.16239549605726378e+01 6.23954960569863215e-01 -2.95552679909343141e-01
1.19152235715867292e+01 1.58059627069525543e+00 -2.95552679909343197e-01
1.22283260320209646e+01 2.53058982797286092e+00 -2.95552679909343141e-01
1.25842190675647245e+01 3.46755493744591625e+00 -2.95552679909343141e-01
1.29562528015718517e+01 4.39960568792938744e+00 -2.95552679909343197e-01
1.33025949480027261e+01 5.33947875692333618e+00 -2.95552679909343252e-01
1.05000000000025224e+01 5.00000000000000111e-01 3.19994191308873216e-17
1.08431810257303027e+01 1.57040861505976270e+00 -2.95552679909343197e-01
1.11560628820176220e+01 2.52046933968920239e+00 -2.95552679909343141e-01
1.14691653424518574e+01 3.47046289696680788e+00 -2.95552679909343197e-01
1.18250583779956173e+01 4.40742800643986232e+00 -2.95552679909343197e-01
1.21970921120027427e+01 5.33947875692333351e+00 -2.95552679909343141e-01
9.74716043474377436e+00 1.62810897164338186e+00 -3.08189020271666503e-01
1.01034793976393278e+01 2.56412646753688289e+00 -3.08189020271666558e-01
1.04162988746862251e+01 3.51399123552830428e+00 -3.08189020271666503e-01
1.07293380719973097e+01 4.46378605956005892e+00 -3.08189020271666558e-01
1.10849963977306274e+01 5.40001385730805339e+00 -3.08189020271666503e-01
8.99599126057355392e+00 2.56232686184533431e+00 -3.13423758460441571e-01
9.35222470332671030e+00 3.49808049360569218e+00 -3.13423758460441626e-01
9.66503233773413584e+00 4.44790872227772116e+00 -3.13423758460441626e-01
9.97805932025329945e+00 5.39766585874965799e+00 -3.13423758460441571e-01
8.62980047269430628e+00 1.62980047269254058e+00 -3.13423758460503077e-01
8.25364923458866073e+00 3.50148133339248346e+00 -3.40447742781658180e-01
8.60974522607271453e+00 4.44671815787880309e+00 -3.20469016286195174e-01
8.92255020275665167e+00 5.39653837918915080e+00 -3.20469016286195230e-01
7.52009602324701376e+00 4.41568280768591581e+00 -3.70535473473589616e-01
7.86374027495890537e+00 5.38097210034578399e+00 -3.20469016286195230e-01
1.44178128824796392e+01 5.41781288247737081e+00 -9.59927966416269512e-02
1.66850082703591482e+01 2.54491999103308775e+00 -4.83972361210085633e-01
1.59613231687973158e+01 3.42665360274441344e+00 -3.76287527972504754e-01
7.88788542859171127e+00 2.57016028809271369e+00 -3.40447742781658180e-01
7.15311829066052951e+00 3.47746546340472751e+00 -3.85511957970391117e-01
1.14634337174947110e+01 6.46343371749344886e+00 -1.77245217455998861e-16
1.03336332448021917e+01 6.33363324480117562e+00 -3.13423758460441459e-01
9.23557401581871140e+00 6.34628596651519139e+00 -3.20469016286195174e-01
8.17679890924418729e+00 6.33242304487646290e+00 -3.17202179734108691e-01
6.46190361326371843e+00 4.45330438840069220e+00 -3.70535473473589561e-01
6.81336050970111806e+00 5.40963669529782365e+00 -3.32405093788025907e-01
7.13483714916030465e+00 6.36454721132733958e+00 -3.17202179734108691e-01
5.63403628246924004e+00 5.14289777951851335e+00 -3.26774588177903613e-01
