# n = 307
# s = 17.981030548636731
# x y theta(rad)
5.00000000000000000e-01 1.74543466205959703e+01 0.00000000000000000e+00
1.50000000000020250e+00 1.74810305486367312e+01 0.00000000000000000e+00
1.71199905278946147e+01 5.00000000000000000e-01 0.00000000000000000e+00
1.74810305486367312e+01 1.50000000000020162e+00 0.00000000000000000e+00
5.00000000000000000e-01 9.50000000000181366e+00 0.00000000000000000e+00
5.00572891233947104e-01 8.50000000000161293e+00 0.00000000000000000e+00
5.00000000000000000e-01 7.50000000000141132e+00 0.00000000000000000e+00
1.50000000000020250e+00 7.50000000000141132e+00 0.00000000000000000e+00
5.00000000000000000e-01 6.50000000000120970e+00 0.00000000000000000e+00
1.50000000000020250e+00 6.50000000000120970e+00 0.00000000000000000e+00
2.50166699329066144e+00 6.70156411634630444e+00 -3.29477414795938030e-03
5.00000000000000000e-01 5.50000000000100719e+00 0.00000000000000000e+00
1.50000000000020250e+00 5.50000000000100719e+00 0.00000000000000000e+00
2.50000000000040412e+00 5.69711024470651672e+00 0.00000000000000000e+00
3.50000000000060574e+00 5.50000000000100719e+00 0.00000000000000000e+00
5.00000000000000000e-01 4.50000000000080647e+00 0.00000000000000000e+00
1.50000000000020250e+00 4.50000000000080647e+00 0.00000000000000000e+00
2.50000000000040412e+00 4.68834397661304525e+00 0.00000000000000000e+00
3.50000000000060574e+00 4.50000000000080647e+00 0.00000000000000000e+00
4.50000000000080735e+00 4.50000000000080647e+00 0.00000000000000000e+00
5.00000000000000000e-01 3.50000000000060485e+00 0.00000000000000000e+00
1.50000000000020250e+00 3.50000000000060485e+00 0.00000000000000000e+00
2.50000000000040412e+00 3.68191559021853720e+00 0.00000000000000000e+00
3.50000000000060574e+00 3.50000000000060485e+00 0.00000000000000000e+00
4.50000000000080735e+00 3.50000000000060485e+00 0.00000000000000000e+00
5.50000000000100897e+00 3.50000000000060485e+00 0.00000000000000000e+00
5.00000000000000000e-01 2.50000000000040323e+00 0.00000000000000000e+00
1.50000000000020250e+00 2.50000000000040323e+00 0.00000000000000000e+00
2.50000000000040412e+00 2.50258761093399507e+00 0.00000000000000000e+00
3.50000000000060574e+00 2.50000000000040323e+00 0.00000000000000000e+00
4.50000000000080735e+00 2.50000000000040323e+00 0.00000000000000000e+00
5.50000000000100897e+00 2.50000000000040323e+00 0.00000000000000000e+00
6.51013333222453650e+00 2.51089376051086610e+00 -2.04636811629498906e-02
5.00000000000000000e-01 1.50000000000020162e+00 0.00000000000000000e+00
1.50000000000020250e+00 1.50000000000020162e+00 0.00000000000000000e+00
2.50000000000040412e+00 1.50042034918969325e+00 0.00000000000000000e+00
3.50000000000060574e+00 1.50000000000020162e+00 0.00000000000000000e+00
4.50000000000080735e+00 1.50000000000020162e+00 0.00000000000000000e+00
5.50000000000100897e+00 1.50000000000020162e+00 0.00000000000000000e+00
6.50000000000121059e+00 1.50065003279721942e+00 0.00000000000000000e+00
7.50000000000141220e+00 1.50000000000020162e+00 0.00000000000000000e+00
5.00000000000000000e-01 5.00000000000000000e-01 0.00000000000000000e+00
1.50000000000020250e+00 5.00000000000000000e-01 0.00000000000000000e+00
2.50000000000040412e+00 5.00002186339722599e-01 0.00000000000000000e+00
3.50000000000060574e+00 5.00000000000000000e-01 0.00000000000000000e+00
4.50000000000080735e+00 5.00000000000000000e-01 0.00000000000000000e+00
5.50000000000100897e+00 5.00000000000000000e-01 0.00000000000000000e+00
6.50000000000121059e+00 5.00003192140383135e-01 0.00000000000000000e+00
7.50000000000141220e+00 5.00000000000000000e-01 0.00000000000000000e+00
8.50000000000161293e+00 5.00021702091801856e-01 0.00000000000000000e+00
9.50000000000181544e+00 5.00000000000000000e-01 0.00000000000000000e+00
3.48103054863391304e+00 1.74810305486367312e+01 0.00000000000000000e+00
4.48103054863411465e+00 1.74810305486367312e+01 0.00000000000000000e+00
5.48103054863431538e+00 1.74810305486367312e+01 0.00000000000000000e+00
6.48103054863451788e+00 1.74810305486367312e+01 0.00000000000000000e+00
7.48103054863471861e+00 1.74810305486367312e+01 0.00000000000000000e+00
8.48103054863491934e+00 1.74810305486367312e+01 0.00000000000000000e+00
9.48103054863512185e+00 1.74810305486367312e+01 0.00000000000000000e+00
1.04810305486353226e+01 1.74810305486367312e+01 0.00000000000000000e+00
1.14810305486355251e+01 1.74810305486367312e+01 0.00000000000000000e+00
1.24810305486357258e+01 1.74810305486367312e+01 0.00000000000000000e+00
1.34810305486359283e+01 1.74810305486367312e+01 0.00000000000000000e+00
1.44810305486361290e+01 1.74810305486367312e+01 0.00000000000000000e+00
1.54810305486363315e+01 1.74810305486367312e+01 0.00000000000000000e+00
1.64810305486365323e+01 1.74810305486367312e+01 0.00000000000000000e+00
1.74810305486367312e+01 1.74810305486367312e+01 0.00000000000000000e+00
4.48103054863411465e+00 1.64810305486365323e+01 0.00000000000000000e+00
5.48103054863431538e+00 1.54810305486363298e+01 0.00000000000000000e+00
6.48103054863451788e+00 1.64810305486365323e+01 0.00000000000000000e+00
7.48103054863471861e+00 1.64810305486365323e+01 0.00000000000000000e+00
8.48103054863491934e+00 1.64810305486365323e+01 0.00000000000000000e+00
9.48103054863512185e+00 1.64810305486365323e+01 0.00000000000000000e+00
1.04810305486353226e+01 1.64810305486365323e+01 0.00000000000000000e+00
1.14810305486355251e+01 1.64810305486365323e+01 0.00000000000000000e+00
1.24810305486357258e+01 1.64810305486365323e+01 0.00000000000000000e+00
1.34810305486359283e+01 1.64810305486365323e+01 0.00000000000000000e+00
1.44810305486361290e+01 1.64810305486365323e+01 0.00000000000000000e+00
1.54810305486363315e+01 1.64810305486365323e+01 0.00000000000000000e+00
1.64810305486365323e+01 1.64810305486365323e+01 0.00000000000000000e+00
1.74810305486367312e+01 1.64810305486365323e+01 0.00000000000000000e+00
5.48103054863431538e+00 1.64810305486365323e+01 0.00000000000000000e+00
6.48103054863451788e+00 1.54810305486363298e+01 0.00000000000000000e+00
7.48103054863471861e+00 1.54810305486363298e+01 0.00000000000000000e+00
8.48103054863491934e+00 1.54810305486363298e+01 0.00000000000000000e+00
9.48103054863512185e+00 1.54810305486363298e+01 0.00000000000000000e+00
1.04810305486353226e+01 1.54810305486363298e+01 0.00000000000000000e+00
1.14810305486355251e+01 1.54810305486363298e+01 0.00000000000000000e+00
1.24810305486357258e+01 1.54810305486363298e+01 0.00000000000000000e+00
1.34810305486359283e+01 1.54810305486363298e+01 0.00000000000000000e+00
1.44810305486361290e+01 1.54810305486363298e+01 0.00000000000000000e+00
1.54810305486363315e+01 1.54810305486363298e+01 0.00000000000000000e+00
1.64810305486365323e+01 1.54810305486363298e+01 0.00000000000000000e+00
1.74810305486367312e+01 1.54810305486363298e+01 0.00000000000000000e+00
6.48103054863451788e+00 1.44810305486361290e+01 0.00000000000000000e+00
7.48103054863471861e+00 1.44810305486361290e+01 0.00000000000000000e+00
8.48103054863491934e+00 1.44810305486361290e+01 0.00000000000000000e+00
9.48103054863512185e+00 1.44810305486361290e+01 0.00000000000000000e+00
1.04810305486353226e+01 1.44810305486361290e+01 0.00000000000000000e+00
1.14810305486355251e+01 1.44810305486361290e+01 0.00000000000000000e+00
1.24810305486357258e+01 1.44810305486361290e+01 0.00000000000000000e+00
1.34810305486359283e+01 1.44810305486361290e+01 0.00000000000000000e+00
1.44810305486361290e+01 1.44810305486361290e+01 0.00000000000000000e+00
1.54810305486363315e+01 1.44810305486361290e+01 0.00000000000000000e+00
1.64810305486365323e+01 1.44810305486361290e+01 0.00000000000000000e+00
1.74810305486367312e+01 1.44810305486361290e+01 0.00000000000000000e+00
6.48103054863451788e+00 1.34810305486359265e+01 0.00000000000000000e+00
7.48103054863471861e+00 1.34810305486359265e+01 0.00000000000000000e+00
8.48103054863491934e+00 1.34810305486359265e+01 0.00000000000000000e+00
9.48103054863512185e+00 1.34810305486359265e+01 0.00000000000000000e+00
1.04810305486353226e+01 1.34810305486359265e+01 0.00000000000000000e+00
1.14810305486355251e+01 1.34810305486359265e+01 0.00000000000000000e+00
1.24810305486357258e+01 1.34810305486359265e+01 0.00000000000000000e+00
1.34810305486359283e+01 1.34810305486359265e+01 0.00000000000000000e+00
1.44810305486361290e+01 1.34810305486359265e+01 0.00000000000000000e+00
1.54810305486363315e+01 1.34810305486359265e+01 0.00000000000000000e+00
1.64810305486365323e+01 1.34810305486359265e+01 0.00000000000000000e+00
1.74810305486367312e+01 1.34810305486359265e+01 0.00000000000000000e+00
6.47112580660370185e+00 1.24810305486357258e+01 0.00000000000000000e+00
7.47116353749928219e+00 1.24810305486357258e+01 0.00000000000000000e+00
8.47121045574481712e+00 1.24810305486357258e+01 0.00000000000000000e+00
9.47126198651427487e+00 1.24810305486357258e+01 0.00000000000000000e+00
1.04713414210705871e+01 1.24810305486357258e+01 0.00000000000000000e+00
1.14714640270524502e+01 1.24810305486357258e+01 0.00000000000000000e+00
1.24716536493387213e+01 1.24810305486357258e+01 0.00000000000000000e+00
1.34719520934678716e+01 1.24810305486357258e+01 0.00000000000000000e+00
1.44723578413759650e+01 1.24810305486357258e+01 0.00000000000000000e+00
1.54733127588415744e+01 1.24810305486357258e+01 0.00000000000000000e+00
1.64760537950800980e+01 1.24810305486357258e+01 0.00000000000000000e+00
1.74778041854832580e+01 1.24810305486357258e+01 0.00000000000000000e+00
7.48103054863471861e+00 1.14810305486355233e+01 0.00000000000000000e+00
8.48103054863491934e+00 1.14810305486355233e+01 0.00000000000000000e+00
9.48103054863512185e+00 1.14810305486355233e+01 0.00000000000000000e+00
1.04810305486353226e+01 1.14810305486355233e+01 0.00000000000000000e+00
1.14810305486355251e+01 1.14810305486355233e+01 0.00000000000000000e+00
1.24810305486357258e+01 1.14810305486355233e+01 0.00000000000000000e+00
1.34810305486359283e+01 1.14810305486355233e+01 0.00000000000000000e+00
1.44810305486361290e+01 1.14810305486355233e+01 0.00000000000000000e+00
1.54810305486363315e+01 1.14810305486355233e+01 0.00000000000000000e+00
1.64810305486365323e+01 1.14810305486355233e+01 0.00000000000000000e+00
1.74810305486367312e+01 1.14810305486355233e+01 0.00000000000000000e+00
7.48103054863471861e+00 1.04810305486353226e+01 0.00000000000000000e+00
8.48103054863491934e+00 1.04810305486353226e+01 0.00000000000000000e+00
9.48103054863512185e+00 1.04810305486353226e+01 0.00000000000000000e+00
1.04810305486353226e+01 1.04810305486353226e+01 0.00000000000000000e+00
1.14810305486355251e+01 1.04810305486353226e+01 0.00000000000000000e+00
1.24810305486357258e+01 1.04810305486353226e+01 0.00000000000000000e+00
1.34810305486359283e+01 1.04810305486353226e+01 0.00000000000000000e+00
1.44810305486361290e+01 1.04810305486353226e+01 0.00000000000000000e+00
1.54810305486363315e+01 1.04810305486353226e+01 0.00000000000000000e+00
1.64810305486365323e+01 1.04810305486353226e+01 0.00000000000000000e+00
1.74810305486367312e+01 1.04810305486353226e+01 0.00000000000000000e+00
7.46988121164267049e+00 9.48103054863512007e+00 0.00000000000000000e+00
8.47166445552355896e+00 9.48103054863512007e+00 0.00000000000000000e+00
9.47366404304765197e+00 9.48103054863512007e+00 0.00000000000000000e+00
1.04746706404361998e+01 9.48103054863512007e+00 0.00000000000000000e+00
1.14776334373416748e+01 9.48103054863512007e+00 0.00000000000000000e+00
1.24808663834099036e+01 9.48103054863512007e+00 0.00000000000000000e+00
1.34808798578438118e+01 9.48103054863512007e+00 0.00000000000000000e+00
1.44808958694870427e+01 9.48103054863512007e+00 0.00000000000000000e+00
1.54809117457062282e+01 9.48103054863512007e+00 0.00000000000000000e+00
1.64809620086900850e+01 9.48103054863512007e+00 0.00000000000000000e+00
1.74809864929374257e+01 9.48103054863512007e+00 0.00000000000000000e+00
7.48103054863471861e+00 8.48103054863491934e+00 0.00000000000000000e+00
8.48103054863491934e+00 8.48103054863491934e+00 0.00000000000000000e+00
9.48103054863512185e+00 8.48103054863491934e+00 0.00000000000000000e+00
1.04810305486353226e+01 8.48103054863491934e+00 0.00000000000000000e+00
1.14810305486355251e+01 8.48103054863491934e+00 0.00000000000000000e+00
1.24810305486357258e+01 8.48103054863491934e+00 0.00000000000000000e+00
1.34810305486359283e+01 8.48103054863491934e+00 0.00000000000000000e+00
1.44810305486361290e+01 8.48103054863491934e+00 0.00000000000000000e+00
1.54810305486363315e+01 8.48103054863491934e+00 0.00000000000000000e+00
1.64810305486365323e+01 8.48103054863491934e+00 0.00000000000000000e+00
1.74810305486367312e+01 8.48103054863491934e+00 0.00000000000000000e+00
7.40696886715807423e+00 7.40398997277965254e+00 -1.61390418852654871e-01
8.48103054863491934e+00 7.48103054863471861e+00 0.00000000000000000e+00
9.48103054863512185e+00 7.48103054863471861e+00 0.00000000000000000e+00
1.04810305486353226e+01 7.48103054863471861e+00 0.00000000000000000e+00
1.14810305486355251e+01 7.48103054863471861e+00 0.00000000000000000e+00
1.24810305486357258e+01 7.48103054863471861e+00 0.00000000000000000e+00
1.34810305486359283e+01 6.48103054863451611e+00 0.00000000000000000e+00
1.44810305486361290e+01 7.48103054863471861e+00 0.00000000000000000e+00
1.54810305486363315e+01 7.48103054863471861e+00 0.00000000000000000e+00
1.64810305486365323e+01 7.48103054863471861e+00 0.00000000000000000e+00
1.74810305486367312e+01 7.48103054863471861e+00 0.00000000000000000e+00
1.24810305486357258e+01 6.48103054863451611e+00 0.00000000000000000e+00
1.34810305486359283e+01 7.48103054863471861e+00 0.00000000000000000e+00
1.44810305486361290e+01 6.48103054863451611e+00 0.00000000000000000e+00
1.54810305486363315e+01 6.48103054863451611e+00 0.00000000000000000e+00
1.64810305486365323e+01 6.48103054863451611e+00 0.00000000000000000e+00
1.74810305486367312e+01 6.48103054863451611e+00 0.00000000000000000e+00
1.54810305486363315e+01 5.48103054863431538e+00 0.00000000000000000e+00
1.64810305486365323e+01 5.48103054863431538e+00 0.00000000000000000e+00
1.74810305486367312e+01 5.48103054863431538e+00 0.00000000000000000e+00
1.64810305486365323e+01 4.48103054863411288e+00 0.00000000000000000e+00
1.74810305486367312e+01 4.48103054863411288e+00 0.00000000000000000e+00
1.74810305486367312e+01 3.48103054863391126e+00 0.00000000000000000e+00
5.87789293943622049e+00 6.01780204584706979e+00 3.12936180530970665e-01
6.48881269523375437e-01 1.59828506711781202e+01 3.76744595485830613e-01
1.58610613888267782e+00 1.63321492791131604e+01 3.76744595485830613e-01
6.33609379950991425e-01 1.48903033279894892e+01 3.25412761823057617e-01
1.56940578069315961e+00 1.52447459432173833e+01 3.25412761823057617e-01
2.51692462790861260e+00 1.55644458559041095e+01 3.25412761823057617e-01
6.29859913331761945e-01 1.37828729418011928e+01 3.13608687045179135e-01
1.56755636795303932e+00 1.41500360166389800e+01 3.25412761823057617e-01
2.50335276869520840e+00 1.45044786318668759e+01 3.25412761823057617e-01
3.45213561346126152e+00 1.48204323392701465e+01 3.25412761823057617e-01
4.36783756573435245e+00 1.52344303934997001e+01 3.25412761823057617e-01
6.29859913331761945e-01 1.27315986246061801e+01 3.13608687045179135e-01
1.58129388603374821e+00 1.30394522389238556e+01 3.13608687045179135e-01
2.51319883002624600e+00 1.34075228136582698e+01 3.13608687045179135e-01
3.44947137093738654e+00 1.37621260821237144e+01 3.13608687045179135e-01
4.39896729176022383e+00 1.40759556000579185e+01 3.13608687045179135e-01
6.29191712120245938e-01 1.16797250075099903e+01 3.11533655955658517e-01
1.58062640577757563e+00 1.19875788539892447e+01 3.11533655955658517e-01
2.53206109943490354e+00 1.22954327004684973e+01 3.11533655955658517e-01
3.46409171566357621e+00 1.26635440337563860e+01 3.11533655955658517e-01
4.40046198417332501e+00 1.30181789963668990e+01 3.11533655955658517e-01
5.35183883651406944e+00 1.33262124634637207e+01 3.11533655955658517e-01
6.28827567706251145e-01 1.06288275677082655e+01 3.10406369685435113e-01
1.58080360667558217e+00 1.09350010570104050e+01 3.10406369685435113e-01
2.53224041008311396e+00 1.12428555828700709e+01 3.10406369685435113e-01
3.48367721349064663e+00 1.15507101087297386e+01 3.10406369685435113e-01
4.41577786693585317e+00 1.19188439953573777e+01 3.10406369685435113e-01
5.35220298092806424e+00 1.22734966192751340e+01 3.10406369685435113e-01
1.56514038443605674e+00 9.87755982879184735e+00 3.12936180530970665e-01
2.51657414327459872e+00 1.01854133695263442e+01 3.12936180530970665e-01
3.46800790211314069e+00 1.04932669102608411e+01 3.12936180530970665e-01
4.41944166095168178e+00 1.08011204509953380e+01 3.12936180530970665e-01
5.35138689884789720e+00 1.11692040501209870e+01 3.12936180530970665e-01
2.57066203776138735e+00 9.15186916212698875e+00 3.12936180530970665e-01
3.52209579659992933e+00 9.45972270286148564e+00 3.12936180530970665e-01
4.47352955543847131e+00 9.76757624359598253e+00 3.12936180530970665e-01
5.42496331427701328e+00 1.00754297843304794e+01 3.12936180530970665e-01
1.62964364978662068e+00 8.81182649851615096e+00 3.12936180530970665e-01
3.48542457929121507e+00 8.39681174905376970e+00 3.12936180530970665e-01
4.43685833812975705e+00 8.70466528978826659e+00 3.12936180530970665e-01
5.38829209696829992e+00 9.01251883052276348e+00 3.12936180530970665e-01
4.45722457266094185e+00 7.66020983153162405e+00 3.12936180530970665e-01
5.40865833149948383e+00 7.96806337226612094e+00 3.12936180530970665e-01
5.43389366929980699e+00 1.44338936693016198e+01 9.93703924150510093e-02
2.56080927889139875e+00 1.67039052639358090e+01 4.67177647918015304e-01
3.44896959487591648e+00 1.59752119757765367e+01 3.60021374218907730e-01
2.51578667458694483e+00 8.05333832901996871e+00 3.71239875885554682e-01
3.50039311530856523e+00 7.34179466538635683e+00 3.29854064255193313e-01
6.48103054863451788e+00 1.14810305486355233e+01 0.00000000000000000e+00
6.48103054863451788e+00 1.04810305486353226e+01 0.00000000000000000e+00
6.33972585580684012e+00 9.32037237125726037e+00 3.12936180530970665e-01
6.36009209033802581e+00 8.27591691300061782e+00 3.12936180530970665e-01
4.33867689330576312e+00 6.56686733363186725e+00 3.20459833330686672e-01
5.29252255888050449e+00 6.87944022936704780e+00 3.12936180530970665e-01
6.24395631771904647e+00 7.18729377010154469e+00 3.12936180530970665e-01
4.69691019553499434e+00 5.63192887832032341e+00 3.20087892797889240e-01
1.59635679542948505e+01 6.45750542499952118e-01 -3.65742210602262807e-01
1.63062700129641129e+01 1.58533090362742435e+00 -3.65742210602262807e-01
1.48927419966882209e+01 6.45750542499952118e-01 -3.65742210602262807e-01
1.52354440553574833e+01 1.58533090362742435e+00 -3.65742210602262807e-01
1.55684422132427418e+01 2.52862759564452322e+00 -3.65742210602262807e-01
1.37926030920128184e+01 6.33161229680142768e-01 -3.23987170613590114e-01
1.41528689071900633e+01 1.56705829443271849e+00 -3.23987170613590114e-01
1.44857938535794997e+01 2.51013697851135653e+00 -3.23987170613590114e-01
1.48130546290005309e+01 3.45511780630142074e+00 -3.23987170613590114e-01
1.52444692571460969e+01 4.36512165386158291e+00 -3.23987170613590114e-01
1.27356563862155916e+01 6.30810476809053000e-01 -3.16575194200289234e-01
1.30516543076735587e+01 1.57958316271872157e+00 -3.16575194200289234e-01
1.34120332048741879e+01 2.51381696118392650e+00 -3.16575194200289234e-01
1.37450031780948638e+01 3.45702972538952036e+00 -3.16575194200289234e-01
1.40722948814446269e+01 4.40210264983609711e+00 -3.16575194200289234e-01
1.16805573040199295e+01 6.29579617677485714e-01 -3.12737232065022908e-01
1.19922251941751909e+01 1.57978003406725076e+00 -3.12737232065022908e-01
1.23082312978190380e+01 2.52857769667437715e+00 -3.12737232065022908e-01
1.26686741771790228e+01 3.46300680517780179e+00 -3.12737232065022908e-01
1.30016736714593311e+01 4.40630968449270544e+00 -3.12737232065022908e-01
1.33289877566090968e+01 5.35145093095682967e+00 -3.12737232065022908e-01
1.06295796176795019e+01 6.29579617677485714e-01 -3.12737232065022908e-01
1.09357400767177566e+01 1.58614749658500376e+00 -3.21504111225724198e-01
1.12517340366139322e+01 2.53490869799953256e+00 -3.21504111225724198e-01
1.15677279965101061e+01 3.48366989941406047e+00 -3.21504111225724198e-01
1.19280293559574186e+01 4.41767409915525633e+00 -3.21504111225724198e-01
1.22609672308097082e+01 5.36079196821687542e+00 -3.21504111225724198e-01
9.87581150017748932e+00 1.56836516399428483e+00 -3.21504111225724198e-01
1.01918054600736614e+01 2.51712636540881363e+00 -3.21504111225724198e-01
1.05077994199698352e+01 3.46588756682334154e+00 -3.21504111225724198e-01
1.08237933798660109e+01 4.41464876823786856e+00 -3.21504111225724198e-01
1.11840947393133252e+01 5.34865296797906531e+00 -3.21504111225724198e-01
9.14908217195102580e+00 2.55100233070188587e+00 -3.21504111225724198e-01
9.46507613184719965e+00 3.49976353211641378e+00 -3.21504111225724198e-01
9.78107009174337350e+00 4.44852473353094169e+00 -3.21504111225724198e-01
1.00970640516395473e+01 5.39728593494547049e+00 -3.21504111225724198e-01
8.74260453376592395e+00 1.63237758065654326e+00 -3.21504111225723921e-01
8.39438150089368484e+00 3.44965648444898232e+00 -3.21504111225724198e-01
8.71037546078985869e+00 4.39841768586351112e+00 -3.21504111225724198e-01
9.02636942068603254e+00 5.34717888727803814e+00 -3.21504111225724198e-01
7.66594264958461835e+00 4.42716086578869294e+00 -3.21504111225724198e-01
7.98193660948079220e+00 5.37592206720322174e+00 -3.21504111225724198e-01
1.44406724552858758e+01 5.44067245528406218e+00 -8.43736000856890600e-02
1.67081318529340024e+01 2.55935181260987754e+00 -4.79036687776815573e-01
1.59834281697683664e+01 3.44341511407549650e+00 -3.71859638014628402e-01
7.98790386270789199e+00 2.53103173440501994e+00 -3.21504111225724198e-01
7.25232028870199130e+00 3.44365143075898672e+00 -4.61003664609059727e-01
1.14405406003356482e+01 6.48103054863451611e+00 0.00000000000000000e+00
1.04405406003354475e+01 6.48103054863451611e+00 0.00000000000000000e+00
9.32079385411081951e+00 6.32261777670199088e+00 -2.83049750275367218e-01
8.29300899955901727e+00 6.36956833148773249e+00 -2.83049750275367218e-01
6.53518532194163626e+00 4.31643731885566506e+00 -4.00354273300929764e-01
6.93250680693952059e+00 5.38966194926477016e+00 -3.21504111225724198e-01
7.24050619348302860e+00 6.35440245119744773e+00 -2.95905070958523919e-01
5.65533380043397838e+00 4.80322919844873919e+00 -4.00354273300929764e-01
