# n = 332
# s = 18.740417287559392
# x y theta(rad)
5.00000000000014211e-01 1.72404172875585360e+01 -9.16455767806142993e-17
1.50000000000085265e+00 1.72404172875585360e+01 2.37676826239781814e-17
2.50000000000169464e+00 1.72404172875585360e+01 2.28222845751150070e-16
3.50000000000253664e+00 1.72404172875585360e+01 3.54576214715849369e-17
4.50000000000338218e+00 1.72404172875585431e+01 2.05648820977598159e-16
5.50000000000422062e+00 1.72404172875585360e+01 -1.71707040743002374e-17
6.50000000000506262e+00 1.72404172875585360e+01 1.42279594775667375e-16
7.50000000000590639e+00 1.72404172875585360e+01 4.60822432048410479e-18
8.50000000000674660e+00 1.72404172875585360e+01 -1.53382934831375069e-17
9.50000000000758504e+00 1.72404172875585360e+01 5.57116890800637925e-15
1.05000000000084306e+01 1.72404172875585289e+01 1.93174148201916190e-16
1.15000000000092726e+01 1.72404172875585289e+01 -8.91689321331927173e-17
5.00000000000014211e-01 1.62404172875576975e+01 -9.16471117021894160e-17
1.50000000000085265e+00 1.62404172875576904e+01 -2.67341152662811731e-17
2.50000000000169820e+00 1.62404172875576904e+01 5.01361763430628680e-17
3.50000000000254019e+00 1.62404172875576904e+01 8.51787947194090348e-17
4.50000000000337863e+00 1.62404172875576975e+01 3.54536755878266092e-15
5.50000000000422418e+00 1.62404172875576975e+01 -2.62537156755024848e-17
6.50000000000506617e+00 1.62404172875576975e+01 2.40388896300687418e-16
7.50000000000590816e+00 1.62404172875576975e+01 1.67460120172814715e-17
8.50000000000675016e+00 1.62404172875576975e+01 4.15917163354392034e-15
9.50000000000758504e+00 1.62404172875576904e+01 5.55505949766093283e-15
1.05000000000084306e+01 1.62404172875576833e+01 1.76785442068207410e-16
5.00000000000014211e-01 1.52404172875568502e+01 4.66285466881915211e-17
1.50000000000085265e+00 1.52404172875568467e+01 -8.55517912985002065e-17
2.50000000000169820e+00 1.52404172875568467e+01 -1.93019614708011221e-16
3.50000000000254019e+00 1.52404172875568467e+01 -3.38168122886558876e-17
4.50000000000338218e+00 1.52404172875568538e+01 -5.56952177438615292e-17
5.50000000000422418e+00 1.52404172875568573e+01 1.82820168889455077e-16
6.50000000000506617e+00 1.52404172875568538e+01 1.91171487661252277e-16
7.50000000000590994e+00 1.52404172875568538e+01 2.36601723300749063e-16
8.50000000000675193e+00 1.52404172875568538e+01 -2.74009957546767912e-16
9.50000000000758682e+00 1.52404172875568431e+01 -1.41232652293625827e-14
5.07261190077848312e-01 1.42404172875560082e+01 3.50266827334478137e-15
1.50896769693964572e+00 1.42404172875560047e+01 -1.85374550877155012e-16
2.50982954750703868e+00 1.42404172875560047e+01 3.83354865983187440e-18
3.51024834192521773e+00 1.42404172875560118e+01 -9.52061752343927827e-17
4.51255473122224871e+00 1.42404172875560118e+01 1.88813355810879781e-16
5.51500758273161829e+00 1.42404172875560118e+01 3.50428907301761085e-17
6.51607969305946355e+00 1.42404172875560118e+01 -1.46684839632001284e-16
7.51919535758599267e+00 1.42404172875560118e+01 -1.16326835379789033e-17
8.52261771785100741e+00 1.42159041179539543e+01 -1.10936814524382186e-03
5.00000000000014211e-01 1.32404172875551716e+01 4.31541617226122967e-15
1.50000000000085976e+00 1.32404172875551698e+01 -2.36876118481696696e-16
2.50000000000170175e+00 1.32404172875551627e+01 -1.11838138684166795e-16
3.50000000000254374e+00 1.32254449165012193e+01 -6.64787557119537461e-17
4.50000000000338574e+00 1.32404172875551680e+01 7.65933488210893016e-17
5.50000000000423128e+00 1.32404172875551538e+01 4.91231977326533368e-17
6.50000000000507328e+00 1.32404172875551680e+01 -1.01037772731366364e-17
7.50000000000591527e+00 1.32404172875551680e+01 1.39456840805196518e-17
5.00000000000014211e-01 1.22404172875543313e+01 -1.95929234821402039e-16
1.50000000000085976e+00 1.22404172875543207e+01 -9.20069556603635951e-17
2.50000000000170175e+00 1.22404172875543189e+01 -1.38777587369869011e-16
3.50000000000253664e+00 1.22217682376292824e+01 5.61961935839585264e-16
4.50000000000338574e+00 1.22404172875543296e+01 -8.60131663113135958e-15
5.50000000000421885e+00 1.22404172875543384e+01 8.44355727641435895e-15
6.50000000000506084e+00 1.22404172875543242e+01 8.41165905310013034e-15
5.00000000000014211e-01 1.12404172875534787e+01 -4.65215760058634521e-17
1.50000000000085265e+00 1.12404172875534893e+01 -1.70911852155627813e-17
2.50000000000169820e+00 1.12404172875534769e+01 -3.02755342603993821e-16
3.50000000000254019e+00 1.12191674947679978e+01 -2.84200549069279089e-16
4.50000000000337863e+00 1.12404172875534911e+01 1.16159334722410911e-16
5.50000000000422240e+00 1.12404172875535000e+01 -7.30700846968172920e-17
5.00000000000021316e-01 1.02404172875526420e+01 1.10631676352056725e-14
1.50000000000085976e+00 1.02404172875526367e+01 -6.35137101534668180e-17
2.50000000000170175e+00 1.02404172875526385e+01 -6.17489994263444697e-15
1.62404172875576975e+01 6.50000000000506262e+00 2.35990808224632654e-14
4.50000000000337863e+00 1.02404172875526509e+01 -2.95541307729749494e-15
5.00000000000007105e-01 9.24041728755179470e+00 -4.47828089379859453e-17
1.50000000000084555e+00 9.24041728755179470e+00 -1.62138403940296521e-16
2.50000000000169109e+00 9.24041728755179292e+00 -1.87922105218878649e-16
3.50000000000253308e+00 1.02171276118762950e+01 4.50065782544939241e-17
5.00000000000007105e-01 8.24041728755095804e+00 1.10797659575656318e-14
1.50000000000085265e+00 8.24041728755096337e+00 1.02171617870130328e-17
2.50000000000169820e+00 8.24041728755095093e+00 -1.06951678529139246e-17
5.00000000000014211e-01 7.24041728755010894e+00 0.00000000000000000e+00
1.50000000000084555e+00 7.24041728755011427e+00 -1.10458472724207766e-14
5.00000000000014211e-01 6.24041728754926694e+00 -1.41397115591290708e-17
1.72404172875585502e+01 5.00000000000000000e-01 2.26261539860558157e-18
5.24041728754844627e+00 5.00000000000005329e-01 4.11996825524296846e-17
1.62404172875577082e+01 5.00000000000000000e-01 -2.17841146188044439e-17
1.52404172875568644e+01 5.00000000000000000e-01 -4.10964663571338806e-17
1.42404172875560224e+01 5.00000000000000000e-01 -2.40771945056917705e-17
1.32404172875551804e+01 5.00000000000000000e-01 -7.15920651324651965e-17
1.22404172875543384e+01 5.00000000000000000e-01 -1.16831928130681687e-17
1.12404172875534947e+01 5.00000000000000000e-01 -3.01944346497408215e-17
1.02404172875526509e+01 5.00000000000000000e-01 -2.39689479121530660e-18
9.24041728755180891e+00 5.00000000000000000e-01 4.61160616994832479e-17
8.24041728755097225e+00 5.00000000000000000e-01 -2.15289005485758236e-17
7.24041728755013025e+00 5.00000000000000000e-01 8.56025456759386082e-17
6.24041728754928826e+00 5.00000000000000000e-01 -9.14483827855473664e-20
1.72404172875585502e+01 1.50158888364017518e+00 1.73333733371766752e-17
1.62404172875577082e+01 1.50000000000084199e+00 7.33996117476440673e-18
1.52404172875568644e+01 1.50000000000084199e+00 -1.02527623960760309e-16
1.42404172875560224e+01 1.50000000000084199e+00 -7.07980113216384801e-18
1.32404172875551804e+01 1.50000000000084199e+00 1.16078663669427077e-17
1.22404172875543367e+01 1.50000000000084288e+00 -1.47740697057938859e-15
1.12404172875534947e+01 1.50000000000084199e+00 -4.14435234476987345e-17
1.02404172875526527e+01 1.50000000000084199e+00 -2.03421904145300874e-17
9.24041728755181246e+00 1.50000000000084199e+00 -1.71044162623646211e-17
8.24041728755097225e+00 1.50000000000085709e+00 -6.78524789092341923e-17
7.24041728755012670e+00 1.50000000000084732e+00 -8.93181298807457959e-15
6.24041728754928471e+00 1.50000000000083844e+00 -1.33106079580494246e-17
1.72404172875585502e+01 2.50475252222762990e+00 -2.28756679294303178e-17
1.62404172875577117e+01 2.50000000000167866e+00 -4.31057894697863524e-15
1.52404172875568662e+01 2.50000000000168399e+00 1.37285035571211435e-17
1.42404172875559851e+01 3.50000000000253042e+00 2.67506518697657436e-14
1.32404172875551804e+01 2.50000000000168576e+00 -1.46986025453056913e-15
1.22404172875543384e+01 2.50000000000168399e+00 -1.47449739565235116e-15
1.12404172875534947e+01 2.50000000000168399e+00 -6.93466150590620661e-17
1.02404172875526545e+01 2.50000000000168576e+00 -2.41716930927476853e-15
9.24041728755181246e+00 2.50000000000168576e+00 2.55117029114653512e-15
8.24041728755097047e+00 2.50000000000168043e+00 1.02452111690648366e-16
7.24041728755012848e+00 2.50000000000169376e+00 1.16201023599414910e-14
1.72404172875585502e+01 3.51025451208973038e+00 3.78233703492047373e-17
1.62404172875577082e+01 3.50000000000252154e+00 -1.76478229513137515e-16
1.52404172875568644e+01 3.50000000000252687e+00 1.24274115366370665e-16
1.42404172875560100e+01 4.50000000000335287e+00 -1.35079053534518130e-14
1.32404172875551591e+01 3.50000000000252776e+00 -7.37898840931635412e-15
1.22404172875543171e+01 3.50000000000252331e+00 -9.12961864355950812e-15
1.12404172875534805e+01 3.50000000000252687e+00 -3.48174105445314689e-17
1.02404172875526367e+01 3.50000000000251887e+00 1.75454975711551035e-14
9.24041728755178937e+00 3.50000000000252687e+00 6.45054340494729095e-15
8.24041728755094738e+00 3.50000000000252864e+00 -1.12710637660089459e-14
1.72404172875585431e+01 4.60850540058139391e+00 -1.56797252290185842e-14
1.62404172875576975e+01 4.50000000000337153e+00 -1.56538721943087931e-14
1.52404172875568538e+01 4.50000000000337419e+00 -1.74708796928341418e-14
1.42404172875560420e+01 5.50000000000420286e+00 3.09565612695183220e-15
1.32404172875551698e+01 4.50000000000337330e+00 -9.35084685620211265e-15
1.22404172875543242e+01 4.50000000000334399e+00 1.74798500250668223e-14
1.12404172875534822e+01 4.50000000000337863e+00 1.74990046856432432e-14
1.02404172875526402e+01 4.50000000000338574e+00 1.75338104257794545e-14
9.24041728755179115e+00 4.50000000000336886e+00 6.39779665548331906e-15
1.72404172875585502e+01 5.61534636154514288e+00 -1.47086200993263131e-17
1.62404172875577331e+01 5.50000000000421974e+00 2.35545000697800471e-14
1.52404172875568946e+01 5.50000000000420641e+00 1.87526710104997742e-14
1.42404172875560313e+01 6.50000000000504663e+00 -1.44070554310934215e-14
1.32404172875551982e+01 5.50000000000420641e+00 8.76809913617139138e-15
1.22404172875543686e+01 5.50000000000421263e+00 -2.04589287055995264e-14
1.12404172875535160e+01 5.50000000000422951e+00 -7.20813962363800452e-17
1.02404172875526740e+01 5.50000000000421885e+00 -7.19706635770757167e-17
1.72404172875585502e+01 6.61806746135464685e+00 -7.08604618731277839e-17
3.52130760119786146e+00 9.21541120240877554e+00 -1.31303466943602357e-03
1.52404172875568555e+01 6.50000000000505906e+00 2.35499815105954289e-14
1.42404172875560207e+01 2.50000000000168221e+00 4.08193567106664428e-15
1.32404172875552018e+01 6.50000000000505551e+00 -3.98526461539212891e-15
1.22404172875543544e+01 6.50000000000505196e+00 -1.43611001375280087e-14
1.12404172875535124e+01 6.50000000000507860e+00 -1.43889817481270622e-14
1.72404172875585502e+01 7.61957629488637433e+00 -3.30543898126187266e-17
1.62404172875576975e+01 7.50000000000588507e+00 -1.56934991369072125e-14
1.52404172875568520e+01 7.50000000000586819e+00 9.50202876921782521e-16
1.42404172875560207e+01 7.50000000000588152e+00 1.06473607529303794e-14
1.32404172875551787e+01 7.50000000000590550e+00 1.06461654749666951e-14
1.22404172875543296e+01 7.50000000000590195e+00 -4.16527617874970399e-15
1.72404172875585502e+01 8.62019911070582445e+00 7.50206833578638107e-17
1.62404172875577117e+01 8.50000000000672884e+00 -1.06009411533585592e-14
1.52404172875568484e+01 8.50000000000671818e+00 -6.50432780988534314e-16
1.42404172875560100e+01 8.50000000000672706e+00 6.07805908366798250e-15
1.32404172875551680e+01 8.50000000000673062e+00 6.11181534754767918e-15
1.72404172875585502e+01 9.62067047922312746e+00 -3.08636911248793621e-17
1.62404172875577082e+01 9.50000000000756550e+00 1.73667129228552454e-16
1.52404172875568644e+01 9.50000000000756017e+00 1.90271955562485708e-16
1.42404172875560224e+01 9.50000000000756017e+00 -5.53690808243911594e-16
1.72404172875585502e+01 1.06211233166196646e+01 5.47745866779969408e-17
1.62404172875577082e+01 1.05000000000084022e+01 2.80188886413543809e-16
1.52404172875568626e+01 1.05000000000084057e+01 2.98248845391672315e-15
1.72404172875585502e+01 1.16211780090595074e+01 -3.69871957501526323e-17
1.62404172875577082e+01 1.15000000000092442e+01 7.15230432496749015e-17
1.72404172875585502e+01 1.26212381499362838e+01 -2.18464164093213110e-17
5.01496266906404031e-01 5.00000000000000000e-01 0.00000000000000000e+00
1.50150084790404037e+00 5.00000000000000000e-01 5.43596297158677117e-17
2.50150662480807995e+00 5.00000000000000000e-01 0.00000000000000000e+00
3.50150936198946461e+00 5.00000000000000000e-01 1.68126610526424682e-17
5.00000000000014211e-01 1.50000000000084199e+00 -5.17492753824983744e-27
1.50000000000085265e+00 1.50000000000084199e+00 -5.55114866578429787e-17
2.50000000000169820e+00 1.50000000000084199e+00 3.89864180474447400e-17
5.01938275507498588e-01 2.50000000000168399e+00 -2.08341320512490102e-25
1.50193949587933417e+00 2.50000000000168399e+00 -5.55117546595146845e-17
5.00000775814086751e-01 3.50000000000252776e+00 1.48611930595766994e-17
1.72404172875585502e+01 1.72403698917536730e+01 -1.79298022453599533e-17
1.62404172875577082e+01 1.72404172875585360e+01 -4.42228324787059221e-17
1.52404172875568644e+01 1.72375217350124998e+01 -1.29613475829269038e-16
1.42404172875560224e+01 1.72382632902662607e+01 -8.33561597535595956e-17
1.72404172875585502e+01 1.62403692815475011e+01 2.34087702618685546e-16
1.62404172875577082e+01 1.62404172875576975e+01 -4.42228324787059221e-17
1.52404172875568644e+01 1.62365096291829474e+01 -5.54730348520289601e-17
1.72404172875585502e+01 1.52403692815466574e+01 0.00000000000000000e+00
1.62404172875577082e+01 1.52404172875568538e+01 -4.42228324787059221e-17
1.72404172875585502e+01 1.42403692815458154e+01 -5.55104497820983821e-17
1.27914146247856255e+01 1.70057425539325919e+01 7.65089376823420819e-01
1.21635200586888157e+01 1.61985387802216962e+01 7.80864178523684727e-01
1.14576917791455006e+01 1.54900549823003182e+01 7.80864178523684727e-01
1.07432360087178047e+01 1.47869855942183843e+01 7.78759618527148589e-01
1.00390465495409664e+01 1.40751889062438256e+01 7.80864178523684616e-01
9.35761007224958696e+00 1.33394912999502004e+01 -7.89353726312730819e-01
8.62068762075440986e+00 1.26564242408038563e+01 -7.80864178523657970e-01
7.86296743863908354e+00 1.19969494260711134e+01 -7.82862070087839812e-01
7.20602948982499569e+00 1.12379888505679411e+01 -7.80864178523657637e-01
6.49758028812672173e+00 1.05321954823962987e+01 -7.80864178523675512e-01
5.73835325370989935e+00 9.87114949978604983e+00 7.80688861553908819e-01
5.07934942320853011e+00 9.11512796172536888e+00 7.80864178523664410e-01
4.39827164474188947e+00 8.37924831022830752e+00 -7.86099820952832706e-01
3.66164547278562758e+00 7.69775519157893306e+00 -7.80864178523639763e-01
2.94763437481957880e+00 6.99744047074541697e+00 -7.80913639815060789e-01
2.24926853643483682e+00 6.28162177608440153e+00 -7.80864178523669850e-01
1.54082054408947400e+00 5.57582962828204920e+00 -7.80864178523669739e-01
5.29233346427751883e-01 4.86099294275269322e+00 -1.12968669242630593e-02
1.34931870131240146e+01 1.62773980218214120e+01 7.80807001723648475e-01
1.28673778359949971e+01 1.54881978537234559e+01 7.80864178523684727e-01
1.21615856881926412e+01 1.47797498613780984e+01 7.80864178523684505e-01
1.14512801745310497e+01 1.40758563486479229e+01 7.80864178523684505e-01
1.07454880267287010e+01 1.33674083563025601e+01 7.80864178523684616e-01
1.00654778195673238e+01 1.26308874553341646e+01 -7.86760328353635852e-01
9.32827853042171640e+00 1.19497913958456135e+01 -7.80864178523657970e-01
8.61983053807634469e+00 1.12439992480432753e+01 -7.80864178523657970e-01
7.91593681860319975e+00 1.05336935257553801e+01 -7.80864178523657637e-01
7.20748882625783516e+00 9.82790137795304553e+00 -7.80864178523675512e-01
6.45582171555888173e+00 9.16165624750984264e+00 -7.86206147831817082e-01
5.78952160803570948e+00 8.41104444194195899e+00 7.80864178523664187e-01
5.10853032067870316e+00 7.67466022391894764e+00 -7.85454895198299141e-01
4.37191555517197727e+00 6.99382592481820353e+00 -7.80864178523639763e-01
3.66346756282660380e+00 6.28803377701584232e+00 -7.80864178523669850e-01
2.95957405009643892e+00 5.57772826335423755e+00 -7.80864178523669850e-01
2.25112605775107966e+00 4.87193611555188433e+00 -7.80864178523669739e-01
1.54267806540571328e+00 4.16614396774954265e+00 -7.80864178523669739e-01
1.42033935280120289e+01 1.55699089238153778e+01 7.75909439291011083e-01
1.35741296056107128e+01 1.47807247951685063e+01 7.80864178523684727e-01
1.28683374578083587e+01 1.40722768028231489e+01 7.80864178523684727e-01
1.21580319441467637e+01 1.33683832900929733e+01 7.80864178523684727e-01
1.14522397963444149e+01 1.26599352977476105e+01 7.80864178523684727e-01
1.07729031840295555e+01 1.19233875736557753e+01 -7.87763983876115570e-01
1.00350319852353458e+01 1.12423134673779330e+01 -7.80864178523657970e-01
9.32658399288997408e+00 1.05365213195755931e+01 -7.80864178523657970e-01
8.62269048015981809e+00 9.82621580591398036e+00 -7.80864178523657637e-01
7.91424248781445350e+00 9.12042365811164579e+00 -7.80864178523675401e-01
7.20277641627574994e+00 8.41307607021744630e+00 -7.87398731635207794e-01
6.49627146878257022e+00 7.70356949174971017e+00 7.80864178523664187e-01
5.81618057595236060e+00 6.96715098844032177e+00 -7.86793521765449810e-01
5.07866827299952561e+00 6.28634725265098560e+00 -7.80864178523639763e-01
4.37022028065417167e+00 5.58055510484864659e+00 -7.80864178523669739e-01
3.66632676792400858e+00 4.87024959118704270e+00 -7.80864178523669739e-01
2.95787877557864931e+00 4.16445744338468948e+00 -7.80864178523669739e-01
2.24943078323327939e+00 3.45866529558234603e+00 -7.80864178523669739e-01
1.49838808357816529e+01 1.49176835693687675e+01 7.51254390552152262e-01
1.42847769601805261e+01 1.40771121557215899e+01 7.80864178523684727e-01
1.35789848123781720e+01 1.33686641633762324e+01 7.80864178523684727e-01
1.28686792987074714e+01 1.26647706506370312e+01 7.80864178523684616e-01
1.21628871509051226e+01 1.19563226582916666e+01 7.80864178523684727e-01
1.15098514313778750e+01 1.11891502416822561e+01 7.86754551109959732e-01
1.07440880009002200e+01 1.05371590745567651e+01 -7.80864178523657970e-01
1.00356400085548447e+01 9.83136692675442525e+00 -7.80864178523658192e-01
9.33174546287083118e+00 9.12106037072943288e+00 -7.80864178523658192e-01
8.62329747052546480e+00 8.41526822292709475e+00 -7.80864178523675401e-01
7.91183857483329689e+00 7.70791373293581383e+00 -7.87398301072031903e-01
7.20534409695088485e+00 6.99839634111849129e+00 7.80864178523664187e-01
6.52547586633322041e+00 6.26197163249985955e+00 -7.87129517808277890e-01
5.78772276834763844e+00 5.58119132566398868e+00 -7.80864178523639652e-01
5.07828328891049452e+00 4.87439865898303015e+00 -7.80864178523669628e-01
4.37438745218857861e+00 4.16409080015965483e+00 -7.80864178523669739e-01
3.66370033719590893e+00 3.45603913279449237e+00 -7.80864178523669739e-01
2.93824754432378654e+00 2.73308728206205842e+00 -7.80864178523669739e-01
1.56344466224357657e+01 1.41370185566437545e+01 7.80864178523684727e-01
1.49892710573186569e+01 1.33674018049307275e+01 7.80864178523684727e-01
1.42834789095163046e+01 1.26589538125853700e+01 7.80864178523684727e-01
1.35731733958547096e+01 1.19550602998551962e+01 7.80864178523684727e-01
1.28673812480523608e+01 1.12466123075098317e+01 7.80864178523684727e-01
1.22390277022250871e+01 1.04574001408899182e+01 -7.85115696491279325e-01
1.14501677342536894e+01 9.82900128747528967e+00 -7.80864178523657970e-01
1.07417197419083159e+01 9.12320913967294800e+00 -7.80864178523657970e-01
1.00378262291781617e+01 8.41290362601133701e+00 -7.80864178523657970e-01
9.32937823683278289e+00 7.70711147820898823e+00 -7.80864178523675401e-01
8.61876675279808957e+00 6.99976529058076924e+00 -7.86176268865133698e-01
7.91141600008258195e+00 6.29024955330420266e+00 7.80864178523664187e-01
7.23337035906791392e+00 5.55106363481386289e+00 -7.85679396213796455e-01
6.49380498004869899e+00 4.87303603950619824e+00 -7.80864178523639652e-01
5.78535698770334683e+00 4.16724389170385834e+00 -7.80864178523669739e-01
5.08146347497318374e+00 3.45693837804225357e+00 -7.80864178523669739e-01
4.37301548262782447e+00 2.75114623023990035e+00 -7.80864178523669739e-01
3.66456749028245277e+00 2.04535408243755779e+00 -7.80864178523669739e-01
1.63428706127628836e+01 1.34312026234918473e+01 7.80864178523684727e-01
1.56976950476457766e+01 1.26615858717788203e+01 7.80864178523684727e-01
1.50333177743609880e+01 1.19113457430017302e+01 7.80864178523684727e-01
1.42815973861818275e+01 1.12492443667032873e+01 7.80864178523684727e-01
1.35758052383794787e+01 1.05407963743579227e+01 7.80864178523684727e-01
1.29868430476636778e+01 9.71219444324161785e+00 7.85725116439742077e-01
1.21585798950193613e+01 9.12319717466575675e+00 -7.80864178523657970e-01
1.14501319026739878e+01 8.41740502686341863e+00 -7.80864178523657970e-01
1.07462383899438318e+01 7.70709951320180586e+00 -7.80864178523657859e-01
1.00367990675936429e+01 7.00030700503877767e+00 -7.80864178523675290e-01
9.32618217085280321e+00 6.29296623854657611e+00 -7.86176268865133698e-01
8.61883937335585948e+00 5.58344203577151976e+00 7.80864178523664187e-01
7.94605557311897570e+00 4.83525391262431103e+00 7.88263010390853669e-01
7.20034694924277119e+00 4.16534469892586490e+00 -7.80864178523639652e-01
6.49189895689741725e+00 3.45955255112352500e+00 -7.80864178523669739e-01
5.82385306403198477e+00 2.71372143376739849e+00 -7.80866428747566288e-01
5.07955595799910853e+00 2.04345338222905326e+00 -7.80864178523669739e-01
4.37110747574763181e+00 1.33766074005788482e+00 -7.80864178523669739e-01
1.82404172875593922e+01 5.00000000000000000e-01 4.55734951432443518e-17
1.82404172875593922e+01 1.50000000000084199e+00 -1.01871835004495602e-17
1.82404172875593922e+01 2.50000000000168399e+00 -1.31654616445787621e-17
1.82404172875593922e+01 3.50000000000252776e+00 -1.54553021679827593e-17
1.82404172875593922e+01 4.50000061020556519e+00 8.37142841262520911e-18
1.82404172875593922e+01 5.50102253075201553e+00 -4.30793387608036696e-17
1.82404172875593922e+01 6.50117530225316909e+00 -8.33211569469565685e-18
1.82404172875593922e+01 7.50131928822342875e+00 -4.19116369989542325e-17
1.82404172875593922e+01 8.50206224884469819e+00 0.00000000000000000e+00
1.82404172875593922e+01 9.50282131091919169e+00 3.11546462906747283e-17
1.82404172875593922e+01 1.05032926791611754e+01 0.00000000000000000e+00
1.82404172875593922e+01 1.15038528830826348e+01 0.00000000000000000e+00
1.82404172875593922e+01 1.25064083444068910e+01 0.00000000000000000e+00
1.82404172875593922e+01 1.35071277016002291e+01 0.00000000000000000e+00
1.82404172875593922e+01 1.45074221318713281e+01 0.00000000000000000e+00
1.82404172875593922e+01 1.55077456490574743e+01 0.00000000000000000e+00
1.82404172875593922e+01 1.65104083466168632e+01 3.20138361651810849e-17
1.82404172875593922e+01 1.75112629032421410e+01 -2.99547366037261753e-17
5.01341841178003733e-01 1.82404172875593815e+01 0.00000000000000000e+00
1.50170597307376852e+00 1.82404172875593815e+01 4.77150293291653295e-17
2.50401236236857372e+00 1.82404172875593815e+01 7.29876798880811996e-17
3.50434216771970242e+00 1.82404172875593815e+01 5.72502033385333627e-17
4.50470629960707925e+00 1.82404172875593815e+01 8.00797720903563186e-17
5.50701268890628093e+00 1.82404172875593815e+01 7.72511007273463425e-17
6.50757134804137394e+00 1.82404172875593815e+01 0.00000000000000000e+00
7.50934902179830033e+00 1.82404172875593815e+01 -3.53701437310939570e-18
8.51051406654956466e+00 1.82404172875593815e+01 0.00000000000000000e+00
9.51339732749722700e+00 1.82404172875593744e+01 4.82834943164564723e-15
1.05141225091939337e+01 1.82404172875593673e+01 2.67966019708429338e-17
1.15154607137990386e+01 1.82404172875593744e+01 -5.11881389898173532e-17
1.25186149970613521e+01 1.82241760153640726e+01 -1.31302843299344572e-03
1.35226172346619506e+01 1.82384652434644323e+01 -4.03377817006702645e-04
1.45248287581017550e+01 1.82392961020940518e+01 -1.41319587916348952e-04
1.55252578605597726e+01 1.82404172875593815e+01 -6.56280474059947986e-17
1.65283662795154278e+01 1.82404172875593815e+01 0.00000000000000000e+00
