# n = 335
# s = 18.822875655543559
# x y theta(rad)
5.00000000000000000e-01 1.72222807327659559e+01 -0.00000000000000000e+00
5.00000000000000000e-01 1.62213586740241453e+01 -1.55431223447521916e-15
5.00000000000000000e-01 1.52204239508058521e+01 -2.22044604925031308e-16
5.00000000000000000e-01 1.42194608060854186e+01 -0.00000000000000000e+00
5.00000000000000000e-01 1.32185151287641069e+01 -0.00000000000000000e+00
5.00000000000000000e-01 1.22169914772605228e+01 -0.00000000000000000e+00
5.00000000000000000e-01 1.12155234028555171e+01 -0.00000000000000000e+00
5.00000000000000000e-01 1.02138255881574267e+01 -2.22044604925031308e-16
5.00000000000000000e-01 9.21208327156084117e+00 -0.00000000000000000e+00
5.00000000000000000e-01 8.20987290520951163e+00 -0.00000000000000000e+00
5.00000000000000000e-01 7.20751117892311122e+00 -0.00000000000000000e+00
5.00000000000000000e-01 6.20546122949889600e+00 -2.22044604925031308e-16
5.00000000000000000e-01 5.20354934496259958e+00 -0.00000000000000000e+00
5.00000000000003553e-01 4.20059128516339619e+00 1.77635683940025046e-15
5.00002913671529825e-01 3.19809899257286467e+00 -5.34588994960394359e-06
1.50000000000061107e+00 1.73228756555429513e+01 -2.22044604925031308e-16
1.50001727813448227e+00 1.63228756555423367e+01 -4.44089209850062616e-16
1.50000000000061107e+00 1.53228756555417309e+01 -0.00000000000000000e+00
1.50000000000061107e+00 1.43228756555411234e+01 -0.00000000000000000e+00
1.50000000000061107e+00 1.33228756555405159e+01 -0.00000000000000000e+00
1.50000000000061107e+00 1.23228756555399084e+01 -0.00000000000000000e+00
1.50000000000061107e+00 1.13228756555393026e+01 -0.00000000000000000e+00
1.50000000000061107e+00 1.03228756555386934e+01 -2.22044604925031308e-16
1.50000000000061107e+00 9.32287565553808761e+00 -0.00000000000000000e+00
1.50000000000061107e+00 8.32287565553748010e+00 8.88178419700125232e-16
1.50000000000061107e+00 7.32287565553687081e+00 1.77635683940025046e-15
1.50000000000061462e+00 6.32287565553626507e+00 1.77635683940025046e-15
1.50000000000061462e+00 5.32287565553565756e+00 2.66453525910037570e-15
1.50000000000061462e+00 4.32287565553505182e+00 3.10862446895043831e-15
2.50000000000121503e+00 1.73228756555429513e+01 -2.22044604925031308e-16
2.50129837304088909e+00 1.63228756555423438e+01 -2.22044604925031308e-16
2.50000000000121503e+00 1.53228756555417309e+01 -2.22044604925031308e-16
2.50000000000121503e+00 1.43228756555411234e+01 -0.00000000000000000e+00
2.50000000000121503e+00 1.33228756555405177e+01 -0.00000000000000000e+00
2.50000000000121503e+00 1.23228756555399084e+01 -0.00000000000000000e+00
2.50000000000121503e+00 1.13228756555393026e+01 -0.00000000000000000e+00
2.50000000000121503e+00 1.03228756555386934e+01 -2.22044604925031308e-16
2.50000000000121503e+00 9.32287565553808761e+00 -0.00000000000000000e+00
2.50000000000121503e+00 8.32287565553747655e+00 8.88178419700125232e-16
2.50000000009714185e+00 7.32287565553686726e+00 1.77635683940025046e-15
2.50000000000121858e+00 6.32287565553626330e+00 2.66453525910037570e-15
2.50000000000121858e+00 5.32287565553565400e+00 3.10862446895043831e-15
3.50000000000182432e+00 1.73228756555429513e+01 -2.22044604925031308e-16
3.50251155532880176e+00 1.63228756555423438e+01 -2.22044604925031308e-16
3.50000000000182432e+00 1.53228756555417309e+01 -2.22044604925031308e-16
3.50000000000182432e+00 1.43228756555411234e+01 -0.00000000000000000e+00
3.50000000000182432e+00 1.33228756555405177e+01 -0.00000000000000000e+00
3.50000000000182432e+00 1.23228756555399084e+01 -0.00000000000000000e+00
3.50000000000182432e+00 1.13228756555393009e+01 -0.00000000000000000e+00
3.50000000000182432e+00 1.03228756555386934e+01 -0.00000000000000000e+00
3.50000000000182432e+00 9.32287565553808761e+00 -0.00000000000000000e+00
3.50000000000182432e+00 8.32287565553747655e+00 8.88178419700125232e-16
3.50000000012979129e+00 7.32287565553686726e+00 1.77635683940025046e-15
3.50000000000182965e+00 6.32287565553626152e+00 2.66453525910037570e-15
4.50000000000243006e+00 1.73228756555429513e+01 -2.22044604925031308e-16
4.50315747189391757e+00 1.63228756555423438e+01 1.77635683940025046e-15
4.50000000000243006e+00 1.53228756555417309e+01 -2.22044604925031308e-16
4.50000000000243006e+00 1.43228756555411199e+01 -2.22044604925031308e-16
4.50000000000243006e+00 1.33228756555405123e+01 -0.00000000000000000e+00
4.50000000000243006e+00 1.23228756555399048e+01 -0.00000000000000000e+00
4.50000000000243006e+00 1.13228756555392991e+01 -0.00000000000000000e+00
4.50000000000243006e+00 1.03228756555386898e+01 -2.22044604925031308e-16
4.50000000000243006e+00 9.32287565553808584e+00 -2.22044604925031308e-16
4.50000000000243006e+00 8.32287565553747655e+00 8.88178419700125232e-16
4.50000000015342394e+00 7.32287565551700048e+00 9.01811958442522155e-12
5.50000000000303757e+00 1.73228756555429513e+01 -2.22044604925031308e-16
5.50533848989293162e+00 1.63228756555423438e+01 -2.22044604925031308e-16
5.50000000000303757e+00 1.53228756555417345e+01 -0.00000000000000000e+00
5.50000000000303579e+00 1.43228756555411234e+01 -2.22044604925031308e-16
5.50000000000303579e+00 1.33228756555405194e+01 -0.00000000000000000e+00
5.50000000000303757e+00 1.23228756555399119e+01 -0.00000000000000000e+00
5.50000000000303579e+00 1.13228756555393044e+01 -0.00000000000000000e+00
5.50000000000303757e+00 1.03228756555386969e+01 -2.22044604925031308e-16
5.50000000000303579e+00 9.32287565553809294e+00 -2.22044604925031308e-16
5.50000000000303757e+00 8.32287565553748365e+00 8.88178419700125232e-16
6.50000000000364508e+00 1.73228756555429513e+01 -2.22044604925031308e-16
6.50729137278274550e+00 1.63228756555423438e+01 -0.00000000000000000e+00
6.50000000000364508e+00 1.53228756555417345e+01 8.88178419700125232e-16
6.50000000000364508e+00 1.43228756555411234e+01 -0.00000000000000000e+00
6.50000000000364508e+00 1.33228756555405194e+01 -0.00000000000000000e+00
6.50000000000364508e+00 1.23228756555399119e+01 -0.00000000000000000e+00
6.50000000000364508e+00 1.13228756555393044e+01 8.88178419700125232e-16
6.50000000000364508e+00 1.03228756555386969e+01 8.88178419700125232e-16
6.50000000000364508e+00 9.32287565553809294e+00 8.88178419700125232e-16
7.50000000000425082e+00 1.73228756555429513e+01 -2.22044604925031308e-16
7.50878644377186788e+00 1.63228756555423438e+01 -0.00000000000000000e+00
7.50000000000425260e+00 1.53228756555417345e+01 4.44089209850062616e-16
7.50000000000425082e+00 1.43228756555411234e+01 -0.00000000000000000e+00
7.50000000000425082e+00 1.33228756555405194e+01 -0.00000000000000000e+00
7.50000000000425082e+00 1.23228756555399119e+01 4.44089209850062616e-16
7.50000000000425260e+00 1.13228756555393044e+01 4.44089209850062616e-16
7.50000000000425260e+00 1.03228756555386969e+01 8.88178419700125232e-16
8.50000000000485834e+00 1.73228756555429513e+01 -2.22044604925031308e-16
8.51022319349697121e+00 1.63228756555423438e+01 -2.22044604925031308e-16
8.50000000000485834e+00 1.53228756555417345e+01 4.44089209850062616e-16
8.50000000000485478e+00 1.43228756555411234e+01 -0.00000000000000000e+00
8.50000000000485834e+00 1.33228756555405194e+01 8.88178419700125232e-16
8.50000000000485834e+00 1.23228756555399119e+01 1.33226762955018785e-15
8.50000000000485478e+00 1.13228756555393044e+01 8.88178419700125232e-16
9.50000000000546230e+00 1.73228756555429513e+01 -2.22044604925031308e-16
9.51124239426038720e+00 1.63228756555423438e+01 -2.22044604925031308e-16
9.50000000000546230e+00 1.53228756555417345e+01 4.44089209850062616e-16
9.50000000000546052e+00 1.43228756555411234e+01 -0.00000000000000000e+00
9.50000000000546052e+00 1.33228756555405177e+01 8.88178419700125232e-16
9.50000000000546052e+00 1.23228756555399119e+01 1.33226762955018785e-15
1.05000000000060716e+01 1.73228756555429513e+01 -2.22044604925031308e-16
1.05123975557820319e+01 1.63228756555423438e+01 -2.22044604925031308e-16
1.05000000000060716e+01 1.53228756555417345e+01 4.44089209850062616e-16
1.05000000000060716e+01 1.43228756555411234e+01 1.33226762955018785e-15
1.05000000000060716e+01 1.33228756555405194e+01 4.44089209850062616e-16
1.15000000000066755e+01 1.73228756555429513e+01 -2.22044604925031308e-16
1.15134544662780698e+01 1.63228756555423438e+01 -0.00000000000000000e+00
1.15000000000066755e+01 1.53228756555417345e+01 -0.00000000000000000e+00
1.15000000000066755e+01 1.43228756555411234e+01 -0.00000000000000000e+00
1.25000000000072831e+01 1.73228756555429513e+01 -2.22044604925031308e-16
1.25149128706040820e+01 1.63228756555423438e+01 -0.00000000000000000e+00
1.25000000000072831e+01 1.53228756555417345e+01 -0.00000000000000000e+00
1.35000000000078888e+01 1.73228756555429513e+01 -2.22044604925031308e-16
1.35196480054726180e+01 1.63188594440330341e+01 8.06503210334064136e-03
1.45000000000084945e+01 1.73228756555429513e+01 -0.00000000000000000e+00
1.73170677038566474e+01 5.00000000000000000e-01 -0.00000000000000000e+00
1.73228756555429477e+01 1.50000000000060751e+00 8.88178419700125232e-16
1.73228756555429442e+01 2.50000000000121503e+00 8.88178419700125232e-16
1.73228756555429477e+01 3.50000000000182254e+00 8.88178419700125232e-16
1.73228756555429513e+01 4.50000000000242828e+00 8.88178419700125232e-16
1.73228756555429513e+01 5.50000000000303402e+00 8.88178419700125232e-16
1.73228756555429513e+01 6.50000000000364153e+00 8.88178419700125232e-16
1.73228756555429513e+01 7.50000000000424549e+00 8.88178419700125232e-16
1.73228756555429513e+01 8.50000000000485478e+00 8.88178419700125232e-16
1.73228756555429513e+01 9.50000000000546052e+00 8.88178419700125232e-16
1.73228756555429513e+01 1.05000000000060680e+01 -0.00000000000000000e+00
1.73228756555429513e+01 1.15000000000066755e+01 -0.00000000000000000e+00
1.73228756555429513e+01 1.25000000000072813e+01 -0.00000000000000000e+00
1.73226100450732119e+01 1.35000000000078870e+01 -0.00000000000000000e+00
1.73228756555429513e+01 1.45000000000084963e+01 -0.00000000000000000e+00
1.73228756555429513e+01 1.55000000000091038e+01 8.88178419700125232e-16
1.63170189399178476e+01 5.00000000000000000e-01 -0.00000000000000000e+00
1.63228756555423367e+01 1.50000000000060751e+00 8.88178419700125232e-16
1.63228756555423402e+01 2.50000000000121503e+00 4.44089209850062616e-16
1.63228756555423438e+01 3.50000000000182077e+00 8.88178419700125232e-16
1.63228756555423438e+01 4.50000000000242828e+00 8.88178419700125232e-16
1.63228756555423473e+01 5.50000000000303402e+00 8.88178419700125232e-16
1.63228756555423473e+01 6.50000000000364153e+00 4.44089209850062616e-16
1.63228756555423473e+01 7.50000000000424727e+00 8.88178419700125232e-16
1.63228756555423473e+01 8.50000000000485478e+00 8.88178419700125232e-16
1.63228756555423473e+01 9.50000000000546230e+00 4.44089209850062616e-16
1.63228756555423473e+01 1.05000000000060680e+01 4.44089209850062616e-16
1.63228756555423473e+01 1.15000000000066755e+01 4.44089209850062616e-16
1.63228756555423473e+01 1.25000000000072813e+01 -0.00000000000000000e+00
1.63226099930226596e+01 1.35000000000078870e+01 -0.00000000000000000e+00
1.63228756555423473e+01 1.45000000000084928e+01 -0.00000000000000000e+00
1.53167612606292174e+01 5.00000000000000000e-01 -0.00000000000000000e+00
1.53228756555417203e+01 1.50000000000060751e+00 -0.00000000000000000e+00
1.53228756555417238e+01 2.50000000000121503e+00 4.44089209850062616e-16
1.53228756555417274e+01 3.50000000000182077e+00 4.44089209850062616e-16
1.53228756555417327e+01 4.50000000000242828e+00 8.88178419700125232e-16
1.53228756555417345e+01 5.50000000000303224e+00 4.44089209850062616e-16
1.53228756555417345e+01 6.50000000000364153e+00 4.44089209850062616e-16
1.53228756555417345e+01 7.50000000000424549e+00 4.44089209850062616e-16
1.53228756555417345e+01 8.50000000000485478e+00 -0.00000000000000000e+00
1.53228756555417345e+01 9.50000000000546052e+00 4.44089209850062616e-16
1.53228756555417345e+01 1.05000000000060680e+01 4.44089209850062616e-16
1.53228756555417345e+01 1.15000000000066755e+01 4.44089209850062616e-16
1.53228756555417327e+01 1.25000000000072813e+01 4.44089209850062616e-16
1.53226099917678891e+01 1.35000000008832401e+01 -2.40332642675866737e-10
1.43164839801900090e+01 5.00000000000000000e-01 -0.00000000000000000e+00
1.43228756555411127e+01 1.50000000000060751e+00 -0.00000000000000000e+00
1.43228756555411163e+01 2.50000000000121503e+00 -0.00000000000000000e+00
1.43228756555411234e+01 3.50000000000182077e+00 -0.00000000000000000e+00
1.43228756555411234e+01 4.50000000000242828e+00 4.44089209850062616e-16
1.43228756555411305e+01 5.50000000000303402e+00 -0.00000000000000000e+00
1.43228756555411305e+01 6.50000000000364153e+00 4.44089209850062616e-16
1.43228756555411305e+01 7.50000000000424549e+00 8.88178419700125232e-16
1.43228756555411270e+01 8.50000000000485478e+00 4.44089209850062616e-16
1.43228756555411270e+01 9.50000000000546230e+00 4.44089209850062616e-16
1.43228756555411270e+01 1.05000000000060680e+01 8.88178419700125232e-16
1.43228756555411270e+01 1.15000000000066755e+01 8.88178419700125232e-16
1.43228756555411270e+01 1.25000000000072813e+01 4.44089209850062616e-16
1.33162002237532153e+01 5.00000000000000000e-01 -0.00000000000000000e+00
1.33228756555405035e+01 1.50000000000060751e+00 -0.00000000000000000e+00
1.33228756555405106e+01 2.50000000000121503e+00 -0.00000000000000000e+00
1.33228756555405159e+01 3.50000000000182077e+00 4.44089209850062616e-16
1.33228756555405177e+01 4.50000000000242828e+00 -0.00000000000000000e+00
1.33228756555405230e+01 5.50000000000303402e+00 -0.00000000000000000e+00
1.33228756555405212e+01 6.50000000000364153e+00 8.88178419700125232e-16
1.33228756555405230e+01 7.50000000000424727e+00 8.88178419700125232e-16
1.33228756555405212e+01 8.50000000000485478e+00 8.88178419700125232e-16
1.33228756555405212e+01 9.50000000000546230e+00 8.88178419700125232e-16
1.33228756555405212e+01 1.05000000000060680e+01 8.88178419700125232e-16
1.33228756555405212e+01 1.15000000000066755e+01 8.88178419700125232e-16
1.23159203455270028e+01 5.00000000000000000e-01 -0.00000000000000000e+00
1.23228756555398924e+01 1.50000000000060751e+00 -0.00000000000000000e+00
1.23228756555399031e+01 2.50000000000121503e+00 -0.00000000000000000e+00
1.23228756555399031e+01 3.50000000000182077e+00 -0.00000000000000000e+00
1.23228756555399102e+01 4.50000000000242828e+00 -0.00000000000000000e+00
1.23228756555399137e+01 5.50000000000303402e+00 -0.00000000000000000e+00
1.23228756555399137e+01 6.50000000000364153e+00 4.44089209850062616e-16
1.23228756555399137e+01 7.50000000000424727e+00 8.88178419700125232e-16
1.23228756555399137e+01 8.50000000000485301e+00 8.88178419700125232e-16
1.23228756555399137e+01 9.50000000000546230e+00 8.88178419700125232e-16
1.23228756555399137e+01 1.05000000000060680e+01 1.33226762955018785e-15
1.13156457100397070e+01 5.00000000000000000e-01 -0.00000000000000000e+00
1.13228756555392831e+01 1.50000000000060751e+00 -0.00000000000000000e+00
1.13228756555392902e+01 2.50000000000121503e+00 4.44089209850062616e-16
1.13228756555392955e+01 3.50000000000182077e+00 4.44089209850062616e-16
1.13228756555392973e+01 4.50000000000242828e+00 4.44089209850062616e-16
1.13228756555393044e+01 5.50000000000303402e+00 8.88178419700125232e-16
1.13228756555393044e+01 6.50000000000364153e+00 8.88178419700125232e-16
1.13228756555393062e+01 7.50000000000424549e+00 8.88178419700125232e-16
1.13228756555393044e+01 8.50000000000485478e+00 1.33226762955018785e-15
1.13228756555393044e+01 9.50000000000546230e+00 1.33226762955018785e-15
1.03153749578774665e+01 5.00000000000000000e-01 -0.00000000000000000e+00
1.03228756555386791e+01 1.50000000000060751e+00 4.44089209850062616e-16
1.03228756555386862e+01 2.50000000000121503e+00 8.88178419700125232e-16
1.03228756555386898e+01 3.50000000000182077e+00 8.88178419700125232e-16
1.03228756555386934e+01 4.50000000000242828e+00 8.88178419700125232e-16
1.03228756555387005e+01 5.50000000000303224e+00 8.88178419700125232e-16
1.03228756555387005e+01 6.50000000000363976e+00 8.88178419700125232e-16
1.03228756555387022e+01 7.50000000000424549e+00 1.33226762955018785e-15
1.03228756555387022e+01 8.50000000000485478e+00 1.33226762955018785e-15
9.31510604350059879e+00 5.00000000000000000e-01 -0.00000000000000000e+00
9.32287565553806985e+00 1.50000000000060751e+00 8.88178419700125232e-16
9.32287565553807696e+00 2.50000000000121503e+00 8.88178419700125232e-16
9.32287565553808228e+00 3.50000000000182077e+00 8.88178419700125232e-16
9.32287565553808406e+00 4.50000000000242828e+00 8.88178419700125232e-16
9.32287565553809294e+00 5.50000000000303402e+00 8.88178419700125232e-16
9.32287565553809472e+00 6.50000000000364153e+00 8.88178419700125232e-16
9.32287565553809472e+00 7.50000000000424549e+00 1.33226762955018785e-15
8.31483686382013687e+00 5.00000000000000000e-01 -0.00000000000000000e+00
8.32287565553746056e+00 1.50000000000060751e+00 8.88178419700125232e-16
8.32287565553747122e+00 2.50000000000121503e+00 8.88178419700125232e-16
8.32287565553747477e+00 3.50000000000182077e+00 8.88178419700125232e-16
8.32287565553747477e+00 4.50000000000242828e+00 1.33226762955018785e-15
8.32287565553748543e+00 5.50000000000303402e+00 8.88178419700125232e-16
8.32287565553748898e+00 6.50000000000364153e+00 8.88178419700125232e-16
7.31456579522192740e+00 5.00000000000000000e-01 4.44089209850062616e-16
7.32287565553685660e+00 1.50000000000060751e+00 8.88178419700125232e-16
7.32287565553686548e+00 2.50000000000121503e+00 8.88178419700125232e-16
7.32287565553686903e+00 3.50000000000182254e+00 8.88178419700125232e-16
7.32286166904667546e+00 4.50000000000242828e+00 8.88178419700125232e-16
7.32287565553688324e+00 5.50000000000303402e+00 1.33226762955018785e-15
6.31429336553629739e+00 5.00000000000000000e-01 -0.00000000000000000e+00
6.32287565553624731e+00 1.50000000000060751e+00 -2.22044604925031308e-16
6.32287565553625797e+00 2.50000000000121503e+00 -2.22044604925031308e-16
6.32287565553626152e+00 3.50000000000182254e+00 -2.22044604925031308e-16
6.32283792595410787e+00 4.50000000019102941e+00 3.56246587784880830e-10
5.31402744551546746e+00 5.00000000000000000e-01 8.88178419700125232e-16
5.32287565553563979e+00 1.50000000000060751e+00 1.77635683940025046e-15
5.32287565553564868e+00 2.50000000000121503e+00 1.77635683940025046e-15
5.32287565553565223e+00 3.50000000000182254e+00 1.77635683940025046e-15
4.31377684990779464e+00 5.00000000000000000e-01 8.88178419700125232e-16
4.32287565553503228e+00 1.50000000000060751e+00 1.77635683940025046e-15
4.32287565553504294e+00 2.50000000000121503e+00 2.66453525910037570e-15
3.31366752004275256e+00 5.00000000000000000e-01 8.88178419700125232e-16
3.32287565553442654e+00 1.50000000000060751e+00 1.77635683940025046e-15
2.31364013141090652e+00 5.00002829912791213e-01 -1.50904249318628558e-07
5.00000000070748740e-01 5.00000000118024701e-01 4.72883954216740676e-11
1.72887987695603336e+01 1.72570737325630184e+01 5.65432208924723678e-01
5.04214857421544593e-01 2.19388162728499481e+00 8.46289024777258092e-03
1.38584196324348596e+00 1.33526236035969958e+00 5.06113438773607704e-01
1.66268628144711528e+00 2.95507155078784045e+00 4.25341979973516748e-01
2.14228202229429954e+00 2.03328982384744705e+00 5.06113438622386447e-01
2.51195367509142997e+00 3.50539636050379144e+00 4.24031792429355514e-01
3.00050682855289352e+00 2.62876971220493516e+00 4.24031792429354626e-01
3.21768710283026849e+00 4.37255938722997861e+00 4.24031792501871951e-01
3.70622549941111501e+00 3.49592607742907191e+00 4.24031792501872173e-01
3.92341988850237122e+00 5.23972212397471893e+00 4.24031792839671962e-01
4.41194417027171681e+00 4.36308244253737065e+00 4.24031792839673072e-01
4.66835687584298142e+00 6.02677388428298677e+00 4.52806504004930721e-01
5.15780015323562679e+00 5.14470650262734353e+00 4.38225448882561652e-01
5.54550854001096738e+00 6.54813458260402115e+00 4.92437266151267261e-01
6.03697366911075051e+00 5.67697908341311397e+00 4.92437266141399377e-01
6.26421253263844591e+00 7.39356176438956680e+00 4.24031804980086635e-01
6.75747297337249364e+00 6.51906006746589384e+00 4.24031804980086413e-01
6.96993119946055373e+00 8.26071812334015831e+00 4.24031804972036186e-01
7.46319164011129743e+00 7.38621642637808584e+00 4.24031804972036408e-01
7.67564418221016354e+00 9.12788707386843434e+00 4.24031805034732923e-01
8.16891030685275155e+00 8.25337278530040486e+00 4.24031804958011627e-01
8.58708737919885934e+00 9.53931300778387836e+00 4.24031804958010961e-01
9.08098868632901279e+00 8.66339163359231534e+00 4.24031805006812590e-01
9.29280604600871030e+00 1.04064693667393016e+01 4.24031805004060791e-01
9.78606648642732324e+00 9.53196766967559306e+00 4.24031805004061679e-01
9.99852471281688793e+00 1.12736257256731953e+01 4.24031805002572870e-01
1.04917851531574975e+01 1.03991240285741320e+01 4.24031805002572648e-01
1.07042370131337865e+01 1.21407961879067532e+01 4.24031805086440450e-01
1.11975038198914891e+01 1.12662803874582647e+01 4.24031805035100851e-01
1.16156808925067931e+01 1.25522206101402443e+01 4.24031805035100851e-01
1.21154816705364521e+01 1.16632304563380025e+01 4.24031805078197266e-01
1.23213995592892758e+01 1.34193769690567741e+01 4.24031805075307577e-01
1.28146599994086845e+01 1.25448752718650187e+01 4.24031805075307355e-01
1.30271182260973095e+01 1.42865333278464011e+01 4.24031805626914782e-01
1.35203786661367324e+01 1.34120316306728711e+01 4.24031805626915670e-01
1.37443538969720507e+01 1.51388735290329759e+01 5.24902955525596848e-01
1.42410818171237317e+01 1.42541260094369200e+01 4.95339645170322029e-01
1.46497463848950495e+01 1.55719891284319463e+01 5.26000818238812506e-01
1.51445979174126961e+01 1.46855730208095050e+01 4.95339645167883091e-01
1.53598644295916031e+01 1.64367406713126840e+01 4.24031805507957271e-01
1.58478979678092404e+01 1.55598794609945177e+01 4.24031805507957715e-01
1.60655830961826815e+01 1.73038970299712851e+01 4.24031805498588987e-01
1.65536166343810187e+01 1.64270358196435389e+01 4.24031805498587877e-01
1.83170946953444549e+01 5.00000000000000000e-01 -0.00000000000000000e+00
1.83228756555435588e+01 1.50000000000060751e+00 4.44089209850062616e-16
1.83228756555435588e+01 2.50000000000121503e+00 8.88178419700125232e-16
1.83228756555435588e+01 3.50000000000182254e+00 8.88178419700125232e-16
1.83228756555435588e+01 4.50000000000242828e+00 1.33226762955018785e-15
1.83228756555435588e+01 5.50000000000303402e+00 1.33226762955018785e-15
1.83228756555435588e+01 6.50000000000364153e+00 1.33226762955018785e-15
1.83228756555435588e+01 7.50000000000424727e+00 1.77635683940025046e-15
1.83228756555435588e+01 8.50000000000485478e+00 1.77635683940025046e-15
1.83228756555435588e+01 9.50000000000546230e+00 1.77635683940025046e-15
1.83228756555435588e+01 1.05000000000060680e+01 1.77635683940025046e-15
1.83228756555435588e+01 1.15000000000066773e+01 1.77635683940025046e-15
1.83228756555435588e+01 1.25000000000072848e+01 1.77635683940025046e-15
1.83226103771696636e+01 1.35000000000084377e+01 1.09690034832965466e-12
1.83228756555435588e+01 1.45000220240347648e+01 -0.00000000000000000e+00
1.83228756555435588e+01 1.55000328891276649e+01 8.88178419700125232e-16
1.83212887242157798e+01 1.65007000771778429e+01 3.04720648221845636e-04
1.81328066981538463e+01 1.77934048254978983e+01 5.65432208928834612e-01
5.00000000000000000e-01 1.82230158030950840e+01 -0.00000000000000000e+00
1.50000000000061107e+00 1.83228756555435552e+01 -2.22044604925031308e-16
2.50000000000121503e+00 1.83228756555435552e+01 -2.22044604925031308e-16
3.50000000000182432e+00 1.83228756555435552e+01 -2.22044604925031308e-16
4.50000000000243006e+00 1.83228756555435552e+01 -2.22044604925031308e-16
5.50000000000303757e+00 1.83228756555435552e+01 -2.22044604925031308e-16
6.50000000000364508e+00 1.83228756555435552e+01 -2.22044604925031308e-16
7.50000000000425082e+00 1.83228756555435552e+01 -2.22044604925031308e-16
8.50000000000485478e+00 1.83228756555435552e+01 -2.22044604925031308e-16
9.50000000000546052e+00 1.83228756555435552e+01 -2.22044604925031308e-16
1.05000000000060680e+01 1.83228756555435552e+01 -2.22044604925031308e-16
1.15000000000066738e+01 1.83228756555435552e+01 -2.22044604925031308e-16
1.25000000000072813e+01 1.83228756555435552e+01 -2.22044604925031308e-16
1.35000000000078888e+01 1.83228756555435552e+01 -2.22044604925031308e-16
1.45000000000084945e+01 1.83228756555435552e+01 -0.00000000000000000e+00
1.55000000000091038e+01 1.83228756555435552e+01 -0.00000000000000000e+00
1.68016435541569500e+01 1.81327020233159963e+01 5.66111678722874601e-01
