# n = 336
# s = 18.825571499868651
# x y theta(rad)
5.00000000000007105e-01 1.73255714998682357e+01 -7.11284986984318749e-18
1.50000000000036593e+00 1.72956154812019953e+01 4.53999567496605098e-16
2.50000000000072475e+00 1.73255714998682357e+01 1.11881341484318619e-16
3.50000000000108002e+00 1.73255714998682393e+01 1.89160122179000190e-15
4.50000000000146372e+00 1.73255714998682677e+01 5.14450711472136772e-14
5.50000000000185096e+00 1.73255714998682926e+01 -2.43805910765211426e-15
6.50000000000215650e+00 1.73255714998682357e+01 -2.40573194251437205e-15
4.30708369853115158e+00 2.50000000000071765e+00 6.35506801087188113e-16
8.50000000000287947e+00 1.73255714998682393e+01 6.91357483724422089e-15
9.50000000000323475e+00 1.73255714998682322e+01 1.12197975128095347e-14
1.05000000000035971e+01 1.73255714998682500e+01 5.75723244802810986e-15
1.15000000000039542e+01 1.73255714998682535e+01 5.54148481366991049e-15
1.25000000000043165e+01 1.73255714998682357e+01 3.13236148049103043e-16
1.35000000000046754e+01 1.73224713053839885e+01 2.97035639402118954e-16
1.45000000000050306e+01 1.73255714998682357e+01 -5.68504120416336367e-15
5.00000000000007105e-01 1.63255714998678769e+01 1.51268120371241230e-18
1.50000000000036593e+00 1.62947131034174895e+01 9.19526818699041948e-15
2.50000000000072475e+00 1.63255714998678769e+01 8.85038816274348879e-17
3.50000000000108180e+00 1.63255714998678805e+01 1.87761409141732372e-15
4.50000000000144240e+00 1.63255714998678805e+01 1.85683710590158296e-15
5.50000000000180123e+00 1.63255714998679338e+01 1.84888731243881126e-15
6.50000000000216183e+00 1.63255714998678769e+01 -2.91841778542997673e-15
7.50000000000251887e+00 1.63255714998678840e+01 -8.34542865584283857e-15
8.50000000000288836e+00 1.63255714998678734e+01 -1.12001788320822440e-14
9.50000000000324540e+00 1.63255714998678627e+01 2.22170502654813684e-16
1.05000000000036113e+01 1.63255714998678876e+01 1.48717246053377005e-14
1.15000000000039542e+01 1.63255714998678982e+01 2.31479451487791339e-16
1.25000000000043201e+01 1.63255714998678805e+01 5.50760394135300599e-15
1.35001311496113949e+01 1.63223150855992394e+01 2.62024126883037304e-04
5.00000000000007105e-01 1.53255714998675199e+01 5.52000805641378773e-17
1.50000000000036593e+00 1.52939621185288477e+01 -8.98266674636226366e-16
2.50000000000072475e+00 1.53255714998675199e+01 3.83464112561617701e-17
3.50000000000108358e+00 1.53255714998675199e+01 -1.58630788557976299e-16
4.50000000000144595e+00 1.53255714998675696e+01 8.52855602805704724e-15
5.50000000000180123e+00 1.53255714998675767e+01 -1.26132681332073533e-16
6.50000000000216005e+00 1.53255714998675163e+01 -1.11301932348952958e-16
7.50000000000251887e+00 1.53255714998675110e+01 -7.25980375561435251e-15
8.50000000000288125e+00 1.53255714998675217e+01 -2.04373393370384539e-15
9.50000000000324185e+00 1.53255714998675323e+01 1.81782093030521614e-14
1.05000000000036042e+01 1.53255714998675270e+01 1.65574997689221081e-14
1.15000000000039577e+01 1.53255714998675341e+01 1.12445474674933784e-14
1.25000000000043201e+01 1.53255714998675252e+01 1.36547909889502085e-14
5.00000000000007105e-01 1.43255714998671611e+01 5.32516353383900983e-17
1.50000000000036593e+00 1.42934739777461886e+01 4.68364814431914740e-18
2.50000000000072475e+00 1.43255714998671611e+01 1.73358018498255437e-16
3.50000000000108180e+00 1.43255714998671593e+01 3.87891013022383192e-17
4.50000000000144595e+00 1.43255714998672108e+01 8.52225828453652141e-15
5.50000000000180655e+00 1.43255714998672179e+01 5.21455833104608831e-15
6.50000000000216360e+00 1.43255714998671575e+01 -1.15640769947638077e-16
7.50000000000252065e+00 1.43255714998671575e+01 4.02712620479033844e-15
8.50000000000287947e+00 1.43255714998671912e+01 3.57153334180632351e-15
9.50000000000324185e+00 1.43255714998671841e+01 -4.08885122225895364e-15
1.05000000000036025e+01 1.43255714998671593e+01 -3.67944836113154500e-15
1.15000000000039648e+01 1.43255714998671841e+01 -4.82545770660009365e-15
5.00000000000007105e-01 1.33255714998668022e+01 -3.63630607128532739e-17
1.50000000000036593e+00 1.32931566858916952e+01 1.03679917289525359e-17
2.50000000000072475e+00 1.33255714998668022e+01 7.33555436734034664e-17
3.50000000000108358e+00 1.33255714998668005e+01 -3.01351238792502908e-15
4.50000000000144240e+00 1.33255714998668022e+01 -3.00048813552572325e-15
5.50000000000180478e+00 1.33255714998668573e+01 6.91169796276013857e-16
6.50000000000216360e+00 1.33255714998667987e+01 -8.39304414781364877e-17
7.50000000000251887e+00 1.33255714998668005e+01 6.59911692374672287e-15
8.50000000000288125e+00 1.33255714998668289e+01 -4.09581598593879289e-15
9.50000000000323652e+00 1.33255714998668289e+01 1.89930661807774034e-15
1.05000000000035989e+01 1.33255714998668022e+01 1.83668235333103229e-15
5.00000000000007105e-01 1.23255714998664416e+01 6.71975079566700422e-16
1.50000000000036593e+00 1.22929504454264187e+01 -8.74354519902539857e-17
2.50000000000072475e+00 1.23255714998664416e+01 2.80947043351105442e-15
3.50000000000108535e+00 1.23255714998664434e+01 5.29134420759186457e-15
4.50000000000144418e+00 1.23255714998664416e+01 -5.77841771828789036e-16
5.50000000000179412e+00 1.23255714998665056e+01 -1.49002241572496323e-14
6.50000000000217071e+00 1.23255714998664345e+01 1.12478221183776257e-14
7.50000000000251887e+00 1.23255714998664416e+01 6.63968502613543879e-15
8.50000000000287947e+00 1.23255714998664718e+01 -7.98466659813187034e-16
9.50000000000324007e+00 1.23255714998664683e+01 1.92160155647988967e-15
5.00000000000007105e-01 1.13255714998660793e+01 6.20036387679640957e-16
1.50000000000036593e+00 1.12928163875595278e+01 6.41666281970089304e-16
2.50000000000072475e+00 1.13255714998660828e+01 5.24869869541567104e-17
3.50000000000107470e+00 1.13255714998660846e+01 -1.90191019588029081e-16
4.50000000000143530e+00 1.13255714998660544e+01 -1.95369064477019358e-14
5.50000000000179590e+00 1.13255714998661468e+01 -1.51651396740808999e-14
6.50000000000217071e+00 1.13255714998660775e+01 7.27862757751630235e-15
7.50000000000253308e+00 1.13255714998660935e+01 -2.14970691539669502e-15
8.50000000000289546e+00 1.13255714998661130e+01 1.08738815472931268e-16
5.00000000000010658e-01 1.03255714998657204e+01 -6.42161080920414869e-15
2.50000000000072475e+00 1.03255714998657240e+01 5.67644927541947866e-17
3.50000000000107647e+00 1.03255714998657186e+01 -1.38626701464490886e-14
4.50000000000144240e+00 1.03255714998658092e+01 -2.76017628726343033e-14
1.50000000000036948e+00 1.02926811879228950e+01 7.81961660523501790e-17
5.50000000000180833e+00 1.03255714998657879e+01 -1.37674864255487236e-14
6.50000000000216360e+00 1.03255714998657151e+01 1.67563737454103701e-16
7.50000000000252243e+00 1.03255714998657293e+01 1.20758595052282812e-16
5.00000000000010658e-01 9.32557149986536160e+00 -6.41306446769750445e-15
1.50000000000036948e+00 9.29264137011201363e+00 -3.17285927406353748e-15
2.50000000000072831e+00 9.32557149986536160e+00 7.00609130609062148e-15
3.50000000000107647e+00 9.32557149986535983e+00 -1.37407589808307453e-14
4.50000000000143174e+00 9.32557149986544864e+00 -2.40681979276370678e-14
5.50000000000177636e+00 9.32557149986542910e+00 2.16113237714477952e-16
6.50000000000213518e+00 9.32557149986535450e+00 1.17760854561813413e-16
5.00000000000003553e-01 8.32557149986500278e+00 -6.44120871229556061e-15
1.50000000000036593e+00 8.29259145608268256e+00 1.94693781930442943e-17
2.50000000000072831e+00 8.32557149986501344e+00 -1.43714899562902549e-14
3.50000000000108891e+00 8.32557149986499923e+00 -1.31680881508003886e-14
4.50000000000142109e+00 8.32557149986505607e+00 4.35077402774882594e-14
5.50000000000184208e+00 8.32557149986503653e+00 -8.06284922956016677e-14
5.00000000000010658e-01 7.32557149986464751e+00 -6.40951411777412516e-15
1.50000000000036593e+00 7.29258304490489806e+00 -1.58049108837486092e-16
2.50000000000072120e+00 7.32557149986465816e+00 -6.85190366431792020e-15
3.50000000000108002e+00 7.32557149986464395e+00 -6.86161698732548642e-15
4.50000000000141398e+00 7.32557149986469724e+00 4.34621504622944804e-14
5.00000000000007105e-01 6.32557149986428513e+00 -3.54737209150091152e-17
1.50000000000036593e+00 6.29257249801982255e+00 -3.88594985670650256e-17
2.50000000000072475e+00 6.32557149986430289e+00 -5.05550475439982056e-17
3.50000000000106937e+00 6.32557149986430289e+00 2.70903899277593877e-14
5.00000000000003553e-01 5.32557149986392275e+00 -6.43980330445892231e-15
1.50000000000036593e+00 5.29256995964697552e+00 -6.49531437781810799e-15
2.50000000000072831e+00 5.32557149986393874e+00 7.52831597817914885e-15
5.00000000000007105e-01 4.32557149986356393e+00 -5.17854768127597870e-19
1.50000056720308450e+00 4.29256762752051912e+00 1.13440607572584181e-06
5.00000000000007105e-01 3.32557149986320510e+00 4.36221967835964675e-19
1.73255714998682429e+01 5.00000000000000000e-01 -1.46478900629691816e-18
1.63255714998678840e+01 5.00000000000000000e-01 -9.09581013964137176e-17
1.53255714998675270e+01 5.00000000000000000e-01 -1.33636388088310964e-17
1.43255714998671682e+01 5.00000000000000000e-01 -9.31760610293076683e-17
1.33255714998668076e+01 5.00000000000000000e-01 -4.12631179499513062e-17
1.23255714998664487e+01 5.00000000000000000e-01 -4.01446698712388146e-17
1.13255714998660899e+01 5.00000000000000000e-01 1.05678655210812998e-15
1.03255714998657311e+01 5.00000000000000000e-01 -2.73568754808591237e-17
9.32557149986537226e+00 5.00000000000000000e-01 8.57026490467465844e-16
8.32557149986501344e+00 5.00000000000000000e-01 -2.90586037275002846e-17
7.32557149986465461e+00 5.00000000000000000e-01 8.26213154347062090e-16
6.32557149986429579e+00 5.00000000000000000e-01 -1.49041140406200596e-17
5.32557149986393696e+00 5.00000000000000000e-01 1.80953416281553537e-17
4.32557149986357814e+00 5.00000000000000000e-01 1.39329650686811711e-15
3.32557149986321932e+00 5.00000000000003553e-01 1.63259179839047964e-15
2.32557149986286049e+00 5.00000000000000000e-01 1.64747088593266213e-15
1.73255714998682464e+01 1.50000000000035882e+00 -2.01127311581043573e-19
1.63255714998678840e+01 1.50000000000035882e+00 -1.31686287279393326e-16
1.53255714998675270e+01 1.50000000000035882e+00 3.26328407189415019e-16
1.43255714998672570e+01 1.50000000000033040e+00 -5.94064130918257364e-14
1.33255714998668058e+01 1.50000000000035882e+00 -1.68838032347394619e-16
1.23255714998664470e+01 1.50000000000036238e+00 2.20701580329260295e-15
1.13255714998660899e+01 1.50000000000035882e+00 1.04586920252526832e-15
1.03255714998657311e+01 1.50000000000036238e+00 1.27974695115497292e-15
9.32557149986537226e+00 1.50000000000035882e+00 4.06266578935728048e-16
8.32557149986501699e+00 1.50000000000035882e+00 1.48213579931611205e-15
7.32557149986465816e+00 1.50000000000036948e+00 -6.82434694559946044e-15
6.32557149986429579e+00 1.50000000000035882e+00 5.82765017179645471e-16
5.32557149986393696e+00 1.50000000000035882e+00 6.14760754877772724e-16
4.32557149986357814e+00 1.50000000000036238e+00 5.89094701974401518e-16
3.32557149986321754e+00 1.50000000000036238e+00 5.91336979680842272e-16
7.50000000000251887e+00 1.73255714998682357e+01 5.53693857521394525e-15
1.73189211433669996e+01 2.50000000000071765e+00 -3.78102589417981479e-16
1.63179650066470359e+01 2.50000000000071765e+00 -3.67090863109524874e-16
1.53167995034953393e+01 2.50000000000063238e+00 -5.93907629741308478e-14
1.43156342802355212e+01 2.50000000000071765e+00 -3.29429927211847180e-16
1.33124789206084024e+01 2.50000000000072120e+00 -2.10650220598010387e-15
1.23113136970051844e+01 2.50000000000072120e+00 1.19298409921374703e-15
1.13107474879474950e+01 2.50000000000072120e+00 1.27767869357954957e-15
1.03103332496428184e+01 2.50000000000071765e+00 -5.41711180966164952e-16
9.30999024920816076e+00 2.50000000000071765e+00 1.28843478432896044e-15
8.30967295733996991e+00 2.50000000000071765e+00 1.40354994629137448e-15
7.30946671603191689e+00 2.50000000000072831e+00 -6.80368898416089113e-15
6.30733266072596876e+00 2.50000000000071765e+00 -1.39342533312064016e-16
5.30719745875369142e+00 2.50000000000071054e+00 -3.32473142654220850e-15
1.73255714998682606e+01 3.50000000000112621e+00 -3.16097259252388467e-14
1.63255714998679160e+01 3.50000000000107647e+00 -4.04471212477191883e-16
1.53255714998675856e+01 3.50000000000104805e+00 6.00273196131691562e-14
1.43255714998671966e+01 3.50000000000108002e+00 1.34208875484292587e-15
1.33255714998668235e+01 3.50000000000106226e+00 3.03656076673197074e-14
1.23255714998664807e+01 3.50000000000108002e+00 -6.94987910320836298e-16
1.13255714998661219e+01 3.50000000000108002e+00 -1.42577193989551768e-15
1.03255714998657577e+01 3.50000000000107647e+00 -4.95349433248114816e-16
9.32557149986538469e+00 3.50000000000107292e+00 1.03112251013308362e-15
8.32557149986503475e+00 3.50000000000107647e+00 1.76884840752475231e-15
7.32557149986467948e+00 3.50000000000109424e+00 1.85316640875159838e-15
6.32557149986432066e+00 3.50000000000106937e+00 2.04624243568066793e-14
5.32557149986394229e+00 3.50000000000106937e+00 -2.04292910623699741e-14
1.73255714998682606e+01 4.50000000000145306e+00 3.16524897579231463e-14
1.63255714998679018e+01 4.50000000000145306e+00 3.16847770908795928e-14
1.53255714998675412e+01 4.50000000000139266e+00 3.08519179935746563e-14
1.43255714998671984e+01 4.50000000000143530e+00 1.58811545436847453e-15
1.33255714998668253e+01 4.50000000000142109e+00 2.97518480235749074e-14
1.23255714998664505e+01 4.50000000000143885e+00 -1.37957012108519929e-15
1.13255714998660935e+01 4.50000000000143885e+00 3.08383540785355688e-15
1.03255714998657240e+01 4.50000000000144951e+00 -2.40612871977586496e-14
9.32557149986538292e+00 4.50000000000143174e+00 1.07100670933316639e-14
8.32557149986502587e+00 4.50000000000143530e+00 2.65069548568644495e-16
7.32557149986466527e+00 4.50000000000144951e+00 7.62464299237246154e-15
6.32557149986431000e+00 4.50000000000142286e+00 1.15642162234846115e-14
1.73255714998682464e+01 5.50000000000182609e+00 -1.20603288701102957e-15
1.63255714998679018e+01 5.50000000000181188e+00 3.02330067770657585e-14
1.53255714998675412e+01 5.50000000000177991e+00 -2.73845884456390710e-14
1.43255714998671682e+01 5.50000000000179412e+00 6.63308927838056796e-16
1.33255714998667969e+01 5.50000000000178346e+00 2.45131119744637924e-14
1.23255714998664381e+01 5.50000000000181188e+00 2.45172706781636691e-14
1.13255714998660917e+01 5.50000000000176925e+00 6.12081544672453904e-16
1.03255714998657311e+01 5.50000000000179767e+00 -2.17636361273130769e-15
9.32557149986538292e+00 5.50000000000178346e+00 -4.43135832686921912e-15
8.32557149986501699e+00 5.50000000000179057e+00 7.41359704446814066e-15
7.32557149986465106e+00 5.50000000000181544e+00 -9.72657211754710191e-15
1.73255714998682535e+01 6.50000000000217781e+00 1.61387605473512247e-14
1.63255714998678734e+01 6.50000000000216716e+00 2.30628711389439541e-14
1.53255714998675234e+01 6.50000000000215650e+00 8.30142812548708613e-15
1.43255714998671646e+01 6.50000000000214939e+00 8.31578594773599693e-15
1.33255714998667951e+01 6.50000000000213873e+00 2.93676663495668058e-14
1.23255714998664345e+01 6.50000000000216716e+00 2.93243602611259907e-14
1.13255714998660597e+01 6.50000000000216005e+00 -2.80972011033611254e-15
1.03255714998657027e+01 6.50000000000212808e+00 6.67317727047704213e-16
9.32557149986535983e+00 6.50000000000215650e+00 2.56456399176562650e-14
8.32557149986501699e+00 6.50000000000216716e+00 -7.13603099587964059e-15
1.73255714998682144e+01 7.50000000000253664e+00 1.61100066953963677e-14
1.63255714998678769e+01 7.50000000000252953e+00 1.61848825099708973e-14
1.53255714998675163e+01 7.50000000000251177e+00 1.98178577735940757e-14
1.43255714998671646e+01 7.50000000000250999e+00 5.55119075133712165e-15
1.33255714998668040e+01 7.50000000000251354e+00 1.03663035402316890e-15
1.23255714998664665e+01 7.50000000000251887e+00 -1.11651030631230461e-14
1.13255714998661130e+01 7.50000000000251887e+00 7.18771728858814218e-16
1.03255714998657542e+01 7.50000000000253664e+00 1.52871171847494810e-14
9.32557149986539713e+00 7.50000000000251354e+00 2.02272197963331361e-14
1.73255714998682393e+01 8.50000000000289724e+00 1.15613787324233692e-14
1.63255714998678592e+01 8.50000000000286704e+00 -2.60230772015859959e-14
1.53255714998675199e+01 9.50000000000321343e+00 -1.20061112151840992e-14
1.43255714998671522e+01 8.50000000000285993e+00 -1.16342085041196396e-14
1.33255714998667933e+01 8.50000000000286882e+00 -6.10661699376142800e-15
1.23255714998664381e+01 8.50000000000287770e+00 -1.09753936104473918e-14
1.13255714998660793e+01 8.50000000000289013e+00 -1.21312693801820720e-14
1.03255714998657204e+01 8.50000000000288303e+00 -9.47965969649653693e-15
1.73255714998682535e+01 9.50000000000326139e+00 1.99574748174206027e-15
1.63255714998678805e+01 9.50000000000323297e+00 -8.52130223435540068e-15
1.53255714998675217e+01 1.05000000000035616e+01 8.05862039932974898e-15
1.43255714998671611e+01 9.50000000000321876e+00 -1.16740868072551618e-14
1.33255714998668022e+01 9.50000000000322586e+00 -2.19584491390611074e-15
1.23255714998664416e+01 9.50000000000323830e+00 -6.12542028795908194e-15
1.13255714998660846e+01 9.50000000000324185e+00 -1.43115986222320823e-16
1.73255714998682642e+01 1.05000000000036042e+01 2.99157386159987467e-14
1.63255714998678982e+01 1.05000000000035669e+01 4.44893089770984084e-14
1.53255714998675145e+01 1.15000000000039240e+01 -1.18399974699647209e-14
1.43255714998671735e+01 1.05000000000035776e+01 -1.18604356670340801e-14
1.33255714998668147e+01 1.05000000000035882e+01 -1.16783782304846073e-14
1.23255714998664612e+01 1.05000000000035989e+01 -3.73105250870520956e-16
1.73255714998682535e+01 1.15000000000039631e+01 2.98952477363630463e-14
1.63255714998678947e+01 1.15000000000039186e+01 2.97943182305967690e-14
1.53255714998675092e+01 8.50000000000285461e+00 -8.62274197204253346e-15
1.43255714998671611e+01 1.15000000000039311e+01 -3.54875065659864852e-17
1.33255714998668076e+01 1.15000000000039488e+01 -1.16535599651829731e-14
1.73255714998682322e+01 1.25000000000043237e+01 2.59949215039963304e-14
1.63255714998678840e+01 1.25000000000042704e+01 1.78515118911025957e-14
1.53255714998675181e+01 1.25000000000042935e+01 5.93235367328212874e-15
1.43255714998671575e+01 1.25000000000043059e+01 3.21401160934294738e-14
1.73255714998682535e+01 1.35000000000046860e+01 1.76821167663303761e-14
1.63255714998678947e+01 1.35000000000046221e+01 2.30358772478345812e-15
1.53255714998675359e+01 1.35000000000046541e+01 2.33076474475118535e-15
1.73232979371351945e+01 1.45000000000050449e+01 2.25162376423847806e-15
1.63185875847589834e+01 1.45044003908396988e+01 8.83644979304465221e-03
1.73255714998682429e+01 1.55000000000054055e+01 6.83000842341351100e-18
5.00000000000007105e-01 5.00000000000000000e-01 -4.12267876087613061e-17
1.72736312834086689e+01 1.70248104435886951e+01 -4.84381499205068955e-01
1.63886681532905172e+01 1.74904715417407708e+01 -4.84381499205068955e-01
6.86918372789012466e-01 2.01475373399972568e+00 -5.45866861979085627e-01
1.43529911215507155e+00 1.32060098652705804e+00 -5.45866861979085627e-01
1.50944361014719775e+00 2.71999860931791559e+00 -4.84381499205197352e-01
2.27021555362721728e+00 2.01831903829683768e+00 -4.84381499205197352e-01
2.35977289410219271e+00 3.40255216582901276e+00 -4.84381499205197408e-01
3.13235311815232187e+00 2.70431408195293344e+00 -4.72831479625435980e-01
3.08628124880312882e+00 4.15025938572828323e+00 -4.84381499205197408e-01
3.96635806267323332e+00 3.67531211413637848e+00 -4.84381499205197463e-01
3.64856058195037036e+00 4.98438271034700975e+00 -4.84381499205197463e-01
4.52863739582047486e+00 4.50943543875510500e+00 -4.84381499205197463e-01
4.48528851877581403e+00 5.67409319580238147e+00 -4.84381499205467803e-01
5.36536533264591498e+00 5.19914592421047850e+00 -4.84381499205467803e-01
5.32201645560116532e+00 6.36380368125782603e+00 -4.84381499205467914e-01
6.20209326947126627e+00 5.88885640966592305e+00 -4.84381499205467914e-01
5.97488546114778352e+00 7.15025938572929931e+00 -4.84381499205467969e-01
6.85496227501788624e+00 6.67531211413739811e+00 -4.84381499205467914e-01
6.62440549057894756e+00 7.93847729683148984e+00 -4.84381499205153110e-01
7.50448230444902187e+00 7.46353002523952824e+00 -4.84381499205153110e-01
7.46113342740447116e+00 8.62818778228700900e+00 -4.84381499205184529e-01
8.34121024127457922e+00 8.15324051069502787e+00 -4.84381499205184529e-01
8.29786136423000009e+00 9.31789826774249441e+00 -4.84381499205184529e-01
9.17793817810007440e+00 8.84295099615053282e+00 -4.84381499205184529e-01
8.86348967349327488e+00 1.01502593857304557e+01 -4.84381499205184418e-01
9.74356648736334918e+00 9.67531211413849590e+00 -4.84381499205184474e-01
9.60025039920764556e+00 1.08925718833161120e+01 -4.84381499205184363e-01
1.04803272130777181e+01 1.04176246117241504e+01 -4.84381499205184418e-01
1.04369783360331283e+01 1.15822823687715637e+01 -4.84381499205290611e-01
1.13170551499032008e+01 1.11073350971796003e+01 -4.84381499205290555e-01
1.12737062728585951e+01 1.22719928542270296e+01 -4.84381499205290611e-01
1.21537830867286676e+01 1.17970455826350680e+01 -4.84381499205290611e-01
1.17520938858381125e+01 1.31502593857315375e+01 -4.84381499205130905e-01
1.26321706997081993e+01 1.26753121141395990e+01 -4.84381499205130794e-01
1.25760953078362334e+01 1.38466664698005850e+01 -4.84381499205130850e-01
1.34561721217063166e+01 1.33717191982086483e+01 -4.84381499205130850e-01
1.34128232446617837e+01 1.45363769552560846e+01 -4.84381499205130905e-01
1.42929000585318704e+01 1.40614296836641444e+01 -4.84381499205130905e-01
1.42510469549422165e+01 1.52253003757075387e+01 -4.84381499205130905e-01
1.51367402008300047e+01 1.47511305036734051e+01 -4.82685593772816612e-01
1.46998042802707491e+01 1.61191581469107668e+01 -4.84381499205130850e-01
1.55898305431008186e+01 1.56508328655193196e+01 -4.84381499205130850e-01
1.55519402164649456e+01 1.68007610562852499e+01 -4.84381499205130850e-01
1.64369033465830974e+01 1.63350999581331671e+01 -4.84381499205130905e-01
1.83255714998686052e+01 5.00000000000000000e-01 -2.01128138761656126e-19
1.83255714998686052e+01 1.50000000000035882e+00 -3.03235300215306007e-17
1.83225743309717757e+01 2.50000000000071765e+00 -1.55888593288735587e-16
1.83255714998686194e+01 3.50000000000106226e+00 -3.16643612093281333e-14
1.83255714998686194e+01 4.50000000000148503e+00 3.16459514270161632e-14
1.83255714998686052e+01 5.50000000000182609e+00 -5.54460274041078720e-16
1.83255714998686017e+01 6.50000000000218492e+00 -1.19534446575117248e-15
1.83255714998685910e+01 7.50000000000253486e+00 -2.15043552128930431e-14
1.83255714998685981e+01 8.50000000000290434e+00 2.12011227274575663e-15
1.83255714998686123e+01 9.50000000000326672e+00 1.46912600169264547e-14
1.83255714998686088e+01 1.05000000000036202e+01 1.91588142835610343e-15
1.83255714998686017e+01 1.15000000000039808e+01 6.03604296209378004e-15
1.83255714998686017e+01 1.25000000000043361e+01 2.43291622387334884e-15
1.83255714998686088e+01 1.35000000000046896e+01 1.30403732363394893e-14
1.83242881434157887e+01 1.45000000000050555e+01 3.14686584842629088e-15
1.83255714998686052e+01 1.55000000000054143e+01 -6.73300611675751192e-18
1.83255714998686052e+01 1.65000000000057732e+01 2.00849481866691218e-17
1.83255714998686052e+01 1.78030291563354766e+01 3.88686476751945937e-17
5.00000000000007105e-01 1.83255714998685981e+01 -7.09661200781062581e-18
1.50000000000036593e+00 1.82965669079286748e+01 1.05684102110770729e-17
2.50000000000072475e+00 1.83255714998685981e+01 3.01252616070463971e-16
3.50000000000108358e+00 1.83255714998685981e+01 3.27461443204841358e-15
4.50000000000144240e+00 1.83255714998686479e+01 3.22964895833908109e-15
5.50000000000180123e+00 1.83255714998686514e+01 1.31400221751036607e-16
6.50000000000216005e+00 1.83255714998685946e+01 -2.35625380110079592e-15
7.50000000000251532e+00 1.83255714998685946e+01 2.48082134413360088e-15
8.50000000000287592e+00 1.83255714998686017e+01 1.12459212073925655e-14
9.50000000000323475e+00 1.83255714998685946e+01 2.65150389013651621e-16
1.05000000000036025e+01 1.83255714998686052e+01 1.48065294178608417e-14
1.15000000000039613e+01 1.83255714998686017e+01 1.49082303130844158e-14
1.25000000000043237e+01 1.83255714998685946e+01 3.43513847358709127e-16
1.35000000000046789e+01 1.83231442212756797e+01 3.39383777845193812e-16
1.45000000000050377e+01 1.83255714998685946e+01 2.87621726970346770e-16
1.55000000000053966e+01 1.83255714998685946e+01 2.88101370426537720e-16
1.73255714998682429e+01 1.83255714998685981e+01 -5.31801165604139925e-17
