# n = 337
# s = 18.858391767639837
# x y theta(rad)
5.00000000000000000e-01 1.73583917676396347e+01 0.00000000000000000e+00
1.50000000000020250e+00 1.73583917676396347e+01 0.00000000000000000e+00
2.50000000000040412e+00 1.73583917676396347e+01 0.00000000000000000e+00
3.50000000000060663e+00 1.73583917676396347e+01 0.00000000000000000e+00
4.50000000000080824e+00 1.73583917676396347e+01 0.00000000000000000e+00
5.50000000000101075e+00 1.73583917676396347e+01 0.00000000000000000e+00
6.50000000000121236e+00 1.73583917676396347e+01 0.00000000000000000e+00
7.50000000000141487e+00 1.73583917676396347e+01 0.00000000000000000e+00
8.50000000000161648e+00 1.73583917676396347e+01 0.00000000000000000e+00
9.50000000000181899e+00 1.73583917676396347e+01 0.00000000000000000e+00
1.05000000000020215e+01 1.73583917676396347e+01 0.00000000000000000e+00
1.15000000000022222e+01 1.73583917676396347e+01 0.00000000000000000e+00
1.25000000000024247e+01 1.73170074871916846e+01 0.00000000000000000e+00
1.35000000000026272e+01 1.73583917676396347e+01 0.00000000000000000e+00
1.45000000000028280e+01 1.73583917676396347e+01 0.00000000000000000e+00
5.00000000000000000e-01 1.63583917676394321e+01 0.00000000000000000e+00
1.50000000000020250e+00 1.63583917676394321e+01 0.00000000000000000e+00
2.50000000000040412e+00 1.63583917676394321e+01 0.00000000000000000e+00
3.50000000000060663e+00 1.63583917676394321e+01 0.00000000000000000e+00
4.50000000000080824e+00 1.63583917676394321e+01 0.00000000000000000e+00
5.50000000000101075e+00 1.63583917676394321e+01 0.00000000000000000e+00
6.50000000000121236e+00 1.63583917676394321e+01 0.00000000000000000e+00
7.50000000000141487e+00 1.63583917676394321e+01 0.00000000000000000e+00
8.50000000000161648e+00 1.63583917676394321e+01 0.00000000000000000e+00
9.50000000000181899e+00 1.63583917676394321e+01 0.00000000000000000e+00
1.05000000000020215e+01 1.63583917676394321e+01 0.00000000000000000e+00
1.15000000000022222e+01 1.63583917676394321e+01 0.00000000000000000e+00
1.25000000000024247e+01 1.63170074871914785e+01 0.00000000000000000e+00
1.35000000000026272e+01 1.63583917676394321e+01 0.00000000000000000e+00
5.00000000000000000e-01 1.53583917676392296e+01 0.00000000000000000e+00
1.50000000000020250e+00 1.53583917676392296e+01 0.00000000000000000e+00
2.50000000000040412e+00 1.53583917676392296e+01 0.00000000000000000e+00
3.50000000000060663e+00 1.53583917676392296e+01 0.00000000000000000e+00
4.50000000000080824e+00 1.53583917676392296e+01 0.00000000000000000e+00
5.50000000000101075e+00 1.53583917676392296e+01 0.00000000000000000e+00
6.50000000000121236e+00 1.53583917676392296e+01 0.00000000000000000e+00
7.50000000000141487e+00 1.53583917676392296e+01 0.00000000000000000e+00
8.50000000000161648e+00 1.53583917676392296e+01 0.00000000000000000e+00
9.50000000000181899e+00 1.53583917676392296e+01 0.00000000000000000e+00
1.05000000000020215e+01 1.53583917676392296e+01 0.00000000000000000e+00
1.15000000000022222e+01 1.53583917676392296e+01 0.00000000000000000e+00
1.25000000000024247e+01 1.53170074871912796e+01 0.00000000000000000e+00
5.00000000000000000e-01 1.43583917676390271e+01 0.00000000000000000e+00
1.50000000000020250e+00 1.43583917676390271e+01 0.00000000000000000e+00
2.50000000000040412e+00 1.43583917676390271e+01 0.00000000000000000e+00
3.50000000000060663e+00 1.43583917676390271e+01 0.00000000000000000e+00
4.50000000000080824e+00 1.43583917676390271e+01 0.00000000000000000e+00
5.50000000000101075e+00 1.43555776407175859e+01 0.00000000000000000e+00
6.50000000000121236e+00 1.43583917676390271e+01 0.00000000000000000e+00
7.50000000000141487e+00 1.43583917676390271e+01 0.00000000000000000e+00
8.50000000000161648e+00 1.43583917676390271e+01 0.00000000000000000e+00
9.50000000000181899e+00 1.43583917676390271e+01 0.00000000000000000e+00
1.05000000000020215e+01 1.43583917676390271e+01 0.00000000000000000e+00
1.15000000000022222e+01 1.43583917676390271e+01 0.00000000000000000e+00
5.00000000000000000e-01 1.33583917676388264e+01 0.00000000000000000e+00
1.50000000000020250e+00 1.33583917676388264e+01 0.00000000000000000e+00
2.50000000000040412e+00 1.33583917676388264e+01 0.00000000000000000e+00
3.50000000000060663e+00 1.33583917676388264e+01 0.00000000000000000e+00
4.50000000000080824e+00 1.33583917676388264e+01 0.00000000000000000e+00
5.50000000000101075e+00 1.33555776407173834e+01 0.00000000000000000e+00
6.50000000000121236e+00 1.33555776407168594e+01 0.00000000000000000e+00
7.50000000000141487e+00 1.33583917676388264e+01 0.00000000000000000e+00
8.50000000000161648e+00 1.33583917676388264e+01 0.00000000000000000e+00
9.50000000000181899e+00 1.33583917676388264e+01 0.00000000000000000e+00
1.05000000000020215e+01 1.33583917676388264e+01 0.00000000000000000e+00
5.00000000000000000e-01 1.23583917676386239e+01 0.00000000000000000e+00
1.50000000000020250e+00 1.23583917676386239e+01 0.00000000000000000e+00
2.50000000000040412e+00 1.23583917676386239e+01 0.00000000000000000e+00
3.50000000000060663e+00 1.23583917676386239e+01 0.00000000000000000e+00
4.50000000000080824e+00 1.23583917676386239e+01 0.00000000000000000e+00
5.50000000000101075e+00 1.23555776407171827e+01 0.00000000000000000e+00
6.50000000000121236e+00 1.23555776407166569e+01 0.00000000000000000e+00
7.50000000000141487e+00 1.23583917676386239e+01 0.00000000000000000e+00
8.50000000000161648e+00 1.23583917676386239e+01 0.00000000000000000e+00
9.50000000000181899e+00 1.23583917676386239e+01 0.00000000000000000e+00
5.00000000000000000e-01 1.13583917676384214e+01 0.00000000000000000e+00
1.50000000000020250e+00 1.13583917676384214e+01 0.00000000000000000e+00
2.50000000000040412e+00 1.13583917676384214e+01 0.00000000000000000e+00
3.50000000000060663e+00 1.13583917676384214e+01 0.00000000000000000e+00
4.50000000000080824e+00 1.13583917676384214e+01 0.00000000000000000e+00
5.50000000000101075e+00 1.13555776407169802e+01 0.00000000000000000e+00
6.50000000000121236e+00 1.13555776407164561e+01 0.00000000000000000e+00
7.50000000000141487e+00 1.13583917676384214e+01 0.00000000000000000e+00
8.50000000000161648e+00 1.13583917676384214e+01 0.00000000000000000e+00
5.00000000000000000e-01 1.03583917676382189e+01 0.00000000000000000e+00
1.50000000000020250e+00 1.03583917676382189e+01 0.00000000000000000e+00
2.50000000000040412e+00 1.03583917676382189e+01 0.00000000000000000e+00
3.50000000000060663e+00 1.03583917676382189e+01 0.00000000000000000e+00
4.50000000000080824e+00 1.03583917676382189e+01 0.00000000000000000e+00
5.50000000000101075e+00 1.03555776407167777e+01 0.00000000000000000e+00
6.50000000000121236e+00 1.03555776407162536e+01 0.00000000000000000e+00
7.50000000000141487e+00 1.03583917676382189e+01 0.00000000000000000e+00
5.00000000000000000e-01 9.35839176763801817e+00 0.00000000000000000e+00
1.50000000000020250e+00 9.35839176763801817e+00 0.00000000000000000e+00
2.50000000000040412e+00 9.35839176763801817e+00 0.00000000000000000e+00
3.50000000000060663e+00 9.35839176763801817e+00 0.00000000000000000e+00
4.50000000000080824e+00 9.35839176763801817e+00 0.00000000000000000e+00
5.50000000000101075e+00 9.35557764071657516e+00 0.00000000000000000e+00
6.50000000000121236e+00 9.35557764071605114e+00 0.00000000000000000e+00
5.00000000000000000e-01 8.35839176763781566e+00 0.00000000000000000e+00
1.50000000000020250e+00 8.35839176763781566e+00 0.00000000000000000e+00
2.50000000000040412e+00 8.35839176763781566e+00 0.00000000000000000e+00
3.50000000000060663e+00 8.35839176763781566e+00 0.00000000000000000e+00
4.50000000000080824e+00 8.35839176763781566e+00 0.00000000000000000e+00
5.50000000000101075e+00 8.35557764071637443e+00 0.00000000000000000e+00
5.00000000000000000e-01 7.35839176763761493e+00 0.00000000000000000e+00
1.50000000000020250e+00 7.35839176763761493e+00 0.00000000000000000e+00
2.50000000000040412e+00 7.35839176763761493e+00 0.00000000000000000e+00
3.50000000000060663e+00 7.35839176763761493e+00 0.00000000000000000e+00
4.50000000000080824e+00 7.35839176763761493e+00 0.00000000000000000e+00
5.00000000000000000e-01 6.35839176763741243e+00 0.00000000000000000e+00
1.50000000000020250e+00 6.35839176763741243e+00 0.00000000000000000e+00
2.50000000000040412e+00 6.35839176763741243e+00 0.00000000000000000e+00
3.50000000000060663e+00 6.35839176763741243e+00 0.00000000000000000e+00
5.00000000000000000e-01 5.35839176763720992e+00 0.00000000000000000e+00
1.50000000000020250e+00 5.35839176763720992e+00 0.00000000000000000e+00
2.50000000000040412e+00 5.35839176763720992e+00 0.00000000000000000e+00
5.00000000000000000e-01 4.35839176763700831e+00 0.00000000000000000e+00
1.50000000000020250e+00 4.35839176763700831e+00 0.00000000000000000e+00
5.00000000000000000e-01 3.35839176763680491e+00 0.00000000000000000e+00
1.73583917676396347e+01 5.00000000000000000e-01 0.00000000000000000e+00
1.63583917676394321e+01 5.00000000000000000e-01 0.00000000000000000e+00
1.53583917676392296e+01 5.00000000000000000e-01 0.00000000000000000e+00
1.43583917676390271e+01 5.00000000000000000e-01 0.00000000000000000e+00
1.33583917676388264e+01 5.00000000000000000e-01 0.00000000000000000e+00
1.23583917676386239e+01 5.00000000000000000e-01 0.00000000000000000e+00
1.13583917676384214e+01 5.00000000000000000e-01 0.00000000000000000e+00
1.03583917676382189e+01 5.00000000000000000e-01 0.00000000000000000e+00
9.35839176763801817e+00 5.00000000000000000e-01 0.00000000000000000e+00
8.35839176763781566e+00 5.00000000000000000e-01 0.00000000000000000e+00
7.35839176763761493e+00 5.00000000000000000e-01 0.00000000000000000e+00
6.35839176763741243e+00 5.00000000000000000e-01 0.00000000000000000e+00
5.35839176763720992e+00 5.00000000000000000e-01 0.00000000000000000e+00
4.35839176763700831e+00 5.00000000000000000e-01 0.00000000000000000e+00
3.35839176763680491e+00 5.00000000000000000e-01 0.00000000000000000e+00
2.35839176763660330e+00 5.00000000000000000e-01 0.00000000000000000e+00
1.73583917676396347e+01 1.50000000000020250e+00 0.00000000000000000e+00
1.63583917676394321e+01 1.50000000000020250e+00 0.00000000000000000e+00
1.53583917676392296e+01 1.50000000000020250e+00 0.00000000000000000e+00
1.43583917676390271e+01 1.50000000000020250e+00 0.00000000000000000e+00
1.33583917676388264e+01 1.50000000000020250e+00 0.00000000000000000e+00
1.23583917676386239e+01 1.50000000000020250e+00 0.00000000000000000e+00
1.13583917676384214e+01 1.50000000000020250e+00 0.00000000000000000e+00
1.03583917676382189e+01 1.50000000000020250e+00 0.00000000000000000e+00
9.35839176763801817e+00 1.50000000000020250e+00 0.00000000000000000e+00
8.35839176763781566e+00 1.50000000000020250e+00 0.00000000000000000e+00
7.35839176763761493e+00 1.50000000000020250e+00 0.00000000000000000e+00
6.35839176763741243e+00 1.50000000000020250e+00 0.00000000000000000e+00
5.35839176763720992e+00 1.50000000000020250e+00 0.00000000000000000e+00
4.35839176763700831e+00 1.50000000000020250e+00 0.00000000000000000e+00
3.35839176763680491e+00 1.50000000000020250e+00 0.00000000000000000e+00
1.73583917676396347e+01 2.50000000000040412e+00 0.00000000000000000e+00
1.63583917676394321e+01 2.50000000000040412e+00 0.00000000000000000e+00
1.53583917676392296e+01 2.50000000000040412e+00 0.00000000000000000e+00
1.43583917676390271e+01 2.50000000000040412e+00 0.00000000000000000e+00
1.33583917676388264e+01 2.50000000000040412e+00 0.00000000000000000e+00
1.23583917676386239e+01 2.50000000000040412e+00 0.00000000000000000e+00
1.13583917676384214e+01 2.50000000000040412e+00 0.00000000000000000e+00
1.03583917676382189e+01 2.50000000000040412e+00 0.00000000000000000e+00
9.35839176763801817e+00 2.50000000000040412e+00 0.00000000000000000e+00
8.35839176763781566e+00 2.50000000000040412e+00 0.00000000000000000e+00
7.35839176763761493e+00 2.50000000000040412e+00 0.00000000000000000e+00
6.35839176763741243e+00 2.50000000000040412e+00 0.00000000000000000e+00
5.35839176763720992e+00 2.50000000000040412e+00 0.00000000000000000e+00
4.35839176763700831e+00 2.50000000000040412e+00 0.00000000000000000e+00
1.73583917676396347e+01 3.50000000000060663e+00 0.00000000000000000e+00
1.63583917676394321e+01 3.50000000000060663e+00 0.00000000000000000e+00
1.53583917676392296e+01 3.50000000000060663e+00 0.00000000000000000e+00
1.43583917676390271e+01 3.50000000000060663e+00 0.00000000000000000e+00
1.33583917676388264e+01 3.50000000000060663e+00 0.00000000000000000e+00
1.23583917676386239e+01 3.50000000000060663e+00 0.00000000000000000e+00
1.13583917676384214e+01 3.50000000000060663e+00 0.00000000000000000e+00
1.03583917676382189e+01 3.50000000000060663e+00 0.00000000000000000e+00
9.35839176763801817e+00 3.50000000000060663e+00 0.00000000000000000e+00
8.35839176763781566e+00 3.50000000000060663e+00 0.00000000000000000e+00
7.35839176763761493e+00 3.50000000000060663e+00 0.00000000000000000e+00
6.32496817249859333e+00 4.50000000000080824e+00 0.00000000000000000e+00
5.35839176763720992e+00 3.50000000000060663e+00 0.00000000000000000e+00
1.73583917676396347e+01 4.50000000000080824e+00 0.00000000000000000e+00
1.63583917676394321e+01 4.50000000000080824e+00 0.00000000000000000e+00
1.53583917676392296e+01 4.50000000000080824e+00 0.00000000000000000e+00
1.43583917676390271e+01 4.50000000000080824e+00 0.00000000000000000e+00
1.33249681725000073e+01 4.50000000000080824e+00 0.00000000000000000e+00
1.23249681724998048e+01 4.50000000000080824e+00 0.00000000000000000e+00
1.13249681724996023e+01 4.50000000000080824e+00 0.00000000000000000e+00
1.03249681724994016e+01 4.50000000000080824e+00 0.00000000000000000e+00
9.32496817249919907e+00 4.50000000000080824e+00 0.00000000000000000e+00
8.32496817249899657e+00 4.50000000000080824e+00 0.00000000000000000e+00
7.32496817249879584e+00 4.50000000000080824e+00 0.00000000000000000e+00
6.35839176763741243e+00 3.50000000000060663e+00 0.00000000000000000e+00
1.73249681725041569e+01 5.50000000000101075e+00 0.00000000000000000e+00
1.63249681725039544e+01 5.50000000000101075e+00 0.00000000000000000e+00
1.53249681725037519e+01 5.50000000000101075e+00 0.00000000000000000e+00
1.43249681725035494e+01 5.50000000000101075e+00 0.00000000000000000e+00
1.33249681725033486e+01 5.50000000000101075e+00 0.00000000000000000e+00
1.23249681725031461e+01 5.50000000000101075e+00 0.00000000000000000e+00
1.13142934969513949e+01 5.50000000000101075e+00 0.00000000000000000e+00
1.03142934969511924e+01 5.50000000000101075e+00 0.00000000000000000e+00
9.31269181826310799e+00 5.50000000000101075e+00 0.00000000000000000e+00
8.31269181826290549e+00 5.50000000000101075e+00 0.00000000000000000e+00
7.31269181826270298e+00 5.50000000000101075e+00 0.00000000000000000e+00
1.73142934969502136e+01 6.50000000000121236e+00 0.00000000000000000e+00
1.63142934969500146e+01 6.50000000000121236e+00 0.00000000000000000e+00
1.53142934969498103e+01 6.50000000000121236e+00 0.00000000000000000e+00
1.43142934969495990e+01 9.50000000000181899e+00 0.00000000000000000e+00
1.33142934969494071e+01 6.50000000000121236e+00 0.00000000000000000e+00
1.23142934969492046e+01 6.50000000000121236e+00 0.00000000000000000e+00
1.13142934969490021e+01 6.50000000000121236e+00 0.00000000000000000e+00
8.31429349694839637e+00 6.50000000000121236e+00 0.00000000000000000e+00
1.03142934969487996e+01 6.50000000000121236e+00 0.00000000000000000e+00
9.31429349694859887e+00 6.50000000000121236e+00 0.00000000000000000e+00
1.73142934969505120e+01 7.50000000000141398e+00 0.00000000000000000e+00
1.63142934969503131e+01 7.50000000000141398e+00 0.00000000000000000e+00
1.53142934969501088e+01 7.50000000000141398e+00 0.00000000000000000e+00
1.43142934969496096e+01 6.50000000000121236e+00 0.00000000000000000e+00
1.33142934969497055e+01 7.50000000000141398e+00 0.00000000000000000e+00
1.23142934969495030e+01 7.50000000000141398e+00 0.00000000000000000e+00
1.13142934969493005e+01 7.50000000000141398e+00 0.00000000000000000e+00
1.03142934969490980e+01 7.50000000000141398e+00 0.00000000000000000e+00
9.31429349694889730e+00 7.50000000000141398e+00 0.00000000000000000e+00
1.73142934969502029e+01 8.50000000000161648e+00 0.00000000000000000e+00
1.63142934969500004e+01 8.50000000000161648e+00 0.00000000000000000e+00
1.53142934969498015e+01 8.50000000000161648e+00 0.00000000000000000e+00
1.43142934969499080e+01 7.50000000000141398e+00 0.00000000000000000e+00
1.33142934969493982e+01 8.50000000000161648e+00 0.00000000000000000e+00
1.23142934969491957e+01 8.50000000000161648e+00 0.00000000000000000e+00
1.13142934969489932e+01 8.50000000000161648e+00 0.00000000000000000e+00
1.03142934969487907e+01 8.50000000000161648e+00 0.00000000000000000e+00
1.73583917676396347e+01 9.50000000000181899e+00 0.00000000000000000e+00
1.63583917676394321e+01 9.50000000000181899e+00 0.00000000000000000e+00
1.53583917676392296e+01 9.50000000000181899e+00 0.00000000000000000e+00
1.43142934969495990e+01 8.50000000000161648e+00 0.00000000000000000e+00
1.33142934969493982e+01 9.50000000000181899e+00 0.00000000000000000e+00
1.23142934969491957e+01 9.50000000000181899e+00 0.00000000000000000e+00
1.13142934969489932e+01 9.50000000000181899e+00 0.00000000000000000e+00
1.73583917676396347e+01 1.05000000000020215e+01 0.00000000000000000e+00
1.63583917676394321e+01 1.05000000000020215e+01 0.00000000000000000e+00
1.53583917676392296e+01 1.05000000000020215e+01 0.00000000000000000e+00
1.43583917676390271e+01 1.05000000000020215e+01 0.00000000000000000e+00
1.33583917676388264e+01 1.05000000000020215e+01 0.00000000000000000e+00
1.23583917676386239e+01 1.05000000000020215e+01 0.00000000000000000e+00
1.73583917676396347e+01 1.15000000000022222e+01 0.00000000000000000e+00
1.63583917676394321e+01 1.15000000000022222e+01 0.00000000000000000e+00
1.53583917676392296e+01 1.15000000000022222e+01 0.00000000000000000e+00
1.43583917676390271e+01 1.15000000000022222e+01 0.00000000000000000e+00
1.33558746125291954e+01 1.15002000000048668e+01 -1.99999999999982554e-04
1.73583917676396347e+01 1.25000000000024247e+01 0.00000000000000000e+00
1.63583917676394321e+01 1.25000000000024247e+01 0.00000000000000000e+00
1.53583917676392296e+01 1.25000000000024247e+01 0.00000000000000000e+00
1.43583917676390271e+01 1.25000000000024247e+01 0.00000000000000000e+00
1.72716396233040435e+01 1.35000000000026272e+01 0.00000000000000000e+00
1.62716396233038409e+01 1.35000000000026272e+01 0.00000000000000000e+00
1.52716396233036384e+01 1.35000000000026272e+01 0.00000000000000000e+00
1.73583917676396347e+01 1.45000000000028280e+01 0.00000000000000000e+00
1.63583917676394321e+01 1.45000000000028280e+01 0.00000000000000000e+00
1.73583917676396347e+01 1.55000000000030305e+01 0.00000000000000000e+00
1.75619267057505226e+01 1.74214952032254153e+01 6.47545059442486526e-01
5.00000000000000000e-01 5.00000000000000000e-01 0.00000000000000000e+00
7.00398670232647902e-01 1.95556019222185018e+00 -6.47545059442486526e-01
1.44886597029907804e+00 1.28741214621743261e+00 -6.47545059442486526e-01
1.45862559208919329e+00 2.63589742177639064e+00 -6.47545059442486526e-01
2.20709289215562343e+00 1.96774937577197218e+00 -6.47545059442486526e-01
2.21685251394573868e+00 3.31623465133093109e+00 -6.47545059442486526e-01
3.00488541290525113e+00 2.70039867023305291e+00 -6.47545059442486526e-01
2.82008275959313970e+00 4.11380174614902838e+00 -6.47545059442486526e-01
3.60811565855265304e+00 3.49796576505115020e+00 -6.47545059442486526e-01
3.57830968144968420e+00 4.79413897570356884e+00 -6.47545059442486526e-01
4.36634258040919843e+00 4.17830299460568977e+00 -6.47545059442486526e-01
4.33653660330622959e+00 5.47447620525810841e+00 -6.47545059442486526e-01
5.12456950226574293e+00 4.85864022416023023e+00 -6.47545059442486526e-01
5.16659990803226332e+00 6.17652070752198235e+00 -5.17431660719201103e-01
6.03569238085778359e+00 5.68187106011643994e+00 -5.17431660719201103e-01
5.67682542595102202e+00 7.03674807208997777e+00 -5.17431660719201103e-01
6.54591789877654229e+00 6.54209842468443625e+00 -5.17431660719201103e-01
6.49811029714225974e+00 7.71993397763095857e+00 -5.17431660719201103e-01
7.36720276996778090e+00 7.22528433022541616e+00 -5.17431660719201103e-01
7.31818538562398402e+00 8.40380843888886098e+00 -5.17431660719201103e-01
8.18727785844950517e+00 7.90915879148331946e+00 -5.17431660719201103e-01
7.98217369612534622e+00 9.17652070752258808e+00 -5.17431660719201103e-01
8.85126616895086649e+00 8.68187106011704657e+00 -5.17431660719201103e-01
1.62066688723448280e+01 1.73877967696659859e+01 6.47545059442486526e-01
1.68906423918678641e+01 1.66512988754842119e+01 6.47545059442486526e-01
1.54705124005027113e+01 1.66210652960961944e+01 7.82273461732982844e-01
1.61512884384606608e+01 1.58877849285314880e+01 7.82273461732982844e-01
1.47071033291826154e+01 1.59706068391134206e+01 7.82273461732985176e-01
1.53878793671420055e+01 1.52373264715487089e+01 7.82273461732982844e-01
1.37667542103985898e+01 1.51579930974065817e+01 -6.47545059442486526e-01
1.45643213052166871e+01 1.45547628517591807e+01 -6.47545059442486526e-01
1.32386188191039675e+01 1.43036289158826762e+01 -6.47545059442486526e-01
1.40361859139220666e+01 1.37003986702352734e+01 -6.47545059442486526e-01
1.24604812331713468e+01 1.36383508767832708e+01 -6.47545059442486526e-01
1.32580483279894423e+01 1.30351206311358716e+01 -6.47545059442486526e-01
1.17003986702348701e+01 1.29594171389622197e+01 -6.47545059442486526e-01
1.24979657650529692e+01 1.23561868933148205e+01 -6.47545059442486526e-01
1.08100648110239117e+01 1.21749188385198703e+01 -5.26125419183373633e-01
1.17415944842763551e+01 1.16744461720267907e+01 -6.47545059442486526e-01
1.02719428004748057e+01 1.13310281121682355e+01 -5.26125419183373633e-01
1.11653466406241666e+01 1.08207130436543668e+01 -5.85636085669708484e-01
9.45621807110464552e+00 1.06483479626531317e+01 -5.26125419183373633e-01
1.03209773901205217e+01 1.01461614234313000e+01 -5.26125419183373633e-01
8.63690183866650329e+00 9.95948328706107766e+00 -5.26125419183373633e-01
9.50525266075035979e+00 9.46348127391619798e+00 -5.26125419183373633e-01
1.83583917676398372e+01 5.00000000000000000e-01 0.00000000000000000e+00
1.83583917676398372e+01 1.50000000000020250e+00 0.00000000000000000e+00
1.83583917676398372e+01 2.50000000000040412e+00 0.00000000000000000e+00
1.83583917676398372e+01 3.50000000000060663e+00 0.00000000000000000e+00
1.83583917676398372e+01 4.50000000000080824e+00 0.00000000000000000e+00
1.83249681725043594e+01 5.50000000000101075e+00 0.00000000000000000e+00
1.83142934969504161e+01 6.50000000000121236e+00 0.00000000000000000e+00
1.83142934969507145e+01 7.50000000000141398e+00 0.00000000000000000e+00
1.83583917676398372e+01 8.50000000000161648e+00 0.00000000000000000e+00
1.83583917676398372e+01 9.50000000000181899e+00 0.00000000000000000e+00
1.83583917676398372e+01 1.05000000000020215e+01 0.00000000000000000e+00
1.83583917676398372e+01 1.15000000000022222e+01 0.00000000000000000e+00
1.83583917676398372e+01 1.25000000000024247e+01 0.00000000000000000e+00
1.82716396233042460e+01 1.35000000000026272e+01 0.00000000000000000e+00
1.83583917676398372e+01 1.45000000000028280e+01 0.00000000000000000e+00
1.83583917676398372e+01 1.55000000000030305e+01 0.00000000000000000e+00
1.83339133784488553e+01 1.65003444874642433e+01 3.54223372976290776e-04
1.83583917676398372e+01 1.83583917676398336e+01 0.00000000000000000e+00
5.00000000000000000e-01 1.83583917676398336e+01 0.00000000000000000e+00
1.50000000000020250e+00 1.83583917676398336e+01 0.00000000000000000e+00
2.50000000000040412e+00 1.83583917676398336e+01 0.00000000000000000e+00
3.50000000000060663e+00 1.83583917676398336e+01 0.00000000000000000e+00
4.50000000000080824e+00 1.83583917676398336e+01 0.00000000000000000e+00
5.50000000000101075e+00 1.83583917676398336e+01 0.00000000000000000e+00
6.50000000000121236e+00 1.83583917676398336e+01 0.00000000000000000e+00
7.50000000000141487e+00 1.83583917676398336e+01 0.00000000000000000e+00
8.50000000000161648e+00 1.83583917676398336e+01 0.00000000000000000e+00
9.50000000000181899e+00 1.83583917676398336e+01 0.00000000000000000e+00
1.05000000000020215e+01 1.83583917676398336e+01 0.00000000000000000e+00
1.15000000000022222e+01 1.83583917676398336e+01 0.00000000000000000e+00
1.25000000000024247e+01 1.83583917676398336e+01 0.00000000000000000e+00
1.35000000000026272e+01 1.83583917676398336e+01 0.00000000000000000e+00
1.45000000000028280e+01 1.83583917676398336e+01 0.00000000000000000e+00
1.55000000000030305e+01 1.83583917676398336e+01 0.00000000000000000e+00
1.68779531862274865e+01 1.81579930974071893e+01 6.47545059442486526e-01
