# n = 338
# s = 18.907150436397302
# x y theta(rad)
5.01320108669069953e-01 1.67147359702082170e+01 -1.22644745837874889e-03
1.61352313884714693e+00 1.71435956602616884e+01 5.02063905524504861e-01
1.66091726669975159e+01 5.06544417148880655e-01 1.24495876252339582e-02
1.71450956973073616e+01 1.56136633244862466e+00 -4.18572539702606328e-01
5.00000000000000000e-01 1.15000000000022187e+01 0.00000000000000000e+00
5.00000000000000000e-01 1.05000000000020162e+01 0.00000000000000000e+00
5.00000000000000000e-01 9.50000000000181544e+00 0.00000000000000000e+00
1.50000000000020250e+00 9.50000000000181544e+00 0.00000000000000000e+00
5.00000000000000000e-01 8.50000000000161293e+00 0.00000000000000000e+00
1.50000000000020250e+00 8.50000000000161293e+00 0.00000000000000000e+00
2.50000000000040323e+00 8.50000000000161293e+00 0.00000000000000000e+00
5.00000000000000000e-01 7.50000000000141132e+00 0.00000000000000000e+00
1.50000000000020250e+00 7.50000000000141132e+00 0.00000000000000000e+00
2.50000000000040323e+00 7.50000000000141132e+00 0.00000000000000000e+00
3.50000000000060485e+00 7.50000000000141132e+00 0.00000000000000000e+00
5.00000000000000000e-01 6.50000000000120970e+00 0.00000000000000000e+00
1.50000000000020250e+00 6.50000000000120970e+00 0.00000000000000000e+00
2.50000000000040323e+00 6.50000000000120970e+00 0.00000000000000000e+00
3.50000000000060485e+00 6.50000000000120970e+00 0.00000000000000000e+00
5.00000000000000000e-01 5.50000000000100808e+00 0.00000000000000000e+00
1.50000000000020250e+00 5.50000000000100808e+00 0.00000000000000000e+00
2.50049995888252319e+00 5.50000000000100808e+00 0.00000000000000000e+00
3.50104903090869080e+00 5.50000000000100808e+00 0.00000000000000000e+00
4.50160538841829005e+00 5.50000000000100808e+00 0.00000000000000000e+00
5.50221324530607525e+00 5.50102166410876592e+00 4.87831645230658357e-05
5.00000000000000000e-01 4.50000000000080647e+00 0.00000000000000000e+00
1.50020000012040455e+00 4.50000000000080647e+00 0.00000000000000000e+00
2.50050009213579649e+00 4.50000000000080647e+00 0.00000000000000000e+00
3.50104992023860007e+00 4.50000000000080647e+00 0.00000000000000000e+00
4.50151211544030527e+00 4.50000000000080647e+00 0.00000000000000000e+00
5.50201099084147494e+00 4.50046196609936722e+00 -7.04187954969485724e-06
6.50287854265927212e+00 4.50000000000080647e+00 0.00000000000000000e+00
5.00000000000000000e-01 3.50000000000060485e+00 0.00000000000000000e+00
1.50000000000020250e+00 3.50000000000060485e+00 0.00000000000000000e+00
2.50000000000040323e+00 3.50000000000060485e+00 0.00000000000000000e+00
3.50000000000060485e+00 3.50000000000060485e+00 0.00000000000000000e+00
4.50000000000080647e+00 3.50000000000060485e+00 0.00000000000000000e+00
5.50000000000100808e+00 3.50000000000060485e+00 0.00000000000000000e+00
6.50000000000120970e+00 3.50000000000060485e+00 0.00000000000000000e+00
7.50000000000141220e+00 3.50000000000060485e+00 0.00000000000000000e+00
5.00000000000000000e-01 2.50000000000040323e+00 0.00000000000000000e+00
1.50000000000020250e+00 2.50000000000040323e+00 0.00000000000000000e+00
2.50000000000040323e+00 2.50000000000040323e+00 0.00000000000000000e+00
3.50000000000060485e+00 2.50000000000040323e+00 0.00000000000000000e+00
4.50000000000080647e+00 2.50000000000040323e+00 0.00000000000000000e+00
5.50000000000100808e+00 2.50000000000040323e+00 0.00000000000000000e+00
6.50000000000120970e+00 2.50000000000040323e+00 0.00000000000000000e+00
7.50000000000141220e+00 2.50000000000040323e+00 0.00000000000000000e+00
8.50000000000161293e+00 2.50000000000040323e+00 0.00000000000000000e+00
5.00000000000000000e-01 1.50000000000020250e+00 0.00000000000000000e+00
1.50000000000020250e+00 1.50000000000020250e+00 0.00000000000000000e+00
2.50000000000040323e+00 1.50000000000020250e+00 0.00000000000000000e+00
3.50000000000060485e+00 1.50000000000020250e+00 0.00000000000000000e+00
4.50000000000080647e+00 1.50000000000020250e+00 0.00000000000000000e+00
5.50000000000100808e+00 1.50000000000020250e+00 0.00000000000000000e+00
6.50000000000120970e+00 1.50000000000020250e+00 0.00000000000000000e+00
7.50000000000141220e+00 1.50000000000020250e+00 0.00000000000000000e+00
8.50000000000161293e+00 1.50000000000020250e+00 0.00000000000000000e+00
9.50000000000181544e+00 1.50000000000020250e+00 0.00000000000000000e+00
5.00000000000000000e-01 5.00000000000000000e-01 0.00000000000000000e+00
1.50000000000020250e+00 5.00000000000000000e-01 0.00000000000000000e+00
2.50000000000040323e+00 5.00000000000000000e-01 0.00000000000000000e+00
3.50000000000060485e+00 5.00000000000000000e-01 0.00000000000000000e+00
4.50000000000080647e+00 5.00000000000000000e-01 0.00000000000000000e+00
5.50000000000100808e+00 5.00000000000000000e-01 0.00000000000000000e+00
6.50000000000120970e+00 5.00000000000000000e-01 0.00000000000000000e+00
7.50000000000141220e+00 5.00000000000000000e-01 0.00000000000000000e+00
8.50000000000161293e+00 5.00000000000000000e-01 0.00000000000000000e+00
9.50000000000181544e+00 5.00000000000000000e-01 0.00000000000000000e+00
1.05000000000020162e+01 5.00000000000000000e-01 0.00000000000000000e+00
3.33997467795618252e+00 1.69165349136478156e+01 4.75348705124827020e-01
4.40715043639448023e+00 1.74071504363971030e+01 0.00000000000000000e+00
5.40715043639468185e+00 1.74071504363971030e+01 0.00000000000000000e+00
6.40715043639488435e+00 1.74071504363971030e+01 0.00000000000000000e+00
7.40715043639508508e+00 1.74071504363971030e+01 0.00000000000000000e+00
8.40715043639528758e+00 1.74071504363971030e+01 0.00000000000000000e+00
9.40715043639548831e+00 1.74071504363971030e+01 0.00000000000000000e+00
1.04071504363956908e+01 1.74071504363971030e+01 0.00000000000000000e+00
1.14071504363958915e+01 1.74071504363971030e+01 0.00000000000000000e+00
1.24071504363960941e+01 1.74071504363971030e+01 0.00000000000000000e+00
1.34071504363962948e+01 1.74071504363971030e+01 0.00000000000000000e+00
1.44071504363964973e+01 1.74071504363971030e+01 0.00000000000000000e+00
1.54071504363966980e+01 1.74071504363971030e+01 0.00000000000000000e+00
1.64071504363968970e+01 1.74071504363971030e+01 0.00000000000000000e+00
1.74071504363971030e+01 1.74071504363971030e+01 0.00000000000000000e+00
4.23990202994328769e+00 1.62399020299457106e+01 4.48038044833564297e-01
5.40715043639468185e+00 1.64071504363968970e+01 0.00000000000000000e+00
6.40715043639488435e+00 1.64071504363968970e+01 0.00000000000000000e+00
7.40715043639508508e+00 1.64071504363968970e+01 0.00000000000000000e+00
8.40715043639528758e+00 1.64071504363968970e+01 0.00000000000000000e+00
9.40715043639548831e+00 1.64071504363968970e+01 0.00000000000000000e+00
1.04071504363956908e+01 1.64071504363968970e+01 0.00000000000000000e+00
1.14071504363958915e+01 1.64071504363968970e+01 0.00000000000000000e+00
1.24071504363960941e+01 1.64071504363968970e+01 0.00000000000000000e+00
1.34071504363962948e+01 1.64071504363968970e+01 0.00000000000000000e+00
1.44071504363964973e+01 1.64071504363968970e+01 0.00000000000000000e+00
1.54071504363966980e+01 1.64071504363968970e+01 0.00000000000000000e+00
1.64071504363968970e+01 1.64071504363968970e+01 0.00000000000000000e+00
1.74071504363971030e+01 1.64071504363968970e+01 0.00000000000000000e+00
5.40715043639468185e+00 1.54071504363966980e+01 0.00000000000000000e+00
7.40715043639508508e+00 1.54071504363966980e+01 0.00000000000000000e+00
1.14071504363958915e+01 1.04071504363956908e+01 0.00000000000000000e+00
8.40715043639528758e+00 1.54071504363966980e+01 0.00000000000000000e+00
9.40715043639548831e+00 1.54071504363966980e+01 0.00000000000000000e+00
1.04071504363956908e+01 1.04071504363956908e+01 0.00000000000000000e+00
1.14071504363958915e+01 1.54071504363966980e+01 0.00000000000000000e+00
1.24071504363960941e+01 1.54071504363966980e+01 0.00000000000000000e+00
1.34071504363962948e+01 1.54071504363966980e+01 0.00000000000000000e+00
1.44071504363964973e+01 1.54071504363966980e+01 0.00000000000000000e+00
1.54071504363966980e+01 1.54071504363966980e+01 0.00000000000000000e+00
1.64071504363968970e+01 1.44071504363964973e+01 0.00000000000000000e+00
1.74071504363971030e+01 1.54071504363966980e+01 0.00000000000000000e+00
6.40715043639488435e+00 1.44071504363964973e+01 0.00000000000000000e+00
7.40715043639508508e+00 1.44071504363964973e+01 0.00000000000000000e+00
8.40715043639528758e+00 1.44071504363964973e+01 0.00000000000000000e+00
9.40715043639548831e+00 1.44071504363964973e+01 0.00000000000000000e+00
1.04071504363956908e+01 1.54071504363966980e+01 0.00000000000000000e+00
1.14071504363958915e+01 1.44071504363964973e+01 0.00000000000000000e+00
1.24071504363960941e+01 1.44071504363964973e+01 0.00000000000000000e+00
1.34071504363962948e+01 1.44071504363964973e+01 0.00000000000000000e+00
1.44071504363964973e+01 1.34071504363962948e+01 0.00000000000000000e+00
1.54071504363966980e+01 1.44071504363964973e+01 0.00000000000000000e+00
1.64071504363968970e+01 1.34071504363962948e+01 0.00000000000000000e+00
1.74071504363971030e+01 1.44071504363964973e+01 0.00000000000000000e+00
6.40715043639488435e+00 1.34071504363962948e+01 0.00000000000000000e+00
7.40715043639508508e+00 1.34071504363962948e+01 0.00000000000000000e+00
9.40715043639548831e+00 1.34071504363962948e+01 0.00000000000000000e+00
1.04071504363956908e+01 1.44071504363964973e+01 0.00000000000000000e+00
1.14071504363958915e+01 1.34071504363962948e+01 0.00000000000000000e+00
8.40715043639528758e+00 1.34071504363962948e+01 0.00000000000000000e+00
1.24071504363960941e+01 1.34071504363962948e+01 0.00000000000000000e+00
1.34071504363962948e+01 1.34071504363962948e+01 0.00000000000000000e+00
1.44071504363964973e+01 1.44071504363964973e+01 0.00000000000000000e+00
1.54071504363966980e+01 1.34071504363962948e+01 0.00000000000000000e+00
1.64071504363968970e+01 1.24071504363960923e+01 0.00000000000000000e+00
1.74071504363971030e+01 1.34071504363962948e+01 0.00000000000000000e+00
7.40715043639508508e+00 1.24071504363960923e+01 0.00000000000000000e+00
8.40715043639528758e+00 1.24071504363960923e+01 0.00000000000000000e+00
9.40715043639548831e+00 1.24071504363960923e+01 0.00000000000000000e+00
1.04071504363956908e+01 1.34071504363962948e+01 0.00000000000000000e+00
1.14071504363958915e+01 1.24071504363960923e+01 0.00000000000000000e+00
1.24071504363960941e+01 1.24071504363960923e+01 0.00000000000000000e+00
1.34071504363962948e+01 1.24071504363960923e+01 0.00000000000000000e+00
1.44071504363964973e+01 1.24071504363960923e+01 0.00000000000000000e+00
1.54071504363966980e+01 1.24071504363960923e+01 0.00000000000000000e+00
1.64071504363968970e+01 1.14071504363958915e+01 0.00000000000000000e+00
1.74071504363971030e+01 1.24071504363960923e+01 0.00000000000000000e+00
7.40715043639508508e+00 1.14071504363958915e+01 0.00000000000000000e+00
8.40715043639528758e+00 1.14071504363958915e+01 0.00000000000000000e+00
9.40715043639548831e+00 1.14071504363958915e+01 0.00000000000000000e+00
1.04071504363956908e+01 1.24071504363960923e+01 0.00000000000000000e+00
1.14071504363958915e+01 1.14071504363958915e+01 0.00000000000000000e+00
1.24071504363960941e+01 1.14071504363958915e+01 0.00000000000000000e+00
1.34071504363962948e+01 1.14071504363958915e+01 0.00000000000000000e+00
1.44071504363964973e+01 1.14071504363958915e+01 0.00000000000000000e+00
1.54071504363966980e+01 1.14071504363958915e+01 0.00000000000000000e+00
1.64071504363968970e+01 1.54071504363966980e+01 0.00000000000000000e+00
1.74071504363971030e+01 1.14071504363958915e+01 0.00000000000000000e+00
9.40715043639548831e+00 1.04071504363956908e+01 0.00000000000000000e+00
1.04071504363956908e+01 1.14071504363958915e+01 0.00000000000000000e+00
1.24071504363960941e+01 1.04071504363956908e+01 0.00000000000000000e+00
1.34071504363962948e+01 1.04071504363956908e+01 0.00000000000000000e+00
1.44071504363964973e+01 1.04071504363956908e+01 0.00000000000000000e+00
8.40715043639528758e+00 1.04071504363956908e+01 0.00000000000000000e+00
1.54071504363966980e+01 1.04071504363956908e+01 0.00000000000000000e+00
6.40715043639488435e+00 1.54071504363966980e+01 0.00000000000000000e+00
1.64071504363968970e+01 1.04071504363956908e+01 0.00000000000000000e+00
1.74071504363971030e+01 1.04071504363956908e+01 0.00000000000000000e+00
8.40715043639528758e+00 9.40715043639548831e+00 0.00000000000000000e+00
9.40715043639548831e+00 9.40715043639548831e+00 0.00000000000000000e+00
1.04071504363956908e+01 9.40715043639548831e+00 0.00000000000000000e+00
1.14071504363958915e+01 9.40715043639548831e+00 0.00000000000000000e+00
1.24071504363960941e+01 9.40715043639548831e+00 0.00000000000000000e+00
1.34071504363962948e+01 9.40715043639548831e+00 0.00000000000000000e+00
1.44071504363964973e+01 9.40715043639548831e+00 0.00000000000000000e+00
1.54071504363966980e+01 9.40715043639548831e+00 0.00000000000000000e+00
1.64071504363968970e+01 9.40715043639548831e+00 0.00000000000000000e+00
1.74071504363971030e+01 9.40715043639548831e+00 0.00000000000000000e+00
8.40715043639528758e+00 8.40715043639528758e+00 0.00000000000000000e+00
9.40715043639548831e+00 8.40650161166901988e+00 0.00000000000000000e+00
1.04071504363956908e+01 8.40715043639528758e+00 0.00000000000000000e+00
1.14071504363958915e+01 8.40715043639528758e+00 0.00000000000000000e+00
1.24071504363960941e+01 8.40715043639528758e+00 0.00000000000000000e+00
1.34071504363962948e+01 8.40715043639528758e+00 0.00000000000000000e+00
1.44071504363964973e+01 8.40715043639528758e+00 0.00000000000000000e+00
1.54071504363966980e+01 8.40715043639528758e+00 0.00000000000000000e+00
1.64071504363968970e+01 8.40715043639528758e+00 0.00000000000000000e+00
1.74071504363971030e+01 8.40715043639528758e+00 0.00000000000000000e+00
1.14071504363958915e+01 7.40715043639508508e+00 0.00000000000000000e+00
1.24071504363960941e+01 7.40715043639508508e+00 0.00000000000000000e+00
1.34071504363962948e+01 7.40715043639508508e+00 0.00000000000000000e+00
1.44071504363964973e+01 7.40715043639508508e+00 0.00000000000000000e+00
1.54071504363966980e+01 7.40715043639508508e+00 0.00000000000000000e+00
1.64071504363968970e+01 7.40715043639508508e+00 0.00000000000000000e+00
1.74071504363971030e+01 7.40715043639508508e+00 0.00000000000000000e+00
1.34071504363962948e+01 6.40715043639488346e+00 0.00000000000000000e+00
1.44071504363964973e+01 6.40715043639488346e+00 0.00000000000000000e+00
1.54071504363966980e+01 6.40715043639488346e+00 0.00000000000000000e+00
1.64071504363968970e+01 6.40715043639488346e+00 0.00000000000000000e+00
1.74071504363971030e+01 6.40715043639488346e+00 0.00000000000000000e+00
1.54071504363966980e+01 5.40715043639468185e+00 0.00000000000000000e+00
1.64071504363968970e+01 5.40715043639468185e+00 0.00000000000000000e+00
1.74071504363971030e+01 5.40715043639468185e+00 0.00000000000000000e+00
1.62399020299457106e+01 4.23990202994328769e+00 -4.48038044833564297e-01
1.74071504363971030e+01 4.40715043639448023e+00 0.00000000000000000e+00
1.84071504363973020e+01 3.40715043639427861e+00 0.00000000000000000e+00
7.40715043639508508e+00 1.04071504363956908e+01 0.00000000000000000e+00
7.26255296127034811e+00 9.26255296127075134e+00 3.61757786530541581e-01
9.35563738269722833e+00 7.35761238944624196e+00 -1.01274722111303284e-01
1.04071504363956908e+01 7.40715043639508508e+00 0.00000000000000000e+00
6.40715043639488435e+00 1.24071504363960923e+01 0.00000000000000000e+00
7.33202010455319453e+00 8.18636412569714800e+00 2.20842595092856780e-01
1.24071504363960941e+01 6.40715043639488346e+00 0.00000000000000000e+00
6.50223280018117933e+00 6.50092855949262827e+00 4.47563092137336083e-03
8.17550922015023218e+00 7.22612689948533671e+00 -5.12941510392766920e-01
5.00000000000000000e-01 1.55000000000030251e+01 0.00000000000000000e+00
1.58704214001849486e+00 1.59520185242467747e+01 4.75348705124827020e-01
5.00000000000000000e-01 1.45000000000028226e+01 0.00000000000000000e+00
1.66724840645139505e+00 1.46672484064540161e+01 4.48038044833564297e-01
2.45590281473655558e+00 1.64490530942397015e+01 4.75348705124827020e-01
5.00000000000000000e-01 1.35000000000026201e+01 0.00000000000000000e+00
1.50000000000020250e+00 1.35000000000026201e+01 0.00000000000000000e+00
2.48566768263982674e+00 1.52728829914438684e+01 4.48038044833564297e-01
3.38253155730979760e+00 1.45916009609369137e+01 4.75348705124827020e-01
4.24939636636357321e+00 1.50925131582547127e+01 4.75348705124827020e-01
5.00361531673547688e-01 1.25000000000024194e+01 0.00000000000000000e+00
1.50075271069556138e+00 1.25000000000024194e+01 0.00000000000000000e+00
2.56717575843850021e+00 1.39906155227519076e+01 4.75348705124827020e-01
3.51203773192952262e+00 1.33157423722849781e+01 4.08104387641272826e-01
4.34017748365293698e+00 1.39201502135010795e+01 4.08104387641272826e-01
1.50000000000020250e+00 1.15000000000022187e+01 0.00000000000000000e+00
2.65737244532826544e+00 1.27726823603271686e+01 4.08104387641272826e-01
3.56447587176368152e+00 1.20680053749313370e+01 3.94395047710300817e-01
4.42123171323324193e+00 1.26119692996558008e+01 3.94395047710300817e-01
5.25341096859751211e+00 1.32149828961440949e+01 3.94395047710300817e-01
1.50000000000020250e+00 1.05000000000020162e+01 0.00000000000000000e+00
2.65373946779757297e+00 1.16537394677993866e+01 3.94395047710300817e-01
3.58724822625216522e+00 1.09516181337667380e+01 4.75348705124827020e-01
4.49274531245740327e+00 1.13774743911056735e+01 4.75348705124827020e-01
5.33997467795658576e+00 1.19165349136468066e+01 4.75348705124827020e-01
2.50000000000040323e+00 9.50000000000181544e+00 0.00000000000000000e+00
2.50000000000040323e+00 1.05000000000020162e+01 0.00000000000000000e+00
4.49501751211594325e+00 1.02534300197229911e+01 4.48038044833564297e-01
5.39011700301581875e+00 1.06995260749321837e+01 4.48038044833564297e-01
3.66724840645179828e+00 9.66724840645300887e+00 4.48038044833564297e-01
4.56717575843890344e+00 8.99061552275090037e+00 4.75348705124827020e-01
5.39134044709252080e+00 9.57448678720521684e+00 4.75348705124827020e-01
3.50000000000060485e+00 8.50000000000161293e+00 0.00000000000000000e+00
5.41035229286639829e+00 8.28573329622815713e+00 5.96841707990175441e-01
4.50000000000080647e+00 7.50000000000141132e+00 0.00000000000000000e+00
5.40715043639468185e+00 1.43687223639414654e+01 0.00000000000000000e+00
2.49940034761660357e+00 1.76108732699720889e+01 5.01917354602660515e-01
3.35522985311100719e+00 1.57721112212441650e+01 4.48038044833564297e-01
6.23990202994369092e+00 1.12399020299446981e+01 4.48038044833564297e-01
6.28623886408442001e+00 1.00209344551206829e+01 4.75348705124827020e-01
6.27667768741440923e+00 8.89132230231381193e+00 4.75348705124827020e-01
6.43959121200906104e+00 7.59634245280105347e+00 2.20842595092856780e-01
4.50000000000080647e+00 6.50000000000120970e+00 0.00000000000000000e+00
5.50000000000100808e+00 6.67253901833159979e+00 0.00000000000000000e+00
1.55000000000030251e+01 5.00000000000000000e-01 0.00000000000000000e+00
1.58648538415346572e+01 1.63190694593927699e+00 -4.75348705124827020e-01
1.45000000000028226e+01 5.00000000000000000e-01 0.00000000000000000e+00
1.46672484064540161e+01 1.66724840645139505e+00 -4.48038044833564297e-01
1.51797058095661956e+01 2.53045213892389942e+00 -4.48038044833564297e-01
1.35000000000026219e+01 5.00000000000000000e-01 0.00000000000000000e+00
1.35000000000026219e+01 1.50000000000020250e+00 0.00000000000000000e+00
1.39906155227519076e+01 2.56717575843849932e+00 -4.75348705124827020e-01
1.57721112212441650e+01 3.35522985311100630e+00 -4.48038044833564297e-01
1.50925131582547127e+01 4.24939636636357321e+00 -4.75348705124827020e-01
1.25000000000024194e+01 5.00000000000000000e-01 0.00000000000000000e+00
1.25000000000024194e+01 1.50000000000020250e+00 0.00000000000000000e+00
1.27238585071881243e+01 2.68206535701300819e+00 -5.18471421694104651e-01
1.44951444977185613e+01 3.43217896457896821e+00 -4.75348705124827020e-01
1.38385131051785226e+01 4.34873209534501282e+00 -5.18471421694104651e-01
1.15000000000022187e+01 5.00000000000000000e-01 0.00000000000000000e+00
1.15000000000022187e+01 1.50000000000020250e+00 0.00000000000000000e+00
1.15417931501753177e+01 2.50000000000040323e+00 0.00000000000000000e+00
1.33376431197346399e+01 3.48318791399781080e+00 -5.18471421694104651e-01
1.26861926788297463e+01 4.35930945676133952e+00 -5.18471421694104651e-01
1.31866570069286606e+01 5.22508507938207778e+00 -5.18471421694104651e-01
1.05000000000020162e+01 1.50000000000020250e+00 0.00000000000000000e+00
1.05000000000020162e+01 2.50000000000040323e+00 0.00000000000000000e+00
1.20715823570271557e+01 3.55865799491179491e+00 -5.18471421694104651e-01
1.14158250138900605e+01 4.47300574369369386e+00 -4.75348705124827020e-01
1.20352461479842372e+01 5.27887244797709165e+00 -4.75348705124827020e-01
9.50000000000181544e+00 2.50000000000040323e+00 0.00000000000000000e+00
1.08172975666888718e+01 3.65638478461056859e+00 -4.75348705124827020e-01
1.01531505427685520e+01 4.55114313948135507e+00 -4.75348705124827020e-01
1.07508026876125946e+01 5.36821462817295814e+00 -4.75348705124827020e-01
8.50000000000161293e+00 3.50000000000060485e+00 0.00000000000000000e+00
9.67339085579998681e+00 3.67339085579877800e+00 -4.75348705124827020e-01
9.48470585747217321e+00 5.43755186968398352e+00 -4.75348705124827020e-01
9.00381388120214510e+00 4.56038239016216984e+00 -4.75348705124827020e-01
8.30446190657717587e+00 5.40930961504890018e+00 -5.12385693637536832e-01
7.50371988041167270e+00 4.50000000000080647e+00 0.00000000000000000e+00
1.43687223639414672e+01 5.40715043639468185e+00 0.00000000000000000e+00
1.64490530942397015e+01 2.45590281473655558e+00 -4.75348705124827020e-01
1.69165349136478156e+01 3.33997467795618252e+00 -4.75348705124827020e-01
1.12962836276950682e+01 6.40715043639488346e+00 0.00000000000000000e+00
1.00814562688025440e+01 6.25508749244714402e+00 -4.75348705124827020e-01
8.79210515876138565e+00 6.28315334857164398e+00 -5.12941510392766920e-01
7.68476690190108247e+00 6.35482214391478806e+00 -5.12941510392766920e-01
6.79588301818100327e+00 5.50000000000100808e+00 0.00000000000000000e+00
1.79431266300107737e+01 5.00000000000000000e-01 0.00000000000000000e+00
1.84071504363973020e+01 1.50000000000020250e+00 0.00000000000000000e+00
1.76108732699720889e+01 2.49940034761660357e+00 -5.01917354602660515e-01
1.84071504363973020e+01 4.40715043639448023e+00 0.00000000000000000e+00
1.84071504363973020e+01 5.40715043639468185e+00 0.00000000000000000e+00
1.84071504363973020e+01 6.40715043639488346e+00 0.00000000000000000e+00
1.84071504363973020e+01 7.40715043639508508e+00 0.00000000000000000e+00
1.84071504363973020e+01 8.40715043639528758e+00 0.00000000000000000e+00
1.84071504363973020e+01 9.40715043639548831e+00 0.00000000000000000e+00
1.84071504363973020e+01 1.04071504363956908e+01 0.00000000000000000e+00
1.84071504363973020e+01 1.14071504363958915e+01 0.00000000000000000e+00
1.84071504363973020e+01 1.24071504363960923e+01 0.00000000000000000e+00
1.84071504363973020e+01 1.34071504363962948e+01 0.00000000000000000e+00
1.84071504363973020e+01 1.44071504363964973e+01 0.00000000000000000e+00
1.84071504363973020e+01 1.54071504363966980e+01 0.00000000000000000e+00
1.84071504363973020e+01 1.64071504363968970e+01 0.00000000000000000e+00
1.84071504363973020e+01 1.74071504363971030e+01 0.00000000000000000e+00
1.84071504363973020e+01 1.84071504363973020e+01 0.00000000000000000e+00
5.00000000000000000e-01 1.78781103084781279e+01 0.00000000000000000e+00
1.50000000000020250e+00 1.84071504363973020e+01 0.00000000000000000e+00
3.40715043639427861e+00 1.84071504363973020e+01 0.00000000000000000e+00
4.40715043639448023e+00 1.84071504363973020e+01 0.00000000000000000e+00
5.40715043639468185e+00 1.84071504363973020e+01 0.00000000000000000e+00
6.40715043639488435e+00 1.84071504363973020e+01 0.00000000000000000e+00
7.40715043639508508e+00 1.84071504363973020e+01 0.00000000000000000e+00
8.40715043639528758e+00 1.84071504363973020e+01 0.00000000000000000e+00
9.40715043639548831e+00 1.84071504363973020e+01 0.00000000000000000e+00
1.04071504363956908e+01 1.84071504363973020e+01 0.00000000000000000e+00
1.14071504363958915e+01 1.84071504363973020e+01 0.00000000000000000e+00
1.24071504363960941e+01 1.84071504363973020e+01 0.00000000000000000e+00
1.34071504363962948e+01 1.84071504363973020e+01 0.00000000000000000e+00
1.44071504363964973e+01 1.84071504363973020e+01 0.00000000000000000e+00
1.54071504363966980e+01 1.84071504363973020e+01 0.00000000000000000e+00
1.64071504363968970e+01 1.84071504363973020e+01 0.00000000000000000e+00
1.74071504363971030e+01 1.84071504363973020e+01 0.00000000000000000e+00
