# n = 339
# s = 18.930103647691837
# x y theta(rad)
6.73674397977457318e-01 1.68098955045174137e+01 4.76665675337338390e-01
1.56910518443748082e+00 1.72553502574118056e+01 4.76665675337338390e-01
1.67855683419781911e+01 6.62897610656539626e-01 -4.29916020036292312e-01
1.71869884972921803e+01 1.57894778540337111e+00 -4.29916020036292312e-01
5.00000000000000000e-01 1.15000000000022204e+01 0.00000000000000000e+00
5.00000000000000000e-01 1.05000000000020179e+01 0.00000000000000000e+00
5.00000000000000000e-01 9.50000000000181544e+00 0.00000000000000000e+00
1.50000000000020073e+00 9.50000000000181544e+00 0.00000000000000000e+00
5.00000000000000000e-01 8.50000000000161471e+00 0.00000000000000000e+00
1.50000000000020073e+00 8.50000000000161471e+00 0.00000000000000000e+00
2.50000000000040323e+00 8.50000000000161471e+00 0.00000000000000000e+00
5.00000000000000000e-01 7.50000000000141220e+00 0.00000000000000000e+00
1.50000000000020073e+00 7.50000000000141220e+00 0.00000000000000000e+00
2.50000000000040323e+00 7.50000000000141220e+00 0.00000000000000000e+00
3.50000000000060485e+00 7.50000000000141220e+00 0.00000000000000000e+00
5.00000000000000000e-01 6.50000000000121059e+00 0.00000000000000000e+00
1.50000000000020073e+00 6.50000000000121059e+00 0.00000000000000000e+00
2.50000000000040323e+00 6.50000000000121059e+00 0.00000000000000000e+00
3.50000000000060485e+00 6.50000000000121059e+00 0.00000000000000000e+00
4.50222104300949955e+00 6.66389663637074658e+00 -4.17003905529474855e-04
5.00000000000000000e-01 5.50000000000100897e+00 0.00000000000000000e+00
1.50000000000020073e+00 5.50000000000100897e+00 0.00000000000000000e+00
2.50000000000040323e+00 5.50000000000100897e+00 0.00000000000000000e+00
3.50000000000060485e+00 5.50000000000100897e+00 0.00000000000000000e+00
4.50000000000080735e+00 5.50272233524023768e+00 0.00000000000000000e+00
5.00000000000000000e-01 4.50000000000080647e+00 0.00000000000000000e+00
1.50000000000020073e+00 4.50000000000080647e+00 0.00000000000000000e+00
2.50000000000040323e+00 4.50000000000080647e+00 0.00000000000000000e+00
3.50000000000060485e+00 4.50000000000080647e+00 0.00000000000000000e+00
4.50000000000080735e+00 4.50000000000080647e+00 0.00000000000000000e+00
5.50000000000100897e+00 4.50000000000080647e+00 0.00000000000000000e+00
5.00000000000000000e-01 3.50000000000060485e+00 0.00000000000000000e+00
1.50000000000020073e+00 3.50000000000060485e+00 0.00000000000000000e+00
2.50000000000040323e+00 3.50000000000060485e+00 0.00000000000000000e+00
3.50000000000060485e+00 3.50000000000060485e+00 0.00000000000000000e+00
4.50000000000080735e+00 3.50000000000060485e+00 0.00000000000000000e+00
5.50000000000100897e+00 3.50000000000060485e+00 0.00000000000000000e+00
6.50000000000121059e+00 3.50000000000060485e+00 0.00000000000000000e+00
5.00000000000000000e-01 2.50000000000040323e+00 0.00000000000000000e+00
1.50000000000020073e+00 2.50000000000040323e+00 0.00000000000000000e+00
2.50000000000040323e+00 2.50000000000040323e+00 0.00000000000000000e+00
3.50000000000060485e+00 2.50000000000040323e+00 0.00000000000000000e+00
4.50000000000080735e+00 2.50000000000040323e+00 0.00000000000000000e+00
5.50000000000100897e+00 2.50000000000040323e+00 0.00000000000000000e+00
6.50000000000121059e+00 2.50000000000040323e+00 0.00000000000000000e+00
7.50000000000141220e+00 2.50000000000040323e+00 0.00000000000000000e+00
5.00000000000000000e-01 1.50000000000020073e+00 0.00000000000000000e+00
1.50000000000020073e+00 1.50000000000020073e+00 0.00000000000000000e+00
2.50000000000040323e+00 1.50000000000020073e+00 0.00000000000000000e+00
3.50000000000060485e+00 1.50000000000020073e+00 0.00000000000000000e+00
4.50000000000080735e+00 1.50000000000020073e+00 0.00000000000000000e+00
5.50000000000100897e+00 1.50000000000020073e+00 0.00000000000000000e+00
6.50000000000121059e+00 1.50000000000020073e+00 0.00000000000000000e+00
7.50000000000141220e+00 1.50000000000020073e+00 0.00000000000000000e+00
8.50000000000161471e+00 1.50000000000020073e+00 0.00000000000000000e+00
1.04301036476902222e+01 1.74301036476916309e+01 0.00000000000000000e+00
5.00000000000000000e-01 5.00000000000000000e-01 0.00000000000000000e+00
1.50000000000020073e+00 5.00000000000000000e-01 0.00000000000000000e+00
2.50000000000040323e+00 5.00000000000000000e-01 0.00000000000000000e+00
3.50000000000060485e+00 5.00000000000000000e-01 0.00000000000000000e+00
4.50000000000080735e+00 5.00000000000000000e-01 0.00000000000000000e+00
5.50000000000100897e+00 5.00000000000000000e-01 0.00000000000000000e+00
6.50000000000121059e+00 5.00000000000000000e-01 0.00000000000000000e+00
7.50000000000141220e+00 5.00000000000000000e-01 0.00000000000000000e+00
8.50000000000161471e+00 5.00000000000000000e-01 0.00000000000000000e+00
9.50000000000181544e+00 5.00000000000000000e-01 0.00000000000000000e+00
1.05000000000020179e+01 5.00000000000000000e-01 0.00000000000000000e+00
1.15000000000022204e+01 5.00000000000000000e-01 0.00000000000000000e+00
3.38305729197647853e+00 1.69339841597699490e+01 4.10724964102236523e-01
4.43010364768901077e+00 1.74301036476916309e+01 0.00000000000000000e+00
5.43010364768921239e+00 1.74301036476916309e+01 0.00000000000000000e+00
6.43010364768941400e+00 1.74301036476916309e+01 0.00000000000000000e+00
7.43010364768961651e+00 1.84301036476918370e+01 0.00000000000000000e+00
8.43010364768981901e+00 1.74301036476916309e+01 0.00000000000000000e+00
9.43010364769001974e+00 1.74301036476916309e+01 0.00000000000000000e+00
9.50000000000181544e+00 1.50000000000020073e+00 0.00000000000000000e+00
1.14301036476904248e+01 1.74301036476916309e+01 0.00000000000000000e+00
1.24301036476906255e+01 1.74301036476916309e+01 0.00000000000000000e+00
1.34301036476908280e+01 1.74301036476916309e+01 0.00000000000000000e+00
1.44301036476910305e+01 1.74301036476916309e+01 0.00000000000000000e+00
1.54301036476912312e+01 1.74301036476916309e+01 0.00000000000000000e+00
1.64301036476914319e+01 1.74301036476916309e+01 0.00000000000000000e+00
1.74301036476916344e+01 1.74301036476916309e+01 0.00000000000000000e+00
4.28349903453234848e+00 1.62129860499910734e+01 3.68716540331926079e-01
5.42883105701864732e+00 1.64301036476914319e+01 0.00000000000000000e+00
6.42883339700305889e+00 1.64301036476914319e+01 0.00000000000000000e+00
7.43010364768961651e+00 1.74301036476916309e+01 0.00000000000000000e+00
8.42883929981906910e+00 1.64301036476914319e+01 0.00000000000000000e+00
9.42884329449886316e+00 1.64301036476914319e+01 0.00000000000000000e+00
1.04301036476902222e+01 1.64301036476914319e+01 0.00000000000000000e+00
1.14301036476904248e+01 1.64301036476914319e+01 0.00000000000000000e+00
1.24301036476906255e+01 1.64301036476914319e+01 0.00000000000000000e+00
1.34301036476908280e+01 1.64301036476914319e+01 0.00000000000000000e+00
1.54301036476912312e+01 1.64301036476914319e+01 0.00000000000000000e+00
1.44301036476910305e+01 1.64301036476914319e+01 0.00000000000000000e+00
1.64301036476914319e+01 1.64301036476914319e+01 0.00000000000000000e+00
1.74301036476916344e+01 1.64301036476914319e+01 0.00000000000000000e+00
5.43010364768921239e+00 1.54301036476912312e+01 0.00000000000000000e+00
6.43010364768941400e+00 1.54301036476912312e+01 0.00000000000000000e+00
7.42883489349110704e+00 1.64301036476914319e+01 0.00000000000000000e+00
8.43010364768981901e+00 1.54301036476912312e+01 0.00000000000000000e+00
9.43010364769001974e+00 1.54301036476912312e+01 0.00000000000000000e+00
1.04301036476902222e+01 1.54301036476912312e+01 0.00000000000000000e+00
1.14301036476904248e+01 1.54301036476912312e+01 0.00000000000000000e+00
1.24301036476906255e+01 1.54301036476912312e+01 0.00000000000000000e+00
1.34301036476908280e+01 1.54301036476912312e+01 0.00000000000000000e+00
1.44301036476910305e+01 1.54301036476912312e+01 0.00000000000000000e+00
1.54301036476912312e+01 1.54301036476912312e+01 0.00000000000000000e+00
1.64301036476914319e+01 1.54301036476912312e+01 0.00000000000000000e+00
1.74301036476916344e+01 1.54301036476912312e+01 0.00000000000000000e+00
6.43010364768941400e+00 1.44301036476910287e+01 0.00000000000000000e+00
7.43010364768961651e+00 1.54301036476912312e+01 0.00000000000000000e+00
8.43010364768981901e+00 1.44301036476910287e+01 0.00000000000000000e+00
9.43010364769001974e+00 1.44301036476910287e+01 0.00000000000000000e+00
1.04301036476902222e+01 1.44301036476910287e+01 0.00000000000000000e+00
1.14301036476904248e+01 1.44301036476910287e+01 0.00000000000000000e+00
1.24301036476906255e+01 1.44301036476910287e+01 0.00000000000000000e+00
1.34301036476908280e+01 1.44301036476910287e+01 0.00000000000000000e+00
1.44301036476910305e+01 1.44301036476910287e+01 0.00000000000000000e+00
1.54301036476912312e+01 1.44301036476910287e+01 0.00000000000000000e+00
1.64301036476914319e+01 1.44301036476910287e+01 0.00000000000000000e+00
1.74301036476916344e+01 1.44301036476910287e+01 0.00000000000000000e+00
6.42661515892182322e+00 1.34301036476908280e+01 0.00000000000000000e+00
7.43010364768961651e+00 1.44301036476910287e+01 0.00000000000000000e+00
8.42661857354323907e+00 1.34301036476908280e+01 0.00000000000000000e+00
9.42662202608432764e+00 1.34301036476908280e+01 0.00000000000000000e+00
1.04269670025689560e+01 1.34301036476908280e+01 0.00000000000000000e+00
1.14271120389822158e+01 1.34301036476908280e+01 0.00000000000000000e+00
1.24301036476906255e+01 1.34301036476908280e+01 0.00000000000000000e+00
1.34301036476908280e+01 1.34301036476908280e+01 0.00000000000000000e+00
1.44301036476910305e+01 1.34301036476908280e+01 0.00000000000000000e+00
1.54301036476912312e+01 1.34301036476908280e+01 0.00000000000000000e+00
1.64301036476914319e+01 1.34301036476908280e+01 0.00000000000000000e+00
1.74301036476916344e+01 1.34301036476908280e+01 0.00000000000000000e+00
7.42661733266725221e+00 1.34301036476908280e+01 0.00000000000000000e+00
8.43010364768981901e+00 1.24301036476906255e+01 0.00000000000000000e+00
9.43010364769001974e+00 1.24279877408800825e+01 0.00000000000000000e+00
1.04301036476902222e+01 1.24301036476906255e+01 0.00000000000000000e+00
1.14301036476904248e+01 1.24301036476906255e+01 0.00000000000000000e+00
1.24301036476906255e+01 1.24301036476906255e+01 0.00000000000000000e+00
1.34301036476908280e+01 1.24301036476906255e+01 0.00000000000000000e+00
1.44301036476910305e+01 1.24301036476906255e+01 0.00000000000000000e+00
1.54301036476912312e+01 1.24301036476906255e+01 0.00000000000000000e+00
1.64301036476914319e+01 1.24301036476906255e+01 0.00000000000000000e+00
1.74301036476916344e+01 1.24301036476906255e+01 0.00000000000000000e+00
7.43010364768961651e+00 1.24301036476906255e+01 0.00000000000000000e+00
8.43010364768981901e+00 1.14301036476904248e+01 0.00000000000000000e+00
9.43010364769001974e+00 1.14278153706950842e+01 0.00000000000000000e+00
1.04301036476902222e+01 1.14301036476904248e+01 0.00000000000000000e+00
1.14301036476904248e+01 1.14301036476904248e+01 0.00000000000000000e+00
1.24301036476906255e+01 1.14301036476904248e+01 0.00000000000000000e+00
1.34301036476908280e+01 1.14301036476904248e+01 0.00000000000000000e+00
1.44301036476910305e+01 1.14301036476904248e+01 0.00000000000000000e+00
1.54301036476912312e+01 1.14301036476904248e+01 0.00000000000000000e+00
1.64301036476914319e+01 1.14301036476904248e+01 0.00000000000000000e+00
1.74301036476916344e+01 1.14301036476904248e+01 0.00000000000000000e+00
7.43010364768961651e+00 1.14301036476904248e+01 0.00000000000000000e+00
8.43010364768981901e+00 1.04301036476902222e+01 0.00000000000000000e+00
9.43010364769001974e+00 1.04276703342774208e+01 0.00000000000000000e+00
1.04301036476902222e+01 1.04301036476902222e+01 0.00000000000000000e+00
1.14301036476904248e+01 1.04301036476902222e+01 0.00000000000000000e+00
1.24301036476906255e+01 1.04301036476902222e+01 0.00000000000000000e+00
1.34301036476908280e+01 1.04301036476902222e+01 0.00000000000000000e+00
1.44301036476910305e+01 1.04301036476902222e+01 0.00000000000000000e+00
1.54301036476912312e+01 1.04301036476902222e+01 0.00000000000000000e+00
1.64301036476914319e+01 1.04301036476902222e+01 0.00000000000000000e+00
1.74301036476916344e+01 1.04301036476902222e+01 0.00000000000000000e+00
7.43010364768961651e+00 1.04301036476902222e+01 0.00000000000000000e+00
8.43010364768981901e+00 9.43010364769001974e+00 0.00000000000000000e+00
9.43010364769001974e+00 9.42673096579371439e+00 0.00000000000000000e+00
1.04301036476902222e+01 9.43010364769001974e+00 0.00000000000000000e+00
1.14301036476904248e+01 9.43010364769001974e+00 0.00000000000000000e+00
1.24301036476906255e+01 9.43010364769001974e+00 0.00000000000000000e+00
1.34301036476908280e+01 9.43010364769001974e+00 0.00000000000000000e+00
1.44301036476910305e+01 9.43010364769001974e+00 0.00000000000000000e+00
1.54301036476912312e+01 9.43010364769001974e+00 0.00000000000000000e+00
1.64301036476914319e+01 9.43010364769001974e+00 0.00000000000000000e+00
1.74301036476916344e+01 9.43010364769001974e+00 0.00000000000000000e+00
8.43010364768981901e+00 8.43010364768981901e+00 0.00000000000000000e+00
9.43010364769001974e+00 8.42622408702743186e+00 0.00000000000000000e+00
1.04301036476902222e+01 8.43010364768981901e+00 0.00000000000000000e+00
1.14301036476904248e+01 8.43010364768981901e+00 0.00000000000000000e+00
1.24301036476906255e+01 8.43010364768981901e+00 0.00000000000000000e+00
1.34301036476908280e+01 8.43010364768981901e+00 0.00000000000000000e+00
1.44301036476910305e+01 8.43010364768981901e+00 0.00000000000000000e+00
1.54301036476912312e+01 8.43010364768981901e+00 0.00000000000000000e+00
1.64301036476914319e+01 8.43010364768981901e+00 0.00000000000000000e+00
1.74301036476916344e+01 8.43010364768981901e+00 0.00000000000000000e+00
9.26334832764310079e+00 7.28420853402244095e+00 -3.51337945236672999e-01
1.04301036476902222e+01 7.43010364768961651e+00 0.00000000000000000e+00
1.14301036476904248e+01 7.43010364768961651e+00 0.00000000000000000e+00
1.24301036476906255e+01 7.43010364768961651e+00 0.00000000000000000e+00
1.34301036476908280e+01 7.43010364768961651e+00 0.00000000000000000e+00
1.44301036476910305e+01 7.43010364768961651e+00 0.00000000000000000e+00
1.54301036476912312e+01 7.43010364768961651e+00 0.00000000000000000e+00
1.64301036476914319e+01 7.43010364768961651e+00 0.00000000000000000e+00
1.74301036476916344e+01 7.43010364768961651e+00 0.00000000000000000e+00
1.34301036476908280e+01 6.43010364768941400e+00 0.00000000000000000e+00
1.44301036476910305e+01 6.43010364768941400e+00 0.00000000000000000e+00
1.54301036476912312e+01 6.43010364768941400e+00 0.00000000000000000e+00
1.64301036476914319e+01 6.43010364768941400e+00 0.00000000000000000e+00
1.74301036476916344e+01 6.43010364768941400e+00 0.00000000000000000e+00
1.55777991067532149e+01 5.26720603703267276e+00 -4.29916020036292312e-01
1.67552663109245046e+01 5.43010364768921239e+00 0.00000000000000000e+00
1.77564196634163096e+01 5.43010364768921239e+00 0.00000000000000000e+00
1.62672060370348923e+01 4.37149217780379029e+00 -4.29916020036292312e-01
1.74301036476916344e+01 4.43010364768901077e+00 0.00000000000000000e+00
1.69157392384235763e+01 3.38663545929838872e+00 -4.29916020036292312e-01
7.30391156724032342e+00 9.30391156724072843e+00 3.02320089834656247e-01
5.50000000000100897e+00 5.50000000000100897e+00 0.00000000000000000e+00
6.43010364768941400e+00 1.24301036476906255e+01 0.00000000000000000e+00
1.24301036476906255e+01 6.43010364768941400e+00 0.00000000000000000e+00
7.29817088802357183e+00 8.24442869907234765e+00 3.21962860074610890e-01
8.18075008950952309e+00 7.26757260546115802e+00 -3.67722466609994525e-01
6.58052853616220901e-01 1.56776296773466424e+01 4.10724964102236523e-01
1.56171273327240989e+00 1.61071493018236040e+01 4.10724964102236523e-01
5.00000000000000000e-01 1.45000000000028262e+01 0.00000000000000000e+00
1.55360560898669231e+00 1.49545024459679325e+01 3.68716540331926079e-01
2.45934636839305920e+00 1.53849282798201141e+01 3.68716540331926079e-01
5.00001564978838076e-01 1.35000000000026237e+01 0.00000000000000000e+00
1.64193449617779397e+00 1.37309154326182021e+01 3.52687632153517505e-01
2.51776165125116602e+00 1.42464656055513945e+01 3.52687632153517505e-01
3.42474448928917052e+00 1.46773713628807041e+01 3.52687632153517505e-01
4.35279555663952067e+00 1.50510385111261868e+01 3.52687632153517505e-01
5.00000000000000000e-01 1.25000000000024212e+01 0.00000000000000000e+00
1.63538561666818705e+00 1.26353856166704066e+01 3.31103916706552426e-01
2.56912225979100661e+00 1.29952280076413036e+01 3.31103916706552426e-01
3.44884063290623999e+00 1.35122104493756154e+01 3.31103916706552426e-01
4.35788746425505202e+00 1.39438759156682845e+01 3.31103916706552426e-01
1.50000000000020073e+00 1.15000000000022204e+01 0.00000000000000000e+00
2.57267532831425694e+00 1.19019995861344210e+01 3.64893398574217820e-01
3.50472671619692733e+00 1.22643739589538132e+01 3.64893398574217820e-01
4.37857449754501893e+00 1.27791138352414730e+01 3.64893398574217820e-01
5.28459788734676472e+00 1.32096243471764936e+01 3.64893398574217820e-01
1.50253483488531003e+00 1.05000000000020179e+01 0.00000000000000000e+00
2.62434174126602393e+00 1.07717060756011147e+01 2.96716549078978487e-01
3.54854197728295429e+00 1.11690829616235607e+01 2.96716549078978487e-01
4.48314584700861651e+00 1.15324323822424493e+01 2.96716549078978487e-01
5.36995003462918685e+00 1.20521216043834674e+01 2.96716549078978487e-01
2.63538561666838866e+00 9.63538561666980264e+00 3.31103916706552426e-01
3.56114323553617584e+00 1.00184391226264626e+01 3.31103916706552426e-01
4.48233283422403161e+00 1.04147810756744903e+01 3.31103916706552426e-01
5.41508296201190920e+00 1.07774932562515620e+01 3.31103916706552426e-01
3.57297588435299573e+00 8.90613010550898387e+00 3.70868956794891791e-01
4.49719917083849374e+00 9.28858696609671775e+00 3.70868956794891791e-01
5.41633379779161483e+00 9.68412981630173952e+00 3.70868956794891791e-01
4.46570821714490140e+00 8.18285568615372050e+00 4.09926630637753420e-01
5.39976605906227292e+00 8.56808159096017796e+00 3.88954791644456843e-01
5.41027141477105733e+00 7.49166339197969933e+00 3.88954791644456843e-01
5.29471803102122696e+00 1.42947180310230433e+01 3.31103916706552426e-01
2.48599497396236924e+00 1.64893149100552918e+01 4.10724964102236523e-01
3.38706725987066726e+00 1.57584678522834611e+01 3.68716540331926079e-01
6.29471803102142857e+00 1.12947180310224375e+01 3.31103916706552426e-01
6.34834656325703861e+00 1.00465552638214959e+01 3.70868956794891791e-01
6.32732524642932948e+00 8.96543417031806200e+00 3.70868956794891791e-01
6.33557734545110840e+00 7.87088487693107908e+00 3.88954791644456843e-01
5.99910538883284694e+00 6.65226370781682519e+00 3.88954791644456843e-01
1.56226707313214508e+01 5.00000000000000000e-01 0.00000000000000000e+00
1.60821503063261844e+01 1.56863394876921891e+00 -4.29916020036292312e-01
1.46226707313212501e+01 5.00000000000000000e-01 0.00000000000000000e+00
1.49766766836625571e+01 1.66289761065674124e+00 -4.29916020036292312e-01
1.54336171049375004e+01 2.55349066727462137e+00 -4.29916020036292312e-01
1.35555262885668046e+01 5.24656708077673173e-01 -5.06132605125780705e-02
1.38704752873321837e+01 1.64961071462103881e+00 -4.29916020036292312e-01
1.42554084551897020e+01 2.57322049269478992e+00 -4.29916020036292312e-01
1.47442101746558230e+01 3.44920452650350384e+00 -4.29916020036292312e-01
1.51610046407045189e+01 4.35820528176808786e+00 -4.29916020036292312e-01
1.25132503550596645e+01 5.00000000000000000e-01 0.00000000000000000e+00
1.27563770176655318e+01 1.62570586191939270e+00 -3.49319063117699946e-01
1.30969490743344501e+01 2.56592599255125986e+00 -3.49319063117699946e-01
1.35621930028934017e+01 3.48563177973435678e+00 -4.08849889426529389e-01
1.40517828598482950e+01 4.36333468850641371e+00 -4.08849889426529389e-01
1.16839641118983728e+01 1.62260263410713002e+00 -3.02876960730666389e-01
1.20112173254461023e+01 2.56802716982315982e+00 -3.02876960730666389e-01
1.23521302743571226e+01 3.50918315680266790e+00 -3.02876960730666389e-01
1.28187420602509761e+01 4.41105934827255997e+00 -3.02876960730666389e-01
1.33148163704064810e+01 5.30372875664108800e+00 -3.02876960730666389e-01
1.06238595916122875e+01 1.62385959161047033e+00 -2.95266093647128303e-01
1.09302059149536266e+01 2.57591495431803352e+00 -2.95266093647128303e-01
1.12575367063753013e+01 3.52158774612613534e+00 -2.95266093647128303e-01
1.15985597211446336e+01 4.46309595363535916e+00 -2.95266093647128303e-01
1.20655805319719498e+01 5.36628106124816195e+00 -2.95266093647128303e-01
9.84943752944050743e+00 2.56841097169969768e+00 -2.95266093647128303e-01
1.01708694390618319e+01 3.51587794914901597e+00 -2.95266093647128303e-01
1.04982002304835067e+01 4.46155074095711868e+00 -2.95266093647128303e-01
1.08392232452528390e+01 5.40305894846634160e+00 -2.95266093647128303e-01
8.50000000000161471e+00 2.50000000000040323e+00 0.00000000000000000e+00
9.09189958097449491e+00 3.49681258120169502e+00 -3.27069606807687707e-01
9.41316894598315557e+00 4.44380043492915355e+00 -3.27069606807687707e-01
9.74581974881572499e+00 5.39640353449903021e+00 -3.45182790287650976e-01
7.50000000000141220e+00 3.50000000000060485e+00 0.00000000000000000e+00
8.34593590879186209e+00 4.41062975487963893e+00 -3.27069606807687707e-01
8.66720527380052275e+00 5.35761760860709657e+00 -3.27069606807687707e-01
6.50000000000121059e+00 4.50000000000080647e+00 0.00000000000000000e+00
7.59997223660923105e+00 5.32444692855758195e+00 -3.27069606807687707e-01
1.44686698259124675e+01 5.27253718009615913e+00 -4.08849889426529389e-01
1.64989447723748803e+01 2.47763470403380470e+00 -4.29916020036292312e-01
1.58504115709861964e+01 3.46249142253920628e+00 -4.29916020036292312e-01
1.13062440560801551e+01 6.30624405607914529e+00 -2.95266093647128303e-01
1.00884268522967826e+01 6.33937963835843199e+00 -3.51766540342921541e-01
9.01213462844845381e+00 6.30923652317348349e+00 -3.51766540342921541e-01
7.93198839112956833e+00 6.28730063310184661e+00 -3.64742834216698397e-01
6.50000000000121059e+00 5.61226852605311421e+00 0.00000000000000000e+00
6.92441131951289712e+00 7.03148519276820494e+00 3.88954791644456843e-01
1.79741194956387886e+01 5.00000000000000000e-01 0.00000000000000000e+00
1.84301036476918370e+01 1.50000000000020073e+00 0.00000000000000000e+00
1.76037829633408762e+01 2.48794854066795512e+00 -4.29916020036292312e-01
1.83865429494945971e+01 3.38600222637482418e+00 -8.38397705530536247e-02
1.84301036476918370e+01 4.42883269020429005e+00 0.00000000000000000e+00
1.84301036476918370e+01 6.43010364768941400e+00 0.00000000000000000e+00
1.84301036476918370e+01 7.43010364768961651e+00 0.00000000000000000e+00
1.84301036476918370e+01 8.43010364768981901e+00 0.00000000000000000e+00
1.84301036476918370e+01 9.43010364769001974e+00 0.00000000000000000e+00
1.84301036476918370e+01 1.04301036476902222e+01 0.00000000000000000e+00
1.84301036476918370e+01 1.14301036476904248e+01 0.00000000000000000e+00
1.84301036476918370e+01 1.24301036476906255e+01 0.00000000000000000e+00
1.84301036476918370e+01 1.34301036476908280e+01 0.00000000000000000e+00
1.84301036476918370e+01 1.44301036476910287e+01 0.00000000000000000e+00
1.84301036476918370e+01 1.54301036476912312e+01 0.00000000000000000e+00
1.84301036476918370e+01 1.64301036476914319e+01 0.00000000000000000e+00
1.84301036476918370e+01 1.74301036476916309e+01 0.00000000000000000e+00
1.84301036476918370e+01 1.84301036476918370e+01 0.00000000000000000e+00
5.00000000000000000e-01 1.84213887934306655e+01 0.00000000000000000e+00
1.50000000000020073e+00 1.84301036476918370e+01 0.00000000000000000e+00
2.51505495003858659e+00 1.76486877302482199e+01 5.19548570131193044e-01
3.43010364768880827e+00 1.84301036476918370e+01 0.00000000000000000e+00
4.43010364768901077e+00 1.84301036476918370e+01 0.00000000000000000e+00
5.43010364768921239e+00 1.84301036476918370e+01 0.00000000000000000e+00
6.43010364768941400e+00 1.84301036476918370e+01 0.00000000000000000e+00
8.43010364768981901e+00 1.84301036476918370e+01 0.00000000000000000e+00
9.43010364769001974e+00 1.84301036476918370e+01 0.00000000000000000e+00
1.04301036476902222e+01 1.84301036476918370e+01 0.00000000000000000e+00
1.14301036476904248e+01 1.84301036476918370e+01 0.00000000000000000e+00
1.24301036476906255e+01 1.84301036476918370e+01 0.00000000000000000e+00
1.34301036476908280e+01 1.84301036476918370e+01 0.00000000000000000e+00
1.44301036476910305e+01 1.84301036476918370e+01 0.00000000000000000e+00
1.54301036476912312e+01 1.84301036476918370e+01 0.00000000000000000e+00
1.64301036476914319e+01 1.84301036476918370e+01 0.00000000000000000e+00
1.74301036476916344e+01 1.84301036476918370e+01 0.00000000000000000e+00
