# n = 340
# s = 18.939879629586962
# x y theta(rad)
6.70355131347406541e-01 1.68846319088676253e+01 4.61573346871608559e-01
1.59578380768422434e+00 1.72695244982393028e+01 4.61573346871608559e-01
1.69349868743479988e+01 6.48345888334191045e-01 -3.74843401391399711e-01
1.72915337412525147e+01 1.58268004362921388e+00 -3.74843401391399711e-01
5.00000000000000000e-01 9.50000000000216893e+00 -0.00000000000000000e+00
5.00000000000000000e-01 8.50000000000192912e+00 -0.00000000000000000e+00
1.50000000000024158e+00 8.50000000000192912e+00 -0.00000000000000000e+00
5.00000000000000000e-01 7.50000000000168754e+00 -0.00000000000000000e+00
1.50000000000024158e+00 7.50000000000168754e+00 -3.10862446895043831e-15
2.50000000000047606e+00 7.50000000000168754e+00 -0.00000000000000000e+00
5.00000000000003553e-01 6.50000000000144595e+00 3.55271367880050093e-15
1.50000000000024514e+00 6.50000000000144240e+00 4.88498130835068878e-15
2.50000000000048317e+00 6.50000000000144595e+00 4.44089209850062616e-16
3.50000000000072298e+00 6.50000000000144951e+00 -0.00000000000000000e+00
5.00000000000000000e-01 5.50000000000120437e+00 -0.00000000000000000e+00
1.50000000000024158e+00 5.50000000000120437e+00 -0.00000000000000000e+00
2.50000000000048672e+00 5.50000000000120437e+00 -0.00000000000000000e+00
3.50000000000072298e+00 5.50000000000120437e+00 -0.00000000000000000e+00
4.50000000000096456e+00 5.50000000000120792e+00 -0.00000000000000000e+00
5.50000000000120437e+00 5.50000000000120437e+00 -0.00000000000000000e+00
5.00000000000000000e-01 4.50000000000096279e+00 -0.00000000000000000e+00
1.50000000000024158e+00 4.50000000000098055e+00 5.55111509727749297e-17
2.50000000000048317e+00 4.50000000000098233e+00 3.55271367880050093e-15
3.50000000000072120e+00 4.50000000000095923e+00 9.76996780350928410e-15
4.50000000000095390e+00 4.50000000000096279e+00 -5.32907051820075139e-15
5.50000000000120437e+00 4.50000000000096101e+00 -0.00000000000000000e+00
5.00000000000000000e-01 3.50000000000072298e+00 -0.00000000000000000e+00
1.50000000000023093e+00 3.50000000000074962e+00 -2.03725925018714427e-14
2.50000000000045119e+00 3.50000000000073186e+00 2.04836148042239690e-14
3.50000000000070699e+00 3.50000000000070699e+00 -9.32587340685131494e-15
4.50000000000095213e+00 3.50000000000072120e+00 -4.06344388677254019e-16
5.50000000000119371e+00 3.50000000000072298e+00 4.44089209850062616e-16
6.50000000000143352e+00 3.50000000000072298e+00 4.44089209850062616e-16
5.00000000000000000e-01 2.50000000000047962e+00 -0.00000000000000000e+00
1.50000000000024158e+00 2.50000000000048317e+00 -1.71932234292919523e-27
2.50000000000047962e+00 2.50000000000047962e+00 -3.10862446895043831e-15
3.50000000000072298e+00 2.50000000000046185e+00 -0.00000000000000000e+00
4.50000000000096634e+00 2.50000000000047962e+00 -2.66453525910037570e-15
8.50000000000192912e+00 2.50000000000048317e+00 4.44089209850062616e-16
5.50000000000120792e+00 2.50000000000048317e+00 -0.00000000000000000e+00
6.50000000000144240e+00 2.50000000000048317e+00 -0.00000000000000000e+00
5.00000000000000000e-01 1.50000000000024158e+00 -0.00000000000000000e+00
1.50000000000024158e+00 1.50000000000024158e+00 1.77635683940025046e-15
2.50000000000048317e+00 1.50000000000024158e+00 4.44089209850062616e-16
3.50000000000072120e+00 1.50000000000024158e+00 -4.44089209850062616e-16
4.50000000000096279e+00 1.50000000000024158e+00 -4.44089209850062616e-16
5.50000000000120437e+00 1.50000000000024158e+00 -8.88178419700125232e-16
6.50000000000144595e+00 1.50000000000024158e+00 -0.00000000000000000e+00
7.50000000000168932e+00 1.50000000000024158e+00 3.10862446895043831e-15
8.50000000000192735e+00 1.50000000000024158e+00 -0.00000000000000000e+00
5.00000000000000000e-01 5.00000000000000000e-01 -4.44089209850062616e-16
1.50000000000024158e+00 5.00000000000000000e-01 -4.44089209850062616e-16
2.50000000000048317e+00 5.00000000000000000e-01 -0.00000000000000000e+00
3.50000000000072120e+00 5.00000000000000000e-01 -4.44089209850062616e-16
4.50000000000096279e+00 5.00000000000000000e-01 -4.44089209850062616e-16
5.50000000000120437e+00 5.00000000000000000e-01 -0.00000000000000000e+00
6.50000000000144595e+00 5.00000000000000000e-01 -0.00000000000000000e+00
7.50000000000168754e+00 5.00000000000000000e-01 -0.00000000000000000e+00
8.50000000000192735e+00 5.00000000000000000e-01 -0.00000000000000000e+00
9.50000000000216893e+00 5.00000000000000000e-01 -0.00000000000000000e+00
3.40869976420515997e+00 1.69226031177831402e+01 3.78317287744610764e-01
4.43987962958356519e+00 1.74398796295867058e+01 -0.00000000000000000e+00
5.43987962958380500e+00 1.74398796295867058e+01 -0.00000000000000000e+00
6.43987962958404658e+00 1.74398796295867022e+01 -0.00000000000000000e+00
7.43987962958428461e+00 1.74398796295866951e+01 6.66133814775727537e-15
8.43987962958452798e+00 1.74398796295867058e+01 -0.00000000000000000e+00
9.43987962958476956e+00 1.74398796295867058e+01 1.76704842769506644e-28
1.04398796295850165e+01 1.84398796295869474e+01 -0.00000000000000000e+00
1.14398796295852581e+01 1.74398796295867058e+01 -0.00000000000000000e+00
1.24398796295854979e+01 1.74398796295867058e+01 8.88178419404419144e-16
1.34398796295857359e+01 1.74398796295867093e+01 -2.66453525910019584e-15
1.44398796295859775e+01 1.74398796295867058e+01 4.93038065763132378e-27
1.54398796295862191e+01 1.74398796295867058e+01 -0.00000000000000000e+00
1.64398796295864642e+01 1.74398796295867058e+01 -0.00000000000000000e+00
1.74398796295867058e+01 1.74398796295867058e+01 -0.00000000000000000e+00
4.29055725828918710e+00 1.61970154569135651e+01 3.78317287744610764e-01
5.43080584060633242e+00 1.64398796295864678e+01 -0.00000000000000000e+00
6.43080584060657401e+00 1.64398796295864607e+01 -4.74588801608617455e-16
7.43080584060681204e+00 1.64398796295864607e+01 4.58601760876858020e-15
8.43080584060705363e+00 1.64398796295864678e+01 8.61458391662344393e-15
9.43080584060729521e+00 1.64398796295864678e+01 7.99360577730112709e-15
1.04398796295850129e+01 1.74398796295867022e+01 6.66133815023252841e-15
1.14308058406077748e+01 1.64398796295864678e+01 -3.55271367880050093e-15
1.24308058406080164e+01 1.64398796295864678e+01 -3.81596336420995262e-16
1.34308058406082527e+01 1.64398796295864678e+01 -8.93872183773757916e-15
1.44308058406084889e+01 1.64398796295864607e+01 -0.00000000000000000e+00
1.54308058406087323e+01 1.64398796295864678e+01 3.10862446895043831e-15
1.64308058406089721e+01 1.64398796295864678e+01 -0.00000000000000000e+00
1.74308058406092137e+01 1.64398796295864678e+01 -0.00000000000000000e+00
5.43987962958381388e+00 1.54398796295862226e+01 -4.44089209850062616e-16
6.43987962958405546e+00 1.54398796295862226e+01 -4.44089209850062616e-16
7.43987962958429527e+00 1.54398796295862208e+01 -0.00000000000000000e+00
8.43987962958453686e+00 1.54398796295862226e+01 -0.00000000000000000e+00
9.43987962958477844e+00 1.54398796295862226e+01 -0.00000000000000000e+00
1.04308058406075332e+01 1.64398796295864678e+01 -1.33824956455554244e-17
1.14398796295852598e+01 1.54398796295862208e+01 -0.00000000000000000e+00
1.24398796295855014e+01 1.54398796295862208e+01 -0.00000000000000000e+00
1.34398796295857412e+01 1.54398796295862226e+01 -1.77635683940025046e-15
1.44398796295859810e+01 1.54398796295862208e+01 3.10862446895043831e-15
1.54398796295862226e+01 1.54398796295862208e+01 7.73823994500324153e-16
1.64398796295864642e+01 1.54398796295862208e+01 2.03689539383345662e-15
1.74398796295867058e+01 1.54398796295862244e+01 1.77635683940025046e-15
6.43987962958405546e+00 1.44398796295859828e+01 4.44089209850062616e-16
7.43987962958429527e+00 1.44398796295859793e+01 8.88178419700125232e-16
8.43987962958453686e+00 1.44398796295859828e+01 4.44089209850062616e-16
9.43987962958477844e+00 1.44398796295859828e+01 4.44089209850062616e-16
1.04398796295850183e+01 1.54398796295862226e+01 8.88178419700125232e-16
1.14398796295852616e+01 1.44398796295859793e+01 8.88178419700125232e-16
1.24398796295855050e+01 1.44398796295859757e+01 6.15271190946280011e-15
1.34398796295857466e+01 1.44398796295859793e+01 1.77635683940025046e-15
1.44398796295859846e+01 1.44398796295859793e+01 4.44089209850062616e-15
1.54398796295862262e+01 1.44398796295859828e+01 -7.10542735760100186e-15
1.64398796295864642e+01 1.44398796295859828e+01 -0.00000000000000000e+00
1.74398796295867058e+01 1.44398796295859793e+01 -0.00000000000000000e+00
6.43881247946565693e+00 1.34398796295857377e+01 4.44089209850062616e-15
7.43881247946590207e+00 1.34398796295857377e+01 9.65520752756247326e-15
8.43881247946614721e+00 1.34398796295857412e+01 4.44089209850062616e-16
9.43881247946638346e+00 1.34398796295857412e+01 7.10542735760100186e-15
1.04398796295850183e+01 1.44398796295859828e+01 -0.00000000000000000e+00
1.14388124794668684e+01 1.34398796295857412e+01 6.66133814775093924e-15
1.24388124794671118e+01 1.34398796295857395e+01 -0.00000000000000000e+00
1.34388124794673534e+01 1.34398796295857395e+01 -0.00000000000000000e+00
1.44388124794675932e+01 1.34398796295857377e+01 1.77635683940025046e-15
1.54388124794678365e+01 1.34398796295857395e+01 -0.00000000000000000e+00
1.64388124794680763e+01 1.34398796295857395e+01 -1.77635683940025046e-15
1.74388124794683179e+01 1.34398796295857377e+01 -1.00293785765240366e-15
6.43987962958405369e+00 1.24398796295854943e+01 8.88178419700125232e-16
7.43987962958429350e+00 1.24398796295854979e+01 8.88178419700125232e-16
8.43987962958453508e+00 1.24265029753672547e+01 8.88178419700125232e-16
9.43987962958477667e+00 1.24398796295854996e+01 2.20254906731917576e-16
1.04388124794666286e+01 1.34398796295857412e+01 4.44089209850062616e-16
1.14398796295852527e+01 1.24398796295854961e+01 1.11734341710207590e-14
1.24398796295854979e+01 1.24398796295854925e+01 -0.00000000000000000e+00
1.34398796295857412e+01 1.24398796295854996e+01 -3.30365388826082917e-15
1.44398796295859775e+01 1.24398796295854961e+01 3.93868979593303643e-15
1.54398796295862226e+01 1.24398796295854996e+01 3.55271367880050093e-15
1.64398796295864642e+01 1.24398796295854979e+01 -0.00000000000000000e+00
1.74398796295867058e+01 1.24398796295854996e+01 2.66453525910037570e-15
7.43987962958429705e+00 1.14398796295852563e+01 5.32907051820075139e-15
8.43987962958453686e+00 1.14265029753670113e+01 5.32907051820075139e-15
9.43987962958478199e+00 1.14398796295852634e+01 7.99360577730112709e-15
1.04398796295850129e+01 1.24398796295854979e+01 7.54951656745106447e-15
1.14398796295852581e+01 1.14398796295852492e+01 -1.77635683940025046e-15
1.24398796295855014e+01 1.14398796295852581e+01 -0.00000000000000000e+00
1.34398796295857395e+01 1.14398796295852545e+01 6.21724893790087663e-15
1.44398796295859881e+01 1.14398796295852545e+01 -1.11140780144704232e-16
1.54398796295862297e+01 1.14398796295852581e+01 -0.00000000000000000e+00
1.64398796295864642e+01 1.14398796295852563e+01 -0.00000000000000000e+00
1.74398796295867058e+01 1.14398796295852598e+01 -0.00000000000000000e+00
7.43987962958430238e+00 1.04398796295850183e+01 -1.77635683940025046e-15
8.43987962958453508e+00 1.04265029753667751e+01 1.62092561595272855e-14
9.43987962958477667e+00 1.04398796295850254e+01 1.61656596384299689e-14
1.04398796295850165e+01 1.14398796295852581e+01 -2.22281591787758240e-16
1.14398796295852669e+01 1.04398796295850147e+01 -0.00000000000000000e+00
1.24398796295855085e+01 1.04398796295850165e+01 4.44089209850062616e-16
1.34398796295857448e+01 1.04398796295850129e+01 7.51915905174298567e-15
1.44398796295859846e+01 1.04398796295850129e+01 7.51915905174298567e-15
1.54398796295862191e+01 1.04398796295850165e+01 -6.66133814775093924e-15
1.64398796295864642e+01 1.04398796295850165e+01 -0.00000000000000000e+00
1.74398796295867058e+01 1.04398796295850183e+01 2.66453525910037570e-15
7.38143290642771355e+00 9.38143290642818783e+00 1.25024259908532137e-01
8.43987962958454219e+00 9.42650297536653525e+00 1.82076576038525673e-14
9.43987962958478377e+00 9.43987962958476956e+00 8.88178419700125232e-16
1.04398796295850218e+01 1.04398796295850129e+01 -8.32344555431079116e-15
1.14398796295852687e+01 9.43987962958477134e+00 4.88498130835068878e-15
1.24398796295855085e+01 9.43987962958477489e+00 6.23274412519420141e-16
1.34398796295857483e+01 9.43987962958477489e+00 9.23163658714736467e-16
1.44398796295859881e+01 9.43987962958477489e+00 4.13731694141983811e-16
1.54398796295862226e+01 9.43987962958477844e+00 -6.66133814775093924e-15
1.64398796295864607e+01 9.43987962958477311e+00 3.07930904656359737e-15
1.74398796295867058e+01 9.43987962958477489e+00 -0.00000000000000000e+00
7.22072751493460885e+00 8.26157624005312741e+00 3.29410595619330837e-01
8.36154659649344012e+00 8.42650297536629189e+00 1.79538628159326558e-14
9.43987962958478377e+00 8.43987962958452798e+00 -8.88178419700125232e-16
1.04398796295850254e+01 9.43987962958476601e+00 8.88178419700125232e-16
1.14398796295852705e+01 8.43987962958452975e+00 6.15273602517248896e-15
1.24398796295855121e+01 8.43987962958453330e+00 -0.00000000000000000e+00
1.34398796295857501e+01 8.43987962958453686e+00 -5.32907051820075139e-15
1.44398796295859810e+01 8.43987962958453863e+00 7.51915905174298567e-15
1.54398796295862404e+01 8.43987962958453508e+00 -0.00000000000000000e+00
1.64398796295864642e+01 8.43987962958453508e+00 -4.44089209850062616e-16
1.74398796295867236e+01 8.43987962958453153e+00 -4.44089209850062616e-16
1.02815356830134554e+01 7.31759488780976497e+00 -2.90555674070105574e-01
1.04398796295850254e+01 8.43987962958452620e+00 9.41640792642731274e-16
1.14067361289440488e+01 7.43987962958428817e+00 -0.00000000000000000e+00
1.24398796295855121e+01 7.43987962958429350e+00 8.88178419700125232e-16
1.34398796295857537e+01 7.43987962958429705e+00 -4.44089209850062616e-15
1.44398796295859988e+01 7.43987962958429705e+00 2.36165527144416122e-15
1.54398796295862439e+01 7.43987962958429705e+00 -6.66133814774473880e-15
1.64398796295864820e+01 7.43987962958429350e+00 -0.00000000000000000e+00
1.74398796295867236e+01 7.43987962958428817e+00 -0.00000000000000000e+00
1.44398796295859739e+01 6.43987962958405191e+00 -4.44089209850062616e-15
1.54398796295862155e+01 6.43987962958405369e+00 -6.21724893790087663e-15
1.64398796295864642e+01 6.43987962958405369e+00 2.66453525910037570e-15
1.74398796295867022e+01 6.43987962958405191e+00 -0.00000000000000000e+00
1.84398796295869474e+01 6.43987962958405191e+00 -0.00000000000000000e+00
1.53356637319265356e+01 5.33566373192412868e+00 -2.39170718398604071e-01
1.64398796295864642e+01 5.43987962958381033e+00 -4.44089209850062616e-16
1.74398796295867093e+01 5.43987962958380855e+00 6.21724893790087663e-15
1.61193503455481597e+01 4.36862681476823767e+00 -2.78205157983484053e-01
1.74398796295867058e+01 4.43987962958356519e+00 -0.00000000000000000e+00
1.68780782951265991e+01 3.43013479606453942e+00 -3.50273356567949723e-01
1.33354874456516654e+01 6.33548744564998323e+00 -2.39650835096108711e-01
8.15718839877050073e+00 7.31622628610601922e+00 -2.90555674070105574e-01
9.20744732736921456e+00 7.33799760413524460e+00 -2.90555674070105574e-01
5.00000000000000000e-01 1.57142767775199790e+01 -0.00000000000000000e+00
1.56779659947665095e+00 1.61394271147682211e+01 3.78317287744610764e-01
5.00000000000000000e-01 1.45000000000033769e+01 -0.00000000000000000e+00
1.57577420651627165e+00 1.49050790109368752e+01 3.78317287744610764e-01
2.44965409356067454e+00 1.54138394538986443e+01 3.78317287744610764e-01
5.00000000000000000e-01 1.35000000000031335e+01 -0.00000000000000000e+00
1.64159532437013667e+00 1.37682975960307576e+01 3.51545177428029376e-01
2.54796302714233391e+00 1.42011845853084875e+01 3.51545177428029376e-01
3.42590905421233138e+00 1.47115611679704212e+01 3.51545177428029376e-01
4.36698422371179795e+00 1.50498208202722488e+01 3.51545177428029376e-01
5.00000000000000000e-01 1.25000000000028919e+01 -0.00000000000000000e+00
1.63627037037389300e+00 1.26696045121369227e+01 3.33963592511736629e-01
2.56838824717746306e+00 1.30338043314133660e+01 3.33963592511736629e-01
3.47645787276117701e+00 1.34673155528764337e+01 3.33963592511736629e-01
4.35746835290334289e+00 1.39788161173224772e+01 3.33963592511736629e-01
5.00000000000000000e-01 1.15000000000026521e+01 -0.00000000000000000e+00
1.55832785357775805e+00 1.15583278535801668e+01 1.24750256018861583e-01
2.58770492360769921e+00 1.19220876860208822e+01 3.30787967305650410e-01
3.51458332134168572e+00 1.23019372549083901e+01 3.30787967305650410e-01
4.42299344212946366e+00 1.27355666144259221e+01 3.30787967305650410e-01
5.30459208323161135e+00 1.32472712469196043e+01 3.30787967305650410e-01
5.00000000000000000e-01 1.05000000000024105e+01 -0.00000000000000000e+00
1.50000000000024158e+00 1.05000000000024105e+01 -0.00000000000000000e+00
2.62622855184051573e+00 1.07940986458386838e+01 3.92151550532885307e-01
3.53985973117030284e+00 1.12015625506839545e+01 3.92151550532885307e-01
4.46517823970188843e+00 1.15807669927075221e+01 3.92151550532885307e-01
5.36880608362896083e+00 1.20124185352949215e+01 3.92151550532885307e-01
1.50000000000024158e+00 9.50000000000216893e+00 -0.00000000000000000e+00
2.64377408235371902e+00 9.64377408235541012e+00 3.58933967908696472e-01
3.54961236278316505e+00 1.00761662525536462e+01 3.58933967908696472e-01
4.46459386165120797e+00 1.04841886120684489e+01 3.58933967908696472e-01
5.39032363326703923e+00 1.08635631410849811e+01 3.58933967908696472e-01
2.50000000000047962e+00 8.50000000000193090e+00 -2.66453525910037570e-15
3.57107354595557780e+00 8.92746109429250367e+00 3.92151550532901183e-01
4.47476268098082386e+00 9.35896443762237773e+00 3.92151550532901183e-01
5.38839386031061096e+00 9.76642834246764835e+00 3.92151550532901183e-01
3.50000000000071232e+00 7.50000000000168576e+00 -1.15463194561016280e-14
4.45300122180118407e+00 8.21167740526317225e+00 4.45478728838861471e-01
5.35540571117344832e+00 8.64256734197702059e+00 4.45478728838861471e-01
4.50000000000096456e+00 6.50000000000144951e+00 4.44089209850062616e-16
5.30938800763824581e+00 7.51244379164550402e+00 4.45478728838861471e-01
5.30459208323161491e+00 1.43045920832337821e+01 3.30787967305647357e-01
2.49708407241230645e+00 1.65087843844209807e+01 3.78317287744610764e-01
3.38229066764680830e+00 1.57747705248531727e+01 3.78317287744610764e-01
6.29610554723081783e+00 1.12961055472320151e+01 3.58933967908696472e-01
6.31371236884219655e+00 1.01456327844912177e+01 3.92151550532901183e-01
6.29478149623961514e+00 9.05565656401885377e+00 3.92151550532901183e-01
6.23243980925442287e+00 7.93603188414114413e+00 4.14006450099500212e-01
5.86131830042522495e+00 6.66575642395643975e+00 4.41720275761084802e-01
6.83188655552309143e+00 7.06727993594562598e+00 3.38044813034800218e-01
1.57694583424762715e+01 6.41216761363185839e-01 -3.50273356567949723e-01
1.62013306969169832e+01 1.54808370372110460e+00 -3.50273356567949723e-01
1.46858893695782946e+01 6.18090083225300901e-01 -2.78205157983484164e-01
1.50059634263188570e+01 1.56666069148285914e+00 -2.78205157983484164e-01
1.54410687828730993e+01 2.48237697173119898e+00 -2.78205157983484164e-01
1.36335151444125628e+01 6.04215897659688750e-01 -2.39170718398606708e-01
1.38976292780053861e+01 1.56911409902896537e+00 -2.39170718398606708e-01
1.42184195900467678e+01 2.52019249798699363e+00 -2.39170718398606708e-01
1.46555243039319762e+01 3.44290903319439678e+00 -2.39170718398606708e-01
1.49233740886942527e+01 4.40689634109039119e+00 -2.39170718398606708e-01
1.26042158976625807e+01 6.04215897659688750e-01 -2.39170718398606708e-01
1.28412682606684232e+01 1.57593032716527048e+00 -2.39593506694039393e-01
1.31053796047452167e+01 2.54081710947217587e+00 -2.39593506694039393e-01
1.34261612742896954e+01 3.49186012981610006e+00 -2.39593506694039393e-01
1.38632453338242101e+01 4.41449211511725181e+00 -2.39593506694039393e-01
1.15000000000026521e+01 5.00000000000000000e-01 -0.00000000000000000e+00
1.17632608859932297e+01 1.57255635174926667e+00 -2.39650835096108766e-01
1.20456685324280830e+01 2.53297086706317387e+00 -2.39650835096108766e-01
1.23097795014355498e+01 3.49785611438151989e+00 -2.39650835096108711e-01
1.26305600020837030e+01 4.44889435096318664e+00 -2.39650835096108711e-01
1.30676412635804233e+01 5.37151488516529341e+00 -2.39650835096108711e-01
1.05000000000024105e+01 5.00000000000000000e-01 -0.00000000000000000e+00
1.06043921839364934e+01 1.60439218393431204e+00 -2.39650835096108766e-01
1.09712518320254535e+01 2.54417113477852652e+00 -2.39650835096108766e-01
1.12536594784603068e+01 3.50458565009243372e+00 -2.39650835096108766e-01
1.15177704474677736e+01 4.46947089741077974e+00 -2.39650835096108766e-01
1.18385509481159268e+01 5.42050913399244649e+00 -2.39650835096108766e-01
9.50000000000216893e+00 1.50000000000024158e+00 -0.00000000000000000e+00
9.82018206790904458e+00 2.57060801410028006e+00 -2.76031242867052051e-01
1.01859006045648037e+01 3.50635850255154580e+00 -2.76031242867052051e-01
1.04680289333778145e+01 4.46578694367273599e+00 -2.76031242867052051e-01
1.07320472939362972e+01 5.43034525565142090e+00 -2.76031242867052051e-01
7.50000000000168754e+00 2.50000000000048317e+00 -0.00000000000000000e+00
9.05044734584205912e+00 3.50753695944001720e+00 -2.97795257643931111e-01
9.41539907595967485e+00 4.44533862684035341e+00 -2.90555674070105574e-01
9.67948124582569669e+00 5.41012220463293403e+00 -2.90555674070105574e-01
7.50000000000167510e+00 3.50000000000072475e+00 -0.00000000000000000e+00
8.29781067398634065e+00 4.41421552165810027e+00 -4.23415495230508532e-01
8.63884233934096812e+00 5.42052293209960112e+00 -2.90555674070105574e-01
6.52500009548818127e+00 4.52500009548769810e+00 5.00002010246099401e-02
7.58087856075600541e+00 5.39459388828695730e+00 -3.03015165441568146e-01
1.41310919432876574e+01 5.37846642472429615e+00 -2.39593506694039338e-01
1.65210214959502508e+01 2.49593486548874210e+00 -3.50273356567949723e-01
1.57087863165245132e+01 3.44590123508767121e+00 -2.78205157983484164e-01
1.22756322096126453e+01 6.34312966819455326e+00 -2.39650835096108766e-01
1.10521568996448707e+01 6.37901503376786927e+00 -2.76031242867052051e-01
9.96160158164924070e+00 6.36951204532448934e+00 -2.90555674070105574e-01
8.92096267516451213e+00 6.37991277279115465e+00 -2.90555674070105574e-01
6.62642023106229416e+00 5.69293815287162452e+00 -3.03015165441568146e-01
7.87070374656579830e+00 6.35814145476192927e+00 -2.90555674070105574e-01
1.82393295922535330e+01 5.00000000000000000e-01 -0.00000000000000000e+00
1.84398796295869474e+01 1.50000000000024158e+00 -0.00000000000000000e+00
1.76121543774885723e+01 2.53167802759494265e+00 -3.75828064509829918e-01
1.84398796295869474e+01 3.43987962958332538e+00 -0.00000000000000000e+00
1.84398796295869474e+01 4.43987962958356697e+00 -6.21724893790095393e-15
1.84398796295869403e+01 5.43987962958381388e+00 6.21724893790087663e-15
1.84398796295869616e+01 7.43987962958429350e+00 -0.00000000000000000e+00
1.84398796295869616e+01 8.43987962958453153e+00 -0.00000000000000000e+00
1.84398796295869474e+01 9.43987962958477134e+00 -0.00000000000000000e+00
1.84398796295869474e+01 1.04398796295850129e+01 -0.00000000000000000e+00
1.84398796295869474e+01 1.14398796295852563e+01 -0.00000000000000000e+00
1.84398796295869474e+01 1.24398796295854961e+01 -0.00000000000000000e+00
1.84388124794685595e+01 1.34398796295857377e+01 -1.33226762955018785e-15
1.84398796295869474e+01 1.44398796295859793e+01 -0.00000000000000000e+00
1.84398796295869474e+01 1.54398796295862226e+01 -0.00000000000000000e+00
1.84308058406094553e+01 1.64398796295864678e+01 -0.00000000000000000e+00
1.84398796295869474e+01 1.74398796295867058e+01 -0.00000000000000000e+00
1.84398796295869474e+01 1.84398796295869474e+01 -0.00000000000000000e+00
5.00000000000000000e-01 1.82064616419602778e+01 -0.00000000000000000e+00
1.50000000000024158e+00 1.84398796295869474e+01 -0.00000000000000000e+00
2.52807835221899069e+00 1.76459120941656700e+01 4.66303780230907461e-01
3.43987962958332716e+00 1.84398796295869509e+01 -6.66133814775093924e-15
4.43987962958357052e+00 1.84398796295869474e+01 -0.00000000000000000e+00
5.43987962958380855e+00 1.84398796295869474e+01 -6.66133814775093924e-15
6.43987962958405369e+00 1.84398796295869474e+01 -0.00000000000000000e+00
7.43987962958429705e+00 1.84398796295869438e+01 6.66133803525038745e-15
8.43987962958453686e+00 1.84398796295869438e+01 1.93131973760367096e-15
9.43987962958477667e+00 1.84398796295869474e+01 -0.00000000000000000e+00
1.14398796295852581e+01 1.84398796295869474e+01 -1.77635683940025046e-15
1.24398796295854979e+01 1.84398796295869438e+01 -0.00000000000000000e+00
1.34398796295857395e+01 1.84398796295869474e+01 -0.00000000000000000e+00
1.44398796295859810e+01 1.84398796295869474e+01 -0.00000000000000000e+00
1.54398796295862226e+01 1.84398796295869474e+01 -0.00000000000000000e+00
1.64398796295864642e+01 1.84398796295869474e+01 -0.00000000000000000e+00
1.74398796295867058e+01 1.84398796295869474e+01 -0.00000000000000000e+00
