# n = 341
# s = 18.951882408731986
# x y theta(rad)
6.26259307241550989e-01 1.69957645593095421e+01 3.02524804840094141e-01
1.57955625398901089e+00 1.72978302635302050e+01 3.02524804840094141e-01
1.69450057601302326e+01 6.39752908390031849e-01 -3.45387777980644350e-01
1.72835673402801184e+01 1.58069714502027070e+00 -3.45387777980644239e-01
5.00000000000000444e-01 9.50000000000563993e+00 -0.00000000000000000e+00
5.00000000000000444e-01 8.50000000000501288e+00 1.26475915659357931e-20
1.50000000000062750e+00 8.50000000000501288e+00 3.07910379116616044e-17
5.00000000000000444e-01 7.50000000000438671e+00 3.78514228823630048e-17
1.50000000000062750e+00 7.50000000000438849e+00 7.21068612939678285e-17
2.50000000000125278e+00 7.50000000000438671e+00 1.39293101739839999e-17
5.00000000000000444e-01 6.50000000000376144e+00 3.78514228823630048e-17
1.50000000000062750e+00 6.50000000000376144e+00 -5.29962425303507917e-17
2.52670124265044604e+00 6.50000000000376144e+00 -6.71019697270252210e-18
3.59100913224755258e+00 6.52394161933752237e+00 4.88853095946193972e-02
5.00000000000000444e-01 5.50000000000313438e+00 3.78514228823630048e-17
1.50000000000062750e+00 5.50000000000313438e+00 -4.18848950228088367e-17
2.50000000000125278e+00 5.50000000000313438e+00 1.65890859761308698e-17
3.50000000000187983e+00 5.50000000000313261e+00 8.53311578975822840e-18
4.50000000000250644e+00 5.50000000000313438e+00 4.89932354809458562e-17
5.00000000000000444e-01 4.50000000000250822e+00 3.78514228823630048e-17
1.50000000000062750e+00 4.50000000000250822e+00 7.56790057053827181e-17
2.50000000000125278e+00 4.50000000000250822e+00 8.40332345854584419e-17
3.50000000000187983e+00 4.50000000000250644e+00 3.50809760342427873e-19
4.50000000000250644e+00 4.50000000000250822e+00 2.26647620188427591e-17
5.00000000000000444e-01 3.50000000000188161e+00 3.78514228823630048e-17
1.50000000000062750e+00 3.50000000000188072e+00 1.25612682696461858e-16
2.50000000000125278e+00 3.50000000000188072e+00 9.02553376143308561e-17
3.50000000000187983e+00 3.50000000000187983e+00 4.18785871942774098e-17
4.50000000000250644e+00 3.50000000000188072e+00 2.26658937957911877e-17
5.50000000000313172e+00 3.50000000000188072e+00 -1.17785952205061697e-18
5.00000000000000444e-01 2.50000000000125366e+00 3.78514228823630048e-17
1.50000000000062750e+00 2.50000000000125366e+00 3.78387752907970690e-17
2.50000000000125278e+00 2.50000000000125366e+00 -4.87039320505416325e-17
3.50000000000188072e+00 2.50000000000125455e+00 -2.09452635209762651e-16
4.50000000000250644e+00 2.50000000000125366e+00 6.44093658832040067e-16
5.50000000000313349e+00 2.50000000000125366e+00 2.26658937828664907e-17
6.50000000000376055e+00 2.50000000000125366e+00 3.83850529512162124e-16
5.00000000000000444e-01 1.50000000000062750e+00 3.78514228823630048e-17
1.50000000000062750e+00 1.50000000000062750e+00 -3.08448108351373062e-17
2.50000000000125278e+00 1.50000000000062750e+00 6.42694650816272390e-17
3.50000000000187983e+00 1.50000000000062750e+00 1.39548236479792610e-17
4.50000000000250644e+00 1.50000000000062750e+00 -5.51014479985448904e-19
5.50000000000313349e+00 1.50000000000062750e+00 -1.74049877863534874e-17
6.50000000000376055e+00 1.50000000000062750e+00 -4.86335014002410483e-17
7.50000000000438583e+00 1.50000000000062750e+00 9.43241848913828840e-17
5.00000000000000444e-01 5.00000000000000555e-01 5.55435237717107023e-20
1.50000000000062750e+00 5.00000000000000555e-01 3.78514228694383077e-17
2.50000000000125278e+00 5.00000000000000555e-01 1.53880084310033096e-16
3.50000000000188072e+00 5.00000000000000555e-01 1.09815458501912817e-16
4.50000000000250644e+00 5.00000000000000555e-01 1.09815458172333042e-16
5.50000000000313349e+00 5.00000000000000555e-01 -0.00000000000000000e+00
6.50000000000375877e+00 5.00000000000000555e-01 5.40417513134313851e-17
7.50000000000438583e+00 5.00000000000000555e-01 5.40417169062721946e-17
8.50000000000501288e+00 5.00000000000000555e-01 -1.20466794147687333e-15
9.50000000000563993e+00 5.00000000000000555e-01 -0.00000000000000000e+00
3.45870865879617151e+00 1.68516572780126204e+01 3.14288436807413418e-01
4.45188240872291097e+00 1.74518824087310485e+01 -5.53329044160302566e-17
5.45188240872353802e+00 1.74518824087310485e+01 -9.49010524984004185e-17
6.45188240872416330e+00 1.74518824087310485e+01 1.75064229744603596e-15
7.45188240872479035e+00 1.84038812299779977e+01 -4.49623541892555163e-17
8.45188240872541563e+00 1.74518824087310485e+01 -2.31895730686385173e-17
9.45188240872604091e+00 1.74518824087310520e+01 -3.46423374982711167e-15
1.04518824087266680e+01 1.74518824087310485e+01 -3.47752846871209918e-15
1.14518824087273057e+01 1.74518824087310378e+01 -2.41208382877175489e-14
1.24518824087279203e+01 1.74518824087310485e+01 -2.82940609645414307e-15
1.34518824087283946e+01 1.74518824087310271e+01 -3.11641324027641749e-13
1.44518824087290199e+01 1.74518824087311444e+01 -3.11623304424041842e-13
1.54518824087299347e+01 1.74518824087310449e+01 3.15057659891839107e-15
1.64518824087304161e+01 1.74518824087310520e+01 8.53054639682942800e-15
1.74518824087310414e+01 1.74518824087310520e+01 -3.17780165432319302e-15
4.38679743726274651e+00 1.60917909625729898e+01 2.94991679880043267e-01
5.45188240872353980e+00 1.64518824087304232e+01 -6.35557391427722368e-17
6.45188240872416863e+00 1.64518824087304267e+01 -3.74827838488439533e-15
7.45188240872479035e+00 1.74038812299773689e+01 1.79143522941694960e-15
8.45188240872541741e+00 1.64518824087304267e+01 -3.73644551875789218e-15
9.45188240872603558e+00 1.64518824087304267e+01 -3.38693799170604989e-15
1.04518824087266555e+01 1.64518824087304374e+01 -2.40960825569368764e-14
1.14518824087272844e+01 1.64518824087304125e+01 -2.87718953150834903e-14
1.24518824087278919e+01 1.64518824087303948e+01 -5.65940241495179537e-14
1.34518824087285935e+01 1.64518824087303379e+01 -1.81168648131974375e-13
1.44518824087292437e+01 1.64518824087304303e+01 -1.33132256219231849e-13
1.54518824087297979e+01 1.64518824087304196e+01 5.28020328329649066e-15
1.64518824087304232e+01 1.64518824087304232e+01 2.97177814279626804e-15
1.74518824087310556e+01 1.64518824087304267e+01 3.00541785446161054e-15
5.33013800316375175e+00 1.53301380031699992e+01 2.88948964468445701e-01
6.45188240872417218e+00 1.54518824087297979e+01 1.74359311385873425e-15
7.45188240872479390e+00 1.64038812299767400e+01 -3.70108795616647830e-15
8.45188240872541918e+00 1.54518824087297943e+01 9.90886220479394425e-16
9.45188240872604446e+00 1.54518824087297943e+01 1.37771086948801339e-15
1.04518824087266573e+01 1.54518824087298086e+01 -2.86471452142457040e-14
1.14518824087272861e+01 1.54518824087297872e+01 -3.24898071411428281e-14
1.24518824087278581e+01 1.54518824087297055e+01 -1.33073524225707372e-13
1.34518824087285083e+01 1.54518824087297091e+01 -1.81535806754889235e-13
1.44518824087292082e+01 1.54518824087297517e+01 -3.65629003139873709e-14
1.54518824087298299e+01 1.54518824087298050e+01 -2.68655383885956164e-14
1.64518824087304374e+01 1.54518824087297943e+01 1.18490862461369404e-14
1.74518824087310662e+01 1.54518824087297943e+01 1.12610073506100680e-14
6.44646279100291864e+00 1.44518824087291726e+01 3.63956855057958672e-16
7.45188240872480634e+00 1.54038812299761005e+01 -2.63395923898632499e-14
8.45188240872539254e+00 1.44518824087291673e+01 9.38668476828574258e-16
9.45188240872601604e+00 1.44518824087291655e+01 7.99743733904241884e-15
1.04518824087266431e+01 1.44518824087291655e+01 7.98307017615428153e-15
1.14518824087272950e+01 1.44518824087291673e+01 -4.30486693250559010e-14
1.24518824087279025e+01 1.44518824087291762e+01 -5.26161089921017802e-15
1.34518824087285296e+01 1.44518824087291762e+01 -5.21005062906492157e-15
1.44518824087291620e+01 1.44518824087291460e+01 4.44532432615320838e-15
1.54518824087298015e+01 1.44518824087291797e+01 -2.68691823527126533e-14
1.64518824087304090e+01 1.44518824087291673e+01 1.31707132136083034e-14
1.74518824087309774e+01 1.44518824087291655e+01 1.96629980964549740e-14
6.45188240872416330e+00 1.34518824087285438e+01 6.13041631808895981e-15
7.45188240872476904e+00 1.44038812299754646e+01 -5.60363414352672726e-15
8.45188240872541918e+00 1.34518824087285473e+01 -6.56476083573859277e-16
9.45188240872604091e+00 1.34518824087285296e+01 -8.44105194239004326e-15
1.04518824087266680e+01 1.34518824087285296e+01 -8.04052451311316218e-15
1.14518824087273039e+01 1.34518824087285545e+01 8.00342225633893734e-15
1.24518824087279203e+01 1.34518824087285473e+01 -9.31021771379545956e-15
1.34518824087285331e+01 1.34518824087285616e+01 1.41349241235515486e-14
1.44518824087291584e+01 1.34518824087285260e+01 1.42422410896323118e-14
1.54518824087297659e+01 1.34518824087285545e+01 -2.68862771635185761e-14
1.64518824087303734e+01 1.34518824087285438e+01 8.60000920407191780e-15
1.74518824087310449e+01 1.34518824087285367e+01 1.10688688246828729e-14
7.45188240872479213e+00 1.34038812299748358e+01 -6.30125126066005033e-16
8.45188240872541385e+00 1.24518824087279167e+01 7.04325911286617084e-15
9.45188240872604446e+00 1.24518824087279061e+01 -6.82203834254540665e-16
1.04518824087266715e+01 1.24518824087279079e+01 -5.05619953495834468e-16
1.14518824087272950e+01 1.24518824087279185e+01 1.36432940596831833e-14
1.24518824087279292e+01 1.24518824087279203e+01 -5.19101023002070037e-15
1.34518824087285402e+01 1.24518824087279363e+01 7.59277579785488629e-15
1.44518824087291691e+01 1.24518824087279025e+01 7.54768985828023216e-15
1.54518824087297961e+01 1.24518824087279096e+01 7.56959380750785440e-15
1.64518824087304232e+01 1.24518824087279167e+01 7.61187688303283720e-15
1.74518824087310485e+01 1.24518824087279132e+01 1.58429398309908703e-15
1.50000000000062750e+00 9.50000000000563993e+00 -0.00000000000000000e+00
8.45188240872541385e+00 1.14518824087272808e+01 4.66237925385452425e-15
9.45188240872605512e+00 1.14518824087272399e+01 -1.44632664970125343e-14
1.04518824087266680e+01 1.14518824087272773e+01 -7.15181811220064964e-15
1.14518824087272861e+01 1.14518824087272932e+01 9.60428208716660604e-15
1.24518824087279221e+01 1.14518824087272844e+01 9.58098577038804806e-15
1.34518824087285491e+01 1.14518824087273092e+01 7.61593360441506045e-15
1.44518824087291691e+01 1.14518824087272755e+01 7.58469221683799482e-15
1.54518824087297961e+01 1.14518824087272826e+01 7.62012234642659423e-15
1.64518824087304232e+01 1.14518824087272897e+01 7.26890291088958001e-15
1.74518824087310556e+01 1.14518824087272826e+01 -4.36361463889569637e-15
7.45188240872479568e+00 1.14038812299480039e+01 8.29379889723325910e-15
8.45188240872542096e+00 1.04518824087266484e+01 -2.33681123678331440e-14
9.45188240872603735e+00 1.04518824087266164e+01 -5.43285796467696547e-15
1.14518824087272897e+01 1.04518824087266662e+01 -8.05671512634877523e-16
1.24518824087279185e+01 1.04518824087266697e+01 -5.23389900726995149e-15
1.34518824087285456e+01 1.04518824087266715e+01 -2.76828493395578402e-15
1.44518824087291762e+01 1.04518824087266538e+01 -7.08994504964761432e-15
1.04518824087266609e+01 1.04518824087266307e+01 1.43884344833876592e-14
1.54518824087298068e+01 1.04518824087266573e+01 7.52145693193861178e-15
1.64518824087304303e+01 1.04518824087266697e+01 1.10060818349836166e-14
1.74518824087310591e+01 1.04518824087266715e+01 1.12139889768459921e-14
7.45188240864858820e+00 1.04038812299473786e+01 8.33787693646164908e-15
8.45188240872538721e+00 9.45188240872603025e+00 -5.44637524526346379e-15
9.45188240872601249e+00 9.45188240872600716e+00 -5.38334552344881332e-15
1.04518824087266307e+01 9.45188240872599650e+00 -7.96337710402442377e-16
1.14518824087272630e+01 9.45188240872603203e+00 -1.30924759946503666e-14
1.24518824087278901e+01 9.45188240872603203e+00 -1.08086378800487509e-14
1.34518824087285243e+01 9.45188240872604091e+00 2.19123712948156161e-15
1.44518824087291549e+01 9.45188240872602670e+00 -7.04886066726010050e-15
1.54518824087297908e+01 9.45188240872603203e+00 1.09548738430014893e-14
1.64518824087304161e+01 9.45188240872604268e+00 1.09556617203284153e-14
1.74518824087310485e+01 9.45188240872603913e+00 5.58681236973090626e-16
7.45182047065343944e+00 9.37079294917587724e+00 -1.23883816561635860e-04
8.45111239763925326e+00 8.45111239763927280e+00 -1.54121044700043113e-03
9.45188240872601959e+00 8.45188240872537655e+00 1.16663165317712243e-14
1.04518824087266395e+01 8.45188240872538898e+00 2.59289329475735405e-14
1.14518824087272808e+01 8.45188240872541208e+00 -7.62163536176744501e-16
1.24518824087279079e+01 8.45188240872541030e+00 -8.42426829943532886e-16
1.34518824087285385e+01 8.45188240872540675e+00 -7.05033257184909692e-15
1.44518824087291655e+01 8.45188240872539964e+00 -7.05330977497534205e-15
1.54518824087297908e+01 8.45188240872539609e+00 -7.58685708835334922e-15
1.64518824087304090e+01 8.45188240872539431e+00 -3.24275657379493908e-14
1.74518824087310342e+01 8.45188240872539609e+00 -3.24185793547529824e-14
9.28507532397900626e+00 7.32902358145793897e+00 -2.93158303524292230e-01
1.03367479527219004e+01 7.33674795271999791e+00 -2.69665223980260549e-01
1.14518824087272826e+01 7.45188240872477703e+00 -7.07693981398798238e-16
1.24518824087279025e+01 7.45188240872480190e+00 1.03967018452142372e-14
1.34518824087285385e+01 7.45188240872478058e+00 -7.03165036340824407e-15
1.44518824087291442e+01 7.45188240872478591e+00 1.48287700646470965e-14
1.54518824087297606e+01 7.45188240872476992e+00 -6.14476529967213828e-15
1.64518824087303877e+01 7.45188240872478236e+00 -6.13059891070019379e-15
1.74518824087310129e+01 7.45188240872478769e+00 4.12605499719805516e-17
1.33956058447047006e+01 6.39560584470031923e+00 -1.20036978349900986e-01
1.44518824087291726e+01 6.45188240872415886e+00 1.48153286648421216e-14
1.54518824087297908e+01 6.45188240872413932e+00 2.19987514213247547e-15
1.64518824087304232e+01 6.45188240872415797e+00 2.16735654566220811e-16
1.74518824087310449e+01 6.45188240872415975e+00 -4.07353153209370179e-17
1.84518824087316737e+01 6.43437374434028886e+00 4.32063792051603130e-15
1.53406898162045824e+01 5.34068981619830119e+00 -2.58471870179010466e-01
1.64518824087304232e+01 5.45188240872353536e+00 1.97574374853332392e-16
1.74518824087310485e+01 5.45188240872353358e+00 -7.25652751966310517e-17
1.61180507387297673e+01 4.38477275581432036e+00 -2.77156447323259059e-01
1.74518824087310485e+01 4.45188240872290919e+00 -2.48044765540319148e-16
1.68783677513176720e+01 3.44695263400560270e+00 -3.45387777980644239e-01
6.38688541182948555e+00 1.23868854118332390e+01 1.40276164930056735e-01
7.17114642152296966e+00 7.25626918147489697e+00 -2.98604803484787407e-01
8.24410324166455233e+00 7.34092755705309497e+00 -2.93158303524231834e-01
6.87184778766459736e+00 6.29806105371673652e+00 -3.06349426992212237e-01
6.28416243999656121e-01 1.58445147165604112e+01 3.09135994542377668e-01
1.55240316956539948e+00 1.62383311662163337e+01 3.09135994542377668e-01
6.23768225341944760e-01 1.47176159911558795e+01 2.94991679879940072e-01
1.55754802183224639e+00 1.50841228497852171e+01 2.94991679880043267e-01
2.48289738717430142e+00 1.54783744287913283e+01 2.94991679880043267e-01
6.21744405559797375e-01 1.36217444055679415e+01 2.88948964468445701e-01
1.56576239233245085e+00 1.39555539188420727e+01 2.88948964468445646e-01
2.50001754981287716e+00 1.43222052192983114e+01 2.88948964468445646e-01
3.42600993163511935e+00 1.47166521834476036e+01 2.88948964468445646e-01
4.38016256284395666e+00 1.50163691375079473e+01 2.88948964468445701e-01
5.00000000000000444e-01 1.25000000000075193e+01 8.88178419700125232e-16
1.56898232474931598e+00 1.28645166295847098e+01 3.11750932653281354e-01
2.51214146322809428e+00 1.31980493711069116e+01 3.11750932653281354e-01
3.44479424967578440e+00 1.35641842927787550e+01 3.11750932653281354e-01
4.36855497960786288e+00 1.39579120866068820e+01 3.11750932653281354e-01
5.00000000000000444e-01 1.15000000000068923e+01 -0.00000000000000000e+00
1.61424085698091302e+00 1.17539772785555510e+01 2.67108516651137606e-01
2.55402199934431851e+00 1.21083911316158765e+01 2.67108516651137606e-01
3.49932789611723338e+00 1.24426156857181045e+01 2.67108516651137606e-01
4.43558384859009536e+00 1.28099117607396060e+01 2.67108516651137606e-01
5.36418037598934205e+00 1.32051979347223103e+01 2.67108516651137551e-01
5.00000000000000444e-01 1.05000000000062670e+01 -0.00000000000000000e+00
1.62306352317839897e+00 1.06230635231840527e+01 2.92879862999954721e-01
2.55952404593087612e+00 1.09812676247769065e+01 2.92879862999996576e-01
3.49730904157574374e+00 1.13350795361847574e+01 2.92879862999996576e-01
4.44113519817726576e+00 1.16688578719625831e+01 2.92879862999996576e-01
5.37506549948587420e+00 1.20354526426701778e+01 2.92879862999996576e-01
2.57199759762950775e+00 9.87151155557337745e+00 3.28362676339577553e-01
3.50661655782180004e+00 1.02290882433000192e+01 3.28362676339577553e-01
4.44271404054154395e+00 1.05823252250087450e+01 3.28362676339577553e-01
5.38555533252881702e+00 1.09157680208876400e+01 3.28362676339577553e-01
6.31734978085254362e+00 1.12816351140197391e+01 3.28362676339580994e-01
2.50000000000125278e+00 8.50000000000501288e+00 -4.04470953479332425e-17
3.48568027868598262e+00 9.13368598937238474e+00 3.90587973605412198e-01
4.43589604493800138e+00 9.49347000157139753e+00 3.57969389634259616e-01
5.37740083497149435e+00 9.84706447584537337e+00 3.46477113528336211e-01
3.51718704343509936e+00 7.56199434838989770e+00 -3.49663930329827746e-02
4.42675384002792782e+00 8.42237003362565240e+00 3.57969389634288815e-01
5.36336406539678379e+00 8.77274310013586067e+00 3.57969389634275714e-01
5.19877247854342706e+00 7.64349164594389041e+00 3.57969389634288759e-01
6.13863874514459695e+00 7.98516072860399984e+00 3.57969389634275548e-01
5.32262060215690980e+00 1.42576010013273606e+01 3.11750932653281299e-01
2.50645323809202170e+00 1.65380164758952297e+01 3.09135994542377668e-01
3.43697838621805074e+00 1.57780696169074641e+01 2.94991679880043267e-01
7.45188240872478858e+00 1.24038812299742141e+01 7.45318864923439094e-15
6.32487660259926976e+00 1.01807756102878439e+01 3.37384277606509020e-01
6.31316577623146102e+00 9.11692307539109770e+00 3.37384277606424809e-01
7.40504262258814627e+00 8.32428916848210498e+00 -9.80950033576911823e-02
4.65652154294303955e+00 6.50000000000376144e+00 4.89174899189442190e-17
5.92909050261279091e+00 6.63341706772551643e+00 -3.06349426992212237e-01
1.57887698531167935e+01 6.22068485084546041e-01 -2.89912053589444441e-01
1.62135828401571906e+01 1.56062472962660825e+00 -3.45387777980644239e-01
1.47412703511794305e+01 6.17729553429264500e-01 -2.77156447323206323e-01
1.50235149419988332e+01 1.57711391962197878e+00 -2.77156447323255506e-01
1.54519899651970576e+01 2.49489892237465360e+00 -2.77156447323255506e-01
1.36677524246128144e+01 6.11192592525212519e-01 -2.58471870179010466e-01
1.39622176863288807e+01 1.56769978695693846e+00 -2.58471870179010466e-01
1.42445558855336056e+01 2.52741320613333942e+00 -2.58471870179010466e-01
1.46739018740965257e+01 3.44825983366423783e+00 -2.58471870179010466e-01
1.50009414296884351e+01 4.39615484299611836e+00 -2.58471870179010466e-01
1.26312712786276045e+01 6.11870650459158782e-01 -2.60381864516624095e-01
1.28894587493684067e+01 1.57796578713735469e+00 -2.60381864516653294e-01
1.31839047147080546e+01 2.53440055600784264e+00 -2.60381864516653294e-01
1.34662297856329936e+01 3.49406470049085849e+00 -2.60381864516653294e-01
1.38954878744494152e+01 4.41458141175491559e+00 -2.60381864516627481e-01
1.15434904477594049e+01 5.43490447752513206e-01 -9.12697513627176438e-02
1.18081169409558484e+01 1.57866416405700116e+00 -2.39596098288855558e-01
1.20994230182574576e+01 2.53690750795243725e+00 -2.39596098288855558e-01
1.23941295230675177e+01 3.49432016598498718e+00 -2.39596098288855502e-01
1.26766479987475709e+01 4.45471022126232086e+00 -2.39596098288855502e-01
1.31069133189218565e+01 5.37900739859931765e+00 -2.39596098288855502e-01
1.05000000000062652e+01 5.00000000000000555e-01 -0.00000000000000000e+00
1.07080391955781078e+01 1.59430971534795018e+00 -2.58337257339960158e-01
1.10198659946066506e+01 2.54623487001999438e+00 -2.58337257339960158e-01
1.13109508243927763e+01 3.50364092239713321e+00 -2.58337257339960158e-01
1.16054193231206551e+01 4.46015286760822161e+00 -2.58337257339960158e-01
1.18877598598420189e+01 5.41986952874343775e+00 -2.58337257339960158e-01
9.61513445601048033e+00 1.61513445600538530e+00 -2.69665223980268043e-01
9.93293955367826875e+00 2.56478876547852641e+00 -2.69665223980267987e-01
1.02446075448505542e+01 3.51613935738492289e+00 -2.69665223980267987e-01
1.05355983104497408e+01 4.47320508793749294e+00 -2.69665223980267987e-01
1.08299621832575799e+01 5.42933849924356871e+00 -2.69665223980267987e-01
8.83964645863616738e+00 2.56306882007600256e+00 -2.69665223980268043e-01
9.15745155630395580e+00 3.51272312954914367e+00 -2.69665223980268043e-01
9.46911954747623952e+00 4.46407372145554593e+00 -2.69665223980260493e-01
9.76011031307542432e+00 5.42113945200811465e+00 -2.69665223980260493e-01
8.50000000000501288e+00 1.50000000000062750e+00 -1.24890807994638464e-15
8.07203062517630876e+00 3.50298264942409654e+00 -3.21191093828827656e-01
8.38938769951257157e+00 4.45129037817454964e+00 -3.21191093828827656e-01
8.70045010235486593e+00 5.40924557172554010e+00 -3.06752587947694499e-01
7.32325326650581587e+00 4.41889031033971769e+00 -3.23962509626658346e-01
7.65284127298883732e+00 5.42087103470359999e+00 -3.11194638177327010e-01
1.42224915656467061e+01 5.36234181037790680e+00 -2.60381864516627481e-01
1.65398061711677862e+01 2.50600839737536285e+00 -3.45387777980644239e-01
1.57786995377766459e+01 3.44163397264517679e+00 -2.77156447323255506e-01
7.50000000000438583e+00 2.50000000000125366e+00 3.85136854921686186e-16
6.50000000000375877e+00 3.50000000000188072e+00 4.04076613113501336e-17
1.23171190898644252e+01 6.34073768859595344e+00 -2.58337257340009008e-01
1.11122359500962204e+01 6.38881358864937798e+00 -2.69665223980297575e-01
1.00544741858832616e+01 6.37727286331418863e+00 -2.69665223980256108e-01
8.99136296403459667e+00 6.36606535507839677e+00 -3.06752587947694499e-01
5.50000000000313349e+00 4.50000000000250822e+00 -9.89335388030585539e-19
6.57317707397353068e+00 5.33847549263314924e+00 -3.16362143807972507e-01
7.94653594968302279e+00 6.37913427553559931e+00 -3.06752587947694499e-01
5.62751045437961395e+00 5.67997620720561525e+00 -3.06349426992212237e-01
1.81952008867501611e+01 5.00000000000000555e-01 3.22550146314437569e-17
1.84518824087316737e+01 1.50000000000062750e+00 -5.50237319598460069e-17
1.76097906712907069e+01 2.52608081276902530e+00 -3.45387777980644239e-01
1.84518824087316737e+01 3.43437374433840636e+00 2.61154495523164558e-17
1.84518824087316737e+01 4.43437374433903297e+00 -3.87300047576837610e-17
1.84518824087316737e+01 5.43437374433965914e+00 2.48076452052783046e-18
1.84518824087316702e+01 7.43437374434091414e+00 4.29319378270104945e-15
1.84518824087316737e+01 8.43437374434154208e+00 8.67143733969196484e-18
1.84518824087316737e+01 9.43437374434216913e+00 -2.68838405260395232e-17
1.84518824087316879e+01 1.04343737443427962e+01 -8.49811893349994028e-16
1.84518824087316773e+01 1.14343737443434250e+01 -5.68917812512042694e-15
1.84518824087316737e+01 1.24343737443440538e+01 1.35484971960916002e-17
1.84518824087316737e+01 1.34343737443446827e+01 3.15062058195261671e-15
1.84518824087316453e+01 1.44343737443452760e+01 -6.18676907609754344e-14
1.84518824087316240e+01 1.54343737443459030e+01 -6.18625400034945509e-14
1.84518824087316844e+01 1.64343737443464981e+01 3.81682653728323243e-15
1.84518824087316773e+01 1.74343737443471269e+01 -3.20292572543204427e-15
1.84518824087316702e+01 1.84343737443477558e+01 -8.24007965566721899e-15
5.00000000000000444e-01 1.82217818639399773e+01 -0.00000000000000000e+00
1.50000000000062750e+00 1.84518824087316737e+01 -5.55021250364136484e-17
2.54031168816905550e+00 1.76038933187924265e+01 3.19287507620735378e-01
3.45188240872228436e+00 1.84518824087316737e+01 -4.32346254419984397e-17
4.45188240872291097e+00 1.84518824087316737e+01 -4.53885907827858789e-17
5.45188240872353802e+00 1.84518824087316737e+01 -1.70849854195791048e-18
6.45188240872416507e+00 1.84518824087316737e+01 1.80829093519183823e-17
8.45188240872541741e+00 1.84518824087316737e+01 -1.97423017494049435e-17
9.45188240872604091e+00 1.84518824087316808e+01 -4.63442116131991641e-17
1.04518824087266662e+01 1.84518824087316808e+01 5.20700501502642634e-15
1.14518824087272773e+01 1.84518824087316666e+01 -2.41260051878328557e-14
1.24518824087279150e+01 1.84518824087316737e+01 1.40179204112659264e-16
1.34518824087287481e+01 1.84518824087317448e+01 -1.34461291590202420e-13
1.44518824087294639e+01 1.84518824087313469e+01 -3.11612759679662221e-13
1.54518824087299578e+01 1.84518824087318301e+01 -3.11658626964833270e-13
1.64518824087304303e+01 1.84518824087316808e+01 -3.20677842713450448e-15
1.74518824087310449e+01 1.84518824087316737e+01 -3.02566231201892296e-15
