# n = 369
# s = 19.740417287547583
# x y theta(rad)
5.00000000000000000e-01 1.72404172875471779e+01 0.00000000000000000e+00
1.50000000000020073e+00 1.72404172875471779e+01 0.00000000000000000e+00
2.50000000000040323e+00 1.72404172875471779e+01 0.00000000000000000e+00
3.50000000000060485e+00 1.72403719135904687e+01 0.00000000000000000e+00
4.50000000000080647e+00 1.72404172875471779e+01 0.00000000000000000e+00
5.50000000000100808e+00 1.72404172875471779e+01 0.00000000000000000e+00
6.50000000000120970e+00 1.72404172875471779e+01 0.00000000000000000e+00
7.50000000000141132e+00 1.72404172875471779e+01 0.00000000000000000e+00
8.50000000000161293e+00 1.72404159879856245e+01 0.00000000000000000e+00
9.50000000000181366e+00 1.72404172875471779e+01 0.00000000000000000e+00
1.05000000000020162e+01 1.72404172875471779e+01 0.00000000000000000e+00
1.15000000000022169e+01 1.72404172875471779e+01 0.00000000000000000e+00
5.00000000000000000e-01 1.62404172875469754e+01 0.00000000000000000e+00
1.50000000000020073e+00 1.62404172875469754e+01 0.00000000000000000e+00
2.50000000000040323e+00 1.62404172875469754e+01 0.00000000000000000e+00
3.50000000000060485e+00 1.62403519954444810e+01 0.00000000000000000e+00
4.50000000000080647e+00 1.62404172875469754e+01 0.00000000000000000e+00
5.50000000000100808e+00 1.62404172875469754e+01 0.00000000000000000e+00
6.50000000000120970e+00 1.62404172875469754e+01 0.00000000000000000e+00
7.50000000000141132e+00 1.62404172875469754e+01 0.00000000000000000e+00
8.50000000000161293e+00 1.62404142106507230e+01 0.00000000000000000e+00
9.50000000000181366e+00 1.62404172875469754e+01 0.00000000000000000e+00
1.05000000000020162e+01 1.62404172875469754e+01 0.00000000000000000e+00
5.00000000000000000e-01 1.52404172875467729e+01 0.00000000000000000e+00
1.50000000000020073e+00 1.52404172875467729e+01 0.00000000000000000e+00
2.50000000000040323e+00 1.52404172875467729e+01 0.00000000000000000e+00
3.50000000000060485e+00 1.52400434405310410e+01 0.00000000000000000e+00
4.50000000000080647e+00 1.52404172875467729e+01 0.00000000000000000e+00
5.50000000000100808e+00 1.52404172875467729e+01 0.00000000000000000e+00
6.50000000000120970e+00 1.52404172875467729e+01 0.00000000000000000e+00
7.50000000000141132e+00 1.52404172875467729e+01 0.00000000000000000e+00
8.50000000000161293e+00 1.52377002579730707e+01 0.00000000000000000e+00
9.50000000000181366e+00 1.52404172875467729e+01 0.00000000000000000e+00
5.00000000000000000e-01 1.42404172875465704e+01 0.00000000000000000e+00
1.50000000000020073e+00 1.42404172875465704e+01 0.00000000000000000e+00
2.50000000000040323e+00 1.42404172875465704e+01 0.00000000000000000e+00
3.50000000000060485e+00 1.42376608884693443e+01 0.00000000000000000e+00
4.50000000000080647e+00 1.42404172875465704e+01 0.00000000000000000e+00
5.50000000000100808e+00 1.42404172875465704e+01 0.00000000000000000e+00
6.50000000000120970e+00 1.42404172875465704e+01 0.00000000000000000e+00
7.50000000000141132e+00 1.42404172875465704e+01 0.00000000000000000e+00
8.50021310739977487e+00 1.42368386321013158e+01 -1.04683875037973070e-04
5.00000000000000000e-01 1.32404172875463697e+01 0.00000000000000000e+00
1.50000000000020073e+00 1.32404172875463697e+01 0.00000000000000000e+00
2.50000000000040323e+00 1.32404172875463697e+01 0.00000000000000000e+00
3.50000000000060485e+00 1.32373465892498068e+01 0.00000000000000000e+00
4.50000000000080647e+00 1.32404172875463697e+01 0.00000000000000000e+00
5.50000000000100808e+00 1.32404172875463697e+01 0.00000000000000000e+00
6.50000000000120970e+00 1.32404172875463697e+01 0.00000000000000000e+00
7.50000000000141132e+00 1.32404172875463697e+01 0.00000000000000000e+00
5.00000000000000000e-01 1.22404172875461690e+01 0.00000000000000000e+00
1.50000000000020073e+00 1.22404172875461690e+01 0.00000000000000000e+00
2.50000000000040323e+00 1.22404172875461690e+01 0.00000000000000000e+00
3.50000000000060485e+00 1.22371418095950943e+01 0.00000000000000000e+00
4.50000000000080647e+00 1.22404172875461690e+01 0.00000000000000000e+00
5.50000000000100808e+00 1.22404172875461690e+01 0.00000000000000000e+00
6.50000000000120970e+00 1.22404172875461690e+01 0.00000000000000000e+00
5.00000000000000000e-01 1.12404172875459665e+01 0.00000000000000000e+00
1.50000000000020073e+00 1.12404172875459665e+01 0.00000000000000000e+00
2.50000000000040323e+00 1.12404172875459665e+01 0.00000000000000000e+00
3.50000000000060485e+00 1.12370078215537248e+01 0.00000000000000000e+00
4.50000000000080647e+00 1.12404172875459665e+01 0.00000000000000000e+00
5.50000000000100808e+00 1.12404172875459665e+01 0.00000000000000000e+00
5.00000000000000000e-01 1.02404172875457640e+01 0.00000000000000000e+00
1.50000000000020073e+00 1.02404172875457640e+01 0.00000000000000000e+00
2.50000000000040323e+00 1.02404172875457640e+01 0.00000000000000000e+00
1.62404172875469754e+01 6.50000000000120970e+00 0.00000000000000000e+00
4.50000000000080647e+00 1.02404172875457640e+01 0.00000000000000000e+00
5.00000000000000000e-01 9.24041728754556324e+00 0.00000000000000000e+00
1.50000000000020073e+00 9.24041728754556324e+00 0.00000000000000000e+00
2.50000000000040323e+00 9.24041728754556324e+00 0.00000000000000000e+00
3.50000000000060485e+00 1.02369511388953782e+01 0.00000000000000000e+00
5.00000000000000000e-01 8.24041728754536251e+00 0.00000000000000000e+00
1.50000000000020073e+00 8.24041728754536251e+00 0.00000000000000000e+00
2.50000000000040323e+00 8.24041728754536251e+00 0.00000000000000000e+00
5.00000000000000000e-01 7.24041728754516090e+00 0.00000000000000000e+00
1.50000000000020073e+00 7.24041728754516090e+00 0.00000000000000000e+00
5.00000000000000000e-01 6.24041728754495928e+00 0.00000000000000000e+00
1.72404072702565223e+01 5.00000000000000000e-01 0.00000000000000000e+00
5.21941768774022297e+00 5.00499545116701583e-01 -6.97301951829251915e-04
1.62403755379993697e+01 5.00000000000000000e-01 0.00000000000000000e+00
1.52393267039730205e+01 5.00000000000000000e-01 0.00000000000000000e+00
1.42389191605314309e+01 5.00000000000000000e-01 0.00000000000000000e+00
1.32379580663063887e+01 5.00000000000000000e-01 0.00000000000000000e+00
1.22376437671060625e+01 5.00000000000000000e-01 0.00000000000000000e+00
1.12374383781637750e+01 5.00000000000000000e-01 0.00000000000000000e+00
1.02372312626763353e+01 5.00000000000000000e-01 0.00000000000000000e+00
9.23705649484976732e+00 5.00000000000000000e-01 0.00000000000000000e+00
8.22224582852727615e+00 5.00000000000000000e-01 0.00000000000000000e+00
7.22099269742060912e+00 5.00000000000000000e-01 0.00000000000000000e+00
6.22014581711373715e+00 5.00000000000000000e-01 0.00000000000000000e+00
1.72404172875471779e+01 1.50002173178991072e+00 0.00000000000000000e+00
1.62404172875469754e+01 1.50000000000020073e+00 0.00000000000000000e+00
1.52404172875467729e+01 1.50000000000020073e+00 0.00000000000000000e+00
1.42404172875465704e+01 1.50000000000020073e+00 0.00000000000000000e+00
1.32404172875463697e+01 1.50000000000020073e+00 0.00000000000000000e+00
1.22404172875461690e+01 1.50000000000020073e+00 0.00000000000000000e+00
1.12404172875459665e+01 1.50000000000020073e+00 0.00000000000000000e+00
1.02404172875457640e+01 1.50000000000020073e+00 0.00000000000000000e+00
9.24041728754556324e+00 1.50000000000020073e+00 0.00000000000000000e+00
8.24041728754536074e+00 1.50000000000020073e+00 0.00000000000000000e+00
7.24041728754516090e+00 1.50000000000020073e+00 0.00000000000000000e+00
6.24041728754495928e+00 1.50000000000020073e+00 0.00000000000000000e+00
1.72404172875471779e+01 2.50004871277432539e+00 0.00000000000000000e+00
1.62404172875469754e+01 2.50000000000040323e+00 0.00000000000000000e+00
1.52404172875467729e+01 2.50000000000040323e+00 0.00000000000000000e+00
1.42404172875465704e+01 3.50000000000060485e+00 0.00000000000000000e+00
1.32404172875463697e+01 2.50000000000040323e+00 0.00000000000000000e+00
1.22404172875461690e+01 2.50000000000040323e+00 0.00000000000000000e+00
1.12404172875459665e+01 2.50000000000040323e+00 0.00000000000000000e+00
1.02404172875457640e+01 2.50000000000040323e+00 0.00000000000000000e+00
9.24041728754556324e+00 2.50000000000040323e+00 0.00000000000000000e+00
8.24041728754536074e+00 2.50000000000040323e+00 0.00000000000000000e+00
7.24041728754516090e+00 2.50000000000040323e+00 0.00000000000000000e+00
1.72404172875471779e+01 3.50011264614045814e+00 0.00000000000000000e+00
1.62404172875469754e+01 3.50000000000060485e+00 0.00000000000000000e+00
1.52404172875467729e+01 3.50000000000060485e+00 0.00000000000000000e+00
1.42404172875465704e+01 4.50000000000080647e+00 0.00000000000000000e+00
1.32404172875463697e+01 3.50000000000060485e+00 0.00000000000000000e+00
1.22404172875461690e+01 3.50000000000060485e+00 0.00000000000000000e+00
1.12404172875459665e+01 3.50000000000060485e+00 0.00000000000000000e+00
1.02404172875457640e+01 3.50000000000060485e+00 0.00000000000000000e+00
9.24041728754556324e+00 3.50000000000060485e+00 0.00000000000000000e+00
8.24041728754536074e+00 3.50000000000060485e+00 0.00000000000000000e+00
1.72404172875471779e+01 4.50021955243206229e+00 0.00000000000000000e+00
1.62404172875469754e+01 4.50000000000080647e+00 0.00000000000000000e+00
1.52404172875467729e+01 4.50000000000080647e+00 0.00000000000000000e+00
1.42392947894490867e+01 5.50000000000100808e+00 0.00000000000000000e+00
1.32404172875463697e+01 4.50000000000080647e+00 0.00000000000000000e+00
1.22404172875461690e+01 4.50000000000080647e+00 0.00000000000000000e+00
1.12404172875459665e+01 4.50000000000080647e+00 0.00000000000000000e+00
1.02404172875457640e+01 4.50000000000080647e+00 0.00000000000000000e+00
9.24041728754556324e+00 4.50000000000080647e+00 0.00000000000000000e+00
1.72404172875471779e+01 5.50033736951043650e+00 0.00000000000000000e+00
1.62403908466007039e+01 5.50000000000100808e+00 0.00000000000000000e+00
1.52394983446013867e+01 5.50000000000100808e+00 0.00000000000000000e+00
1.42404172875465704e+01 6.50000000000120970e+00 0.00000000000000000e+00
1.32390895077564537e+01 5.50000000000100808e+00 0.00000000000000000e+00
1.22389165737247492e+01 5.50000000000100808e+00 0.00000000000000000e+00
1.12382656400386072e+01 5.50000000000100808e+00 0.00000000000000000e+00
1.02377121073733584e+01 5.50016485134616850e+00 -2.42652740114702022e-04
1.72404172875471779e+01 6.50052042205555747e+00 0.00000000000000000e+00
3.50003816296924253e+00 9.23695013888347738e+00 -1.29976898899129717e-15
1.52404172875467729e+01 6.50000000000120970e+00 0.00000000000000000e+00
1.42404172875465704e+01 2.50000000000040323e+00 0.00000000000000000e+00
1.32404172875463697e+01 6.50000000000120970e+00 0.00000000000000000e+00
1.22404172875461690e+01 6.50000000000120970e+00 0.00000000000000000e+00
1.12404172875459665e+01 6.50000000000120970e+00 0.00000000000000000e+00
1.72404172875471779e+01 7.50080791072440078e+00 0.00000000000000000e+00
1.62404172875469754e+01 7.50000000000141132e+00 0.00000000000000000e+00
1.52404172875467729e+01 7.50000000000141132e+00 0.00000000000000000e+00
1.42404172875465704e+01 7.50000000000141132e+00 0.00000000000000000e+00
1.32404172875463697e+01 7.50000000000141132e+00 0.00000000000000000e+00
1.22404172875461690e+01 7.50000000000141132e+00 0.00000000000000000e+00
1.72404172875471779e+01 8.50162929018752678e+00 0.00000000000000000e+00
1.62404172875469754e+01 8.50000000000161293e+00 0.00000000000000000e+00
1.52404172875467729e+01 8.50000000000161293e+00 0.00000000000000000e+00
1.42404172875465704e+01 8.50000000000161293e+00 0.00000000000000000e+00
1.32404172875463697e+01 8.50000000000161293e+00 0.00000000000000000e+00
1.72404172875471779e+01 9.64570301310452116e+00 0.00000000000000000e+00
1.62404172875469754e+01 9.50000000000181366e+00 0.00000000000000000e+00
1.52404172875467729e+01 9.50000000000181366e+00 0.00000000000000000e+00
1.42404172875465704e+01 9.50000000000181366e+00 0.00000000000000000e+00
1.72404172875471779e+01 1.06458777809283447e+01 0.00000000000000000e+00
1.62404172875469754e+01 1.05000000000020162e+01 0.00000000000000000e+00
1.52404172875467729e+01 1.05000000000020162e+01 0.00000000000000000e+00
1.72404172875471779e+01 1.16460848964153936e+01 0.00000000000000000e+00
1.62404172875469754e+01 1.15000000000022169e+01 0.00000000000000000e+00
1.72382638473460119e+01 1.26464827072442887e+01 -2.20046253420063038e-04
5.00000000000000000e-01 5.00000000000000000e-01 0.00000000000000000e+00
1.50000000000020073e+00 5.00000000000000000e-01 0.00000000000000000e+00
2.50000000000040323e+00 5.00000000000000000e-01 0.00000000000000000e+00
3.50000000000060485e+00 5.00000000000000000e-01 0.00000000000000000e+00
5.00000000000000000e-01 1.50000000000020073e+00 0.00000000000000000e+00
1.50000000000020073e+00 1.50000000000020073e+00 0.00000000000000000e+00
2.50000000000040323e+00 1.50000000000020073e+00 0.00000000000000000e+00
5.00000000000000000e-01 2.50000000000040323e+00 0.00000000000000000e+00
1.50000000000020073e+00 2.50000000000040323e+00 0.00000000000000000e+00
5.00000000000000000e-01 3.50000000000060485e+00 0.00000000000000000e+00
1.72395406580355477e+01 1.72404172875471779e+01 0.00000000000000000e+00
1.62394893897591110e+01 1.72404172875471779e+01 0.00000000000000000e+00
1.52389974211846440e+01 1.72369864832469624e+01 -8.78270243028039322e-04
1.42386253901031079e+01 1.72403508983159988e+01 -1.30782013712124043e-04
1.72395756345352247e+01 1.62404172875469754e+01 0.00000000000000000e+00
1.62385624794630488e+01 1.62404172875469754e+01 0.00000000000000000e+00
1.52374152618103658e+01 1.62369219117047123e+01 -9.46910095447291915e-04
1.72404172875471779e+01 1.52403968959462528e+01 0.00000000000000000e+00
1.62404172875469754e+01 1.52404172875467729e+01 0.00000000000000000e+00
1.72404018933873786e+01 1.42403900936002294e+01 1.16045640082406045e-05
1.27768053018537220e+01 1.70316941664638435e+01 7.61441275953799290e-01
1.21621639596170930e+01 1.61971949227931376e+01 7.80864178523570818e-01
1.14563718118152273e+01 1.54887469304481940e+01 7.80864178523570818e-01
1.07070917358005744e+01 1.48229224068121255e+01 7.78874749067759553e-01
1.00357468458328647e+01 1.40719189892978953e+01 7.80864178523570818e-01
9.33066385485510175e+00 1.33599967555331034e+01 7.83573059684381734e-01
8.61798614412546726e+00 1.26536981555201677e+01 -7.80864178523570818e-01
7.82454472505502885e+00 1.20321321900385936e+01 -7.80864178523570818e-01
7.20564463905088459e+00 1.12376004940570819e+01 -7.80864178523570818e-01
6.49719664670594277e+00 1.05318083462552146e+01 -7.80864178523570818e-01
5.70710016286864619e+00 9.90201972237797534e+00 7.80864178523571151e-01
5.07919469555317082e+00 9.11497463080985959e+00 7.80864178523570818e-01
4.37181111735019368e+00 8.40177355830232209e+00 -7.80864178523570818e-01
3.66160965711842401e+00 7.69771904965231268e+00 -7.80864178523570818e-01
2.91149960438685262e+00 7.03321287453273936e+00 -7.80864178523570818e-01
2.24926815204384045e+00 6.28162138818922600e+00 -7.80864178523570818e-01
1.54082015969889952e+00 5.57582924038735950e+00 -7.80864178523570818e-01
5.01169166654236165e-01 4.87362201437914244e+00 -2.04085586511478781e-03
1.34719496150868654e+01 1.62990889228040174e+01 7.80893220448622305e-01
1.28673939537438606e+01 1.54882138259740021e+01 7.80864178523570818e-01
1.21616018059419915e+01 1.47797658336290603e+01 7.80864178523570818e-01
1.14512962922807731e+01 1.40758723208994194e+01 7.80864178523570818e-01
1.07455041444789074e+01 1.33674243285544776e+01 7.80864178523570818e-01
1.00411065063262139e+01 1.26519282225986789e+01 -7.81822907740967743e-01
9.32829165778668745e+00 1.19498046427905251e+01 -7.80864178523570818e-01
8.60949030248952418e+00 1.12542723970685952e+01 -7.80864178523570818e-01
7.91595015271210301e+00 1.05337069813274393e+01 -7.80864178523570818e-01
7.20750216036716296e+00 9.82791483352557371e+00 -7.80864178523570818e-01
6.42807775777109924e+00 9.19245838461908349e+00 -7.80864178523570818e-01
5.78952501578776690e+00 8.41104781893017694e+00 7.80864178523570818e-01
5.08320237141785825e+00 7.69786228189986144e+00 -7.82395865742333885e-01
4.37191517077964331e+00 6.99382553692267006e+00 -7.80864178523570818e-01
3.66159062908096633e+00 6.28989299867050811e+00 -7.80864178523570818e-01
2.95957366570505975e+00 5.57772787545958426e+00 -7.80864178523570818e-01
2.25112567336011882e+00 4.87193572765771687e+00 -7.80864178523570818e-01
1.52088109007624439e+00 4.18774341072645129e+00 -7.80864178523570818e-01
1.41798070337799160e+01 1.55898790522248518e+01 7.79152881686863474e-01
1.35731602315216477e+01 1.47797641717182131e+01 7.80864178523570818e-01
1.28673680837197821e+01 1.40713161793732731e+01 7.80864178523570818e-01
1.21570625700585619e+01 1.33674226666436304e+01 7.80864178523570818e-01
1.14512704222566963e+01 1.26589746742986886e+01 7.80864178523570818e-01
1.07493730294849925e+01 1.19434481510291288e+01 -7.85381327684292585e-01
1.00340738797422642e+01 1.12413466341814487e+01 -7.80864178523570818e-01
9.32562588739732412e+00 1.05355544863795814e+01 -7.80864178523570818e-01
8.62173237466768150e+00 9.82524897271836117e+00 -7.80864178523570818e-01
7.91328438232273967e+00 9.11945682491649556e+00 -7.80864178523570818e-01
7.19820721120888685e+00 8.41577225717061239e+00 7.83451447622184327e-01
6.49530469794298249e+00 7.70261144804912057e+00 7.80864178523570818e-01
5.78910852823173006e+00 6.98942005082785567e+00 -7.82567858507543623e-01
5.07770731858150981e+00 6.28537754457772824e+00 -7.80864178523570818e-01
4.36925932623656887e+00 5.57958539677586174e+00 -7.80864178523570818e-01
3.66536581350692625e+00 4.86927988311464333e+00 -7.80864178523570818e-01
2.95691782116198532e+00 4.16348773531277683e+00 -7.80864178523570818e-01
2.23208103102392652e+00 3.47393644194064954e+00 -7.80864178523570818e-01
1.50317714794254460e+01 1.49981237470310020e+01 7.41232873613388743e-01
1.42796938148636166e+01 1.40720748964803555e+01 7.80864178523570818e-01
1.35738978229831488e+01 1.33636230947577044e+01 7.80864178523570818e-01
1.28632169633206992e+01 1.26593576243137917e+01 7.80864178523570818e-01
1.21574248155188336e+01 1.19509096319688517e+01 7.80864178523570818e-01
1.15030994237688908e+01 1.11892297635766482e+01 7.83036198065920064e-01
1.07398895385253965e+01 1.05329223669871492e+01 -7.80864178523570818e-01
1.00314415461804565e+01 9.82713021918528185e+00 -7.80864178523570818e-01
9.32754803345081385e+00 9.11682470552406343e+00 -7.80864178523570818e-01
8.61910004110587202e+00 8.41103255772219605e+00 -7.80864178523570818e-01
7.90588751757147890e+00 7.70730452935489296e+00 -7.84716533970550190e-01
7.20109390019615159e+00 6.99418451132711549e+00 7.80864178523570818e-01
6.49491718812339514e+00 6.28060818954143940e+00 -7.82043143974868182e-01
5.78349946638337631e+00 5.57692955223278730e+00 -7.80864178523570818e-01
5.07505147403843537e+00 4.87113740443092080e+00 -7.80864178523570818e-01
4.37115796130879364e+00 4.16083189076970239e+00 -7.80864178523570818e-01
3.66270996896385270e+00 3.45503974296783500e+00 -7.80864178523570818e-01
2.88136983450472783e+00 2.70726176748487379e+00 -7.81219413166156396e-01
1.56205746043643039e+01 1.41510169395383301e+01 7.80864178523570818e-01
1.49892710573089829e+01 1.33674018049221068e+01 7.80864178523570818e-01
1.42834789095071173e+01 1.26589538125771650e+01 7.80864178523570818e-01
1.35731733958458989e+01 1.19550602998475224e+01 7.80864178523570818e-01
1.28673812480440297e+01 1.12466123075025823e+01 7.80864178523570818e-01
1.22132866060264522e+01 1.04831275241088058e+01 -7.85117084038784441e-01
1.14501677342467687e+01 9.82900128746942592e+00 -7.80864178523570818e-01
1.07417197419018269e+01 9.12320913966756031e+00 -7.80864178523570818e-01
1.00378262291721843e+01 8.41290362600634012e+00 -7.80864178523570818e-01
9.32937823682724243e+00 7.70711147820447362e+00 -7.80864178523570818e-01
8.61656642596345890e+00 7.00196909126034228e+00 7.84620125351630060e-01
7.91141600007775025e+00 6.29024955330040925e+00 7.80864178523570818e-01
7.20778476187036787e+00 5.57666352058218795e+00 7.85117084038784441e-01
6.49380498004459561e+00 4.87303603950314557e+00 -7.80864178523570818e-01
5.78535698769965467e+00 4.16724389170127818e+00 -7.80864178523570818e-01
5.08146347497001205e+00 3.45693837804005977e+00 -7.80864178523570818e-01
4.37301548262507112e+00 2.75114623023819238e+00 -7.80864178523570818e-01
3.65348356285472597e+00 2.05633795410880449e+00 -7.80864178523570818e-01
1.63290008294550688e+01 1.34452026829688069e+01 7.80863985827221718e-01
1.56976969449698149e+01 1.26615877519773861e+01 7.80864178523570818e-01
1.50223645827311660e+01 1.19224025057165939e+01 7.80864178523570818e-01
1.42815992835067291e+01 1.12492462469028034e+01 7.80864178523570818e-01
1.35758071357048635e+01 1.05407982545578633e+01 7.80864178523570818e-01
1.29909137563113397e+01 9.70710443414567692e+00 -7.82821645789258391e-01
1.21585798950114690e+01 9.12319717465982727e+00 -7.80864178523570818e-01
1.14501319026665289e+01 8.41740502685795988e+00 -7.80864178523570818e-01
1.07462383899368863e+01 7.70709951319674147e+00 -7.80864178523570818e-01
1.00351768415955416e+01 6.99867000164462727e+00 -7.80864178523570818e-01
9.32265133325384276e+00 6.29296534992285217e+00 7.84225575846956957e-01
8.61720258085106394e+00 5.58182001876291611e+00 7.80864178523570818e-01
7.91654285764576393e+00 4.86819195086748735e+00 7.80865478319941464e-01
7.19959712784646300e+00 4.16458804715820463e+00 -7.80864178523570818e-01
6.49114913550152117e+00 3.45879589935633724e+00 -7.80864178523570818e-01
5.80348980354952459e+00 2.73240275253714859e+00 -7.80864178523570818e-01
5.07880763042693761e+00 2.04269823789325145e+00 -7.80864178523570818e-01
4.35933262687961509e+00 1.34783355932943927e+00 -7.80864178523570818e-01
1.82404172875473769e+01 5.00000000000000000e-01 0.00000000000000000e+00
1.82404172875473769e+01 1.50000000000020073e+00 0.00000000000000000e+00
1.82404172875473769e+01 2.50000000000040323e+00 0.00000000000000000e+00
1.82404172875473769e+01 3.50000000000060485e+00 0.00000000000000000e+00
1.82404172875473769e+01 4.50000000000080647e+00 0.00000000000000000e+00
1.82404172875473769e+01 5.50000000000100808e+00 0.00000000000000000e+00
1.82404172875473769e+01 6.50000000000120970e+00 0.00000000000000000e+00
1.82404172875473769e+01 7.50000000000141132e+00 0.00000000000000000e+00
1.82404172875473769e+01 8.50000000000161293e+00 0.00000000000000000e+00
1.82404172875473769e+01 9.50000000000181366e+00 0.00000000000000000e+00
1.82404172875473769e+01 1.05000000000020162e+01 0.00000000000000000e+00
1.82404172875473769e+01 1.15000000000022169e+01 0.00000000000000000e+00
1.82404172875473769e+01 1.25000000000024194e+01 0.00000000000000000e+00
1.82404172875473769e+01 1.35000000000026219e+01 0.00000000000000000e+00
1.82404172875473769e+01 1.45000000000028226e+01 0.00000000000000000e+00
1.82404172875473769e+01 1.55000000000030234e+01 0.00000000000000000e+00
1.82404172875473769e+01 1.65000000000032259e+01 0.00000000000000000e+00
1.82404172875473769e+01 1.75000000000034284e+01 0.00000000000000000e+00
5.00000000000000000e-01 1.82404172875473805e+01 0.00000000000000000e+00
1.50000000000020073e+00 1.82404172875473805e+01 0.00000000000000000e+00
2.50000000000040323e+00 1.82404172875473805e+01 0.00000000000000000e+00
3.50000000000060485e+00 1.82404172875473805e+01 0.00000000000000000e+00
4.50000000000080647e+00 1.82404172875473805e+01 0.00000000000000000e+00
5.50000000000100808e+00 1.82404172875473805e+01 0.00000000000000000e+00
6.50000000000120970e+00 1.82404172875473805e+01 0.00000000000000000e+00
7.50000000000141132e+00 1.82404172875473805e+01 0.00000000000000000e+00
8.50000000000161293e+00 1.82404172875473805e+01 0.00000000000000000e+00
9.50000000000181366e+00 1.82404172875473805e+01 0.00000000000000000e+00
1.05000000000020162e+01 1.82404172875473805e+01 0.00000000000000000e+00
1.15000000000022169e+01 1.82404172875473805e+01 0.00000000000000000e+00
1.25000000000024194e+01 1.82404172875473805e+01 0.00000000000000000e+00
1.35000000000026219e+01 1.82404172875473805e+01 0.00000000000000000e+00
1.45000000000028226e+01 1.82404172875473805e+01 0.00000000000000000e+00
1.55000000000030234e+01 1.82404172875473805e+01 0.00000000000000000e+00
1.65000000000032259e+01 1.82404172875473805e+01 0.00000000000000000e+00
1.92404172875475830e+01 5.00000000000000000e-01 0.00000000000000000e+00
1.92404172875475830e+01 1.50000000000020073e+00 0.00000000000000000e+00
1.92404172875475830e+01 2.50000000000040323e+00 0.00000000000000000e+00
1.92404172875475830e+01 3.50000000000060485e+00 0.00000000000000000e+00
1.92404172875475830e+01 4.50000000000080647e+00 0.00000000000000000e+00
1.92404172875475830e+01 5.50000000000100808e+00 0.00000000000000000e+00
1.92404172875475830e+01 6.50000000000120970e+00 0.00000000000000000e+00
1.92404172875475830e+01 7.50000000000141132e+00 0.00000000000000000e+00
1.92404172875475830e+01 8.50000000000161293e+00 0.00000000000000000e+00
1.92404172875475830e+01 9.50000000000181366e+00 0.00000000000000000e+00
1.92404172875475830e+01 1.05000000000020162e+01 0.00000000000000000e+00
1.92404172875475830e+01 1.15000000000022169e+01 0.00000000000000000e+00
1.92404172875475830e+01 1.25000000000024194e+01 0.00000000000000000e+00
1.92404172875475830e+01 1.35000000000026219e+01 0.00000000000000000e+00
1.92404172875475830e+01 1.45000000000028226e+01 0.00000000000000000e+00
1.92404172875475830e+01 1.55000000000030234e+01 0.00000000000000000e+00
1.92404172875475830e+01 1.65000000000032259e+01 0.00000000000000000e+00
1.92404172875475830e+01 1.75000000000034284e+01 0.00000000000000000e+00
1.92404172875475830e+01 1.85000000000036309e+01 0.00000000000000000e+00
5.00000000000000000e-01 1.92404172875475794e+01 0.00000000000000000e+00
1.50000000000020073e+00 1.92404172875475794e+01 0.00000000000000000e+00
2.50000000000040323e+00 1.92404172875475794e+01 0.00000000000000000e+00
3.50000000000060485e+00 1.92404172875475794e+01 0.00000000000000000e+00
4.50000000000080647e+00 1.92404172875475794e+01 0.00000000000000000e+00
5.50000000000100808e+00 1.92404172875475794e+01 0.00000000000000000e+00
6.50000000000120970e+00 1.92404172875475794e+01 0.00000000000000000e+00
7.50000000000141132e+00 1.92404172875475794e+01 0.00000000000000000e+00
8.50000000000161293e+00 1.92404172875475794e+01 0.00000000000000000e+00
9.50000000000181366e+00 1.92404172875475794e+01 0.00000000000000000e+00
1.05000000000020162e+01 1.92404172875475794e+01 0.00000000000000000e+00
1.15000000000022169e+01 1.92404172875475794e+01 0.00000000000000000e+00
1.25000000000024194e+01 1.92404172875475794e+01 0.00000000000000000e+00
1.35000000000026219e+01 1.92404172875475794e+01 0.00000000000000000e+00
1.45000000000028226e+01 1.92404172875475794e+01 0.00000000000000000e+00
1.55000000000030234e+01 1.92404172875475794e+01 0.00000000000000000e+00
1.65000000000032259e+01 1.92404172875475794e+01 0.00000000000000000e+00
1.75000000000034284e+01 1.92404172875475794e+01 0.00000000000000000e+00
