# n = 373
# s = 19.823062082850335
# x y theta(rad)
5.00000000000000000e-01 1.73230425466170601e+01 -0.00000000000000000e+00
1.50000000000036238e+00 1.73177508590273916e+01 -0.00000000000000000e+00
2.50000000000072475e+00 1.73177952854317212e+01 -0.00000000000000000e+00
3.50000000000108713e+00 1.73230620828496100e+01 -0.00000000000000000e+00
4.50000000000144595e+00 1.73230620828496029e+01 -0.00000000000000000e+00
5.50000000000180833e+00 1.73230620828496029e+01 -0.00000000000000000e+00
6.50000000000216893e+00 1.73230620828496065e+01 -0.00000000000000000e+00
4.30843600787314074e+00 2.50000000000072120e+00 -0.00000000000000000e+00
8.50000000000289369e+00 1.73230620828496100e+01 -4.44089209850062616e-16
9.50000000000325429e+00 1.73230620828496100e+01 -0.00000000000000000e+00
1.05000000000036184e+01 1.73230620828496100e+01 -0.00000000000000000e+00
1.15000000000039790e+01 1.73069557403232466e+01 -4.44089209850062616e-16
1.25000000000043414e+01 1.73230620828496100e+01 -0.00000000000000000e+00
1.35000000000047020e+01 1.73230620828496100e+01 -0.00000000000000000e+00
1.45000135183911514e+01 1.73149347968883873e+01 2.70371376626776801e-05
5.00000000000000000e-01 1.63230425466166977e+01 -0.00000000000000000e+00
1.50000000000036238e+00 1.63171380802880392e+01 -0.00000000000000000e+00
2.50000000000072475e+00 1.63168301094923436e+01 -0.00000000000000000e+00
3.50000000000108713e+00 1.63230620828492476e+01 -0.00000000000000000e+00
4.50000000000144595e+00 1.63230620828492476e+01 -0.00000000000000000e+00
5.50000000000181011e+00 1.63230620828492476e+01 2.67685198441366034e-15
6.50000000000217248e+00 1.63230620828492476e+01 -8.88178419700125232e-16
7.50000000000253131e+00 1.63230620828492476e+01 4.44089209850062616e-16
8.50000000000289369e+00 1.63230620828492476e+01 -0.00000000000000000e+00
9.50000000000325429e+00 1.63230620828492476e+01 -0.00000000000000000e+00
1.05000000000036167e+01 1.63230620828492476e+01 -0.00000000000000000e+00
1.15000000000039790e+01 1.63062336399604781e+01 -0.00000000000000000e+00
1.25000000000043414e+01 1.63230620828492476e+01 -0.00000000000000000e+00
1.35000000000047020e+01 1.63230620828492476e+01 -3.55271367880050093e-15
5.00000000000000000e-01 1.53230425466163354e+01 -0.00000000000000000e+00
1.50000000000036238e+00 1.53160097573598275e+01 -0.00000000000000000e+00
2.50000000000072475e+00 1.53163509188335389e+01 -0.00000000000000000e+00
3.50000000000108713e+00 1.53230620828488853e+01 -0.00000000000000000e+00
4.50000000000144595e+00 1.53230620828488853e+01 -0.00000000000000000e+00
5.50000000000180833e+00 1.53230620828488853e+01 -0.00000000000000000e+00
6.50000000000217071e+00 1.53230620828488853e+01 -2.66453525910037570e-15
7.50000000000253308e+00 1.53230620828488853e+01 -1.33226762955018785e-15
8.50000000000289546e+00 1.53230620828488853e+01 -0.00000000000000000e+00
9.50000000000325251e+00 1.53230620828488853e+01 -0.00000000000000000e+00
1.05000000000036149e+01 1.53230620828488853e+01 -0.00000000000000000e+00
1.15000000000039755e+01 1.53059325591978208e+01 -0.00000000000000000e+00
1.25000000000043396e+01 1.53230620828488853e+01 -0.00000000000000000e+00
5.00000000000000000e-01 1.43230425466159748e+01 -0.00000000000000000e+00
1.50000000000036238e+00 1.43155363857498603e+01 -0.00000000000000000e+00
2.50000000000072475e+00 1.43156208926981652e+01 -0.00000000000000000e+00
3.50000000000108713e+00 1.43230620828485229e+01 -0.00000000000000000e+00
4.50000000000144595e+00 1.43230620828485247e+01 -0.00000000000000000e+00
5.50000000000180833e+00 1.43230620828485229e+01 -0.00000000000000000e+00
6.50000000000216893e+00 1.43230620828485211e+01 -0.00000000000000000e+00
7.50000000000252953e+00 1.43230620828485229e+01 -0.00000000000000000e+00
8.50000000000289369e+00 1.43230620828485247e+01 8.88178419700125232e-16
9.50000000000324896e+00 1.43230620828485229e+01 4.44089209850062616e-15
1.05000000000036113e+01 1.43230620828485247e+01 -0.00000000000000000e+00
1.15000000000039719e+01 1.43058322965270275e+01 -0.00000000000000000e+00
5.00000000000000000e-01 1.33230425466156142e+01 -0.00000000000000000e+00
1.50000000000036238e+00 1.33153063638207048e+01 -0.00000000000000000e+00
2.50000000000072475e+00 1.33151636868280239e+01 -0.00000000000000000e+00
3.50000000000108358e+00 1.33230620828481605e+01 3.03814801407073865e-15
4.50000000000144951e+00 1.33230620828481641e+01 -3.10862446895043831e-15
5.50000000000181011e+00 1.33230620828481605e+01 -0.00000000000000000e+00
6.50000000000217071e+00 1.33230620828481570e+01 -0.00000000000000000e+00
7.50000000000253308e+00 1.33230620828481605e+01 -0.00000000000000000e+00
8.50000000000289546e+00 1.33230620828481641e+01 -0.00000000000000000e+00
9.50000000000325429e+00 1.33230620828481605e+01 4.44089209850062616e-15
1.05000000000036167e+01 1.33230620828481641e+01 -0.00000000000000000e+00
5.00000000000000000e-01 1.23230425466152518e+01 -0.00000000000000000e+00
1.50000000000036238e+00 1.23152474640500476e+01 -0.00000000000000000e+00
2.50000000000064659e+00 1.23149636872638872e+01 1.63211703475541505e-13
3.50000000000108713e+00 1.23230620828477999e+01 -8.88178419700125232e-16
4.50000000000144773e+00 1.23230620828478035e+01 8.88178419700125232e-16
5.50000000000180833e+00 1.23230620828477964e+01 8.88178419700125232e-16
6.50000000000217071e+00 1.23230620828477981e+01 -0.00000000000000000e+00
7.50000000000253308e+00 1.23230620828478017e+01 -0.00000000000000000e+00
8.50000000000289546e+00 1.23230620828478017e+01 -0.00000000000000000e+00
9.50000000000325606e+00 1.23230620828477964e+01 -0.00000000000000000e+00
5.00000000000000000e-01 1.13230425466148894e+01 -0.00000000000000000e+00
1.50000000000044054e+00 1.13151380789918541e+01 1.61477396807407011e-13
2.50000000000072475e+00 1.13149047873242878e+01 -0.00000000000000000e+00
3.50000000000108713e+00 1.13230620828474393e+01 -0.00000000000000000e+00
4.50000000000144951e+00 1.13230620828474358e+01 -8.88178419700125232e-16
5.50000000000181011e+00 1.13230620828474429e+01 -8.88178419700125232e-16
6.50000000000217071e+00 1.13230620828474375e+01 -0.00000000000000000e+00
7.50000000000253308e+00 1.13230620828474393e+01 -0.00000000000000000e+00
8.50000000000289546e+00 1.13230620828474393e+01 -0.00000000000000000e+00
5.00000000000000000e-01 1.03230425466145288e+01 -0.00000000000000000e+00
2.50000000000072475e+00 1.03147998460726384e+01 -1.33226762955018785e-15
3.50000000000108713e+00 1.03230620828470752e+01 -4.44089209850062616e-16
4.50000000000144595e+00 1.03230620828470734e+01 -8.88178419700125232e-16
1.50000000000036238e+00 1.03147957837852822e+01 -1.33226762955018785e-15
5.50000000000180833e+00 1.03230620828470805e+01 -0.00000000000000000e+00
6.50000000000217071e+00 1.03230620828470752e+01 -0.00000000000000000e+00
7.50000000000253308e+00 1.03230620828470769e+01 -0.00000000000000000e+00
5.00000000000000000e-01 9.32304254661416820e+00 -0.00000000000000000e+00
1.50000000000036238e+00 9.31382994896550365e+00 -0.00000000000000000e+00
2.50000000000072475e+00 9.31479540230046510e+00 -0.00000000000000000e+00
3.50000000000108713e+00 9.32306208284671456e+00 -0.00000000000000000e+00
4.50000000000144595e+00 9.32306208284671456e+00 -4.44089209850062616e-16
5.50000000000181188e+00 9.32306208284671634e+00 -5.32907051820075139e-15
6.50000000000216893e+00 9.32306208284671456e+00 4.44089209850062616e-16
5.00000000000000000e-01 8.32304254661380405e+00 -0.00000000000000000e+00
1.50000000000036238e+00 8.31275910704871634e+00 -0.00000000000000000e+00
2.50000000000072475e+00 8.31479540227080705e+00 -0.00000000000000000e+00
3.50000000000108358e+00 8.32306208284635041e+00 -8.88178419700125232e-16
4.50000000000144595e+00 8.32306208284635218e+00 4.44089209850062616e-16
5.50000000000180833e+00 8.32306208284635218e+00 -0.00000000000000000e+00
5.00000000000000000e-01 7.32304254661344345e+00 -0.00000000000000000e+00
1.50000000000036238e+00 7.31203700716132410e+00 -0.00000000000000000e+00
2.50000000000072475e+00 7.31479540227044644e+00 -0.00000000000000000e+00
3.50000000000108713e+00 7.32306208284598981e+00 -0.00000000000000000e+00
4.50000000000144595e+00 7.32306208284598981e+00 -0.00000000000000000e+00
5.00000000000000000e-01 6.32304254661308107e+00 -0.00000000000000000e+00
1.50000000000036238e+00 6.31156764214055777e+00 -0.00000000000000000e+00
2.50000000000072475e+00 6.31479540227008407e+00 -0.00000000000000000e+00
3.50000000000108713e+00 6.32306208284562743e+00 -0.00000000000000000e+00
5.00000000000000000e-01 5.32304254661271870e+00 -0.00000000000000000e+00
1.50000000000036238e+00 5.31126255476646136e+00 -0.00000000000000000e+00
2.50000000000072475e+00 5.31479540226972347e+00 -0.00000000000000000e+00
5.00000000000000000e-01 4.32304254661235809e+00 -0.00000000000000000e+00
1.50004879116486478e+00 4.31106907311692744e+00 9.75870907666376270e-05
5.00000000000000000e-01 3.32304254661199749e+00 -0.00000000000000000e+00
1.73176834715587091e+01 5.00000000000000000e-01 -0.00000000000000000e+00
1.63172141064818206e+01 5.00000000000000000e-01 -0.00000000000000000e+00
1.53169090191636474e+01 5.00000000000000000e-01 -0.00000000000000000e+00
1.43167107123510196e+01 5.00000000000000000e-01 -0.00000000000000000e+00
1.33165107115834740e+01 5.00000000000000000e-01 -0.00000000000000000e+00
1.23164518120237005e+01 5.00000000000000000e-01 -0.00000000000000000e+00
1.13163468707395651e+01 5.00000000000000000e-01 -0.00000000000000000e+00
1.03163428084413251e+01 5.00000000000000000e-01 -0.00000000000000000e+00
9.31634242607190899e+00 5.00000000000000000e-01 -0.00000000000000000e+00
8.31634242544584268e+00 5.00000000000000000e-01 -0.00000000000000000e+00
7.31634242544548030e+00 5.00000000000000000e-01 -0.00000000000000000e+00
6.31634242544511793e+00 5.00000000000000000e-01 -0.00000000000000000e+00
5.31634242492619791e+00 5.00000000000000000e-01 -0.00000000000000000e+00
4.31634242492583731e+00 5.00000000000000000e-01 -0.00000000000000000e+00
3.31634242492547671e+00 5.00000000000000000e-01 -0.00000000000000000e+00
2.31634242490826381e+00 5.00000190741065609e-01 3.36967780389856800e-11
1.73230620828496100e+01 1.50000000000036238e+00 -0.00000000000000000e+00
1.63230620828492476e+01 1.50000000000036238e+00 -0.00000000000000000e+00
1.53230620828488853e+01 1.50000000000036238e+00 -0.00000000000000000e+00
1.43230620828485282e+01 1.50000000000036593e+00 6.21724893790087663e-15
1.33230620828481658e+01 1.50000000000036238e+00 -0.00000000000000000e+00
1.23230620828477999e+01 1.50000000000036238e+00 -0.00000000000000000e+00
1.13230620828474393e+01 1.50000000000036238e+00 8.88178419700125232e-16
1.03230620828470787e+01 1.50000000000036238e+00 -0.00000000000000000e+00
9.32306208284671634e+00 1.50000000000036238e+00 -0.00000000000000000e+00
8.32306208284635396e+00 1.50000000000036238e+00 -0.00000000000000000e+00
7.32306208284599336e+00 1.50000000000036238e+00 -0.00000000000000000e+00
6.32306208284563098e+00 1.50000000000036238e+00 -0.00000000000000000e+00
5.32306208284526861e+00 1.50000000000036238e+00 -0.00000000000000000e+00
4.32306208284490978e+00 1.50000000000036238e+00 4.88498130835068878e-15
3.32306208284454740e+00 1.50000000000036238e+00 -0.00000000000000000e+00
7.50000000000253131e+00 1.73230620828496100e+01 8.88178419700125232e-16
1.73115390200042327e+01 2.50000000000076383e+00 7.63817623556500475e-14
1.63112339318162185e+01 2.50000000000072475e+00 -0.00000000000000000e+00
1.53110356250035711e+01 2.50000000000072475e+00 -0.00000000000000000e+00
1.43108356253904301e+01 2.50000000000072831e+00 9.77174465131532661e-15
1.33107767244632686e+01 2.50000000000071054e+00 -3.02020973627608123e-14
1.23106717833346941e+01 2.50000000000072475e+00 -0.00000000000000000e+00
1.13106673395667290e+01 2.50000000000072475e+00 -0.00000000000000000e+00
1.03102846802331083e+01 2.50000000000072475e+00 -0.00000000000000000e+00
9.30963764425883333e+00 2.50000000000072475e+00 -8.88178419700125232e-16
8.30921707151939515e+00 2.50000000000072475e+00 -0.00000000000000000e+00
7.30894369932997989e+00 2.50000000000072475e+00 -0.00000000000000000e+00
6.30869490721762105e+00 2.50000000000072475e+00 -0.00000000000000000e+00
5.30860429238195408e+00 2.50000000000072475e+00 2.66453525910037570e-15
1.73230620828496100e+01 3.50000000000108713e+00 -8.88178419700125232e-16
1.63230620828492476e+01 3.50000000000108713e+00 -0.00000000000000000e+00
1.53230620828488853e+01 3.50000000000108713e+00 -0.00000000000000000e+00
1.43230620828485247e+01 3.50000000000108713e+00 -0.00000000000000000e+00
1.33230620828481623e+01 3.50000000000109424e+00 -0.00000000000000000e+00
1.23230620828477999e+01 3.50000000000108713e+00 -3.55271367880050093e-15
1.13230620828474411e+01 3.50000000000108713e+00 -0.00000000000000000e+00
1.03230620828470787e+01 3.50000000000108713e+00 -0.00000000000000000e+00
9.32306208284671811e+00 3.50000000000108358e+00 -3.55271367880050093e-15
8.32306208284635751e+00 3.50000000000108713e+00 -3.55271367880050093e-15
7.32306208284598981e+00 3.50000000000108713e+00 -0.00000000000000000e+00
6.32306208284562921e+00 3.50000000000108713e+00 -0.00000000000000000e+00
5.32306208284526683e+00 3.50000000000108358e+00 -0.00000000000000000e+00
1.73230620828496100e+01 4.50000000000144773e+00 -4.44089209850062616e-16
1.63230620828492476e+01 4.50000000000144595e+00 1.77635683940025046e-15
1.53230620828488853e+01 4.50000000000144773e+00 -0.00000000000000000e+00
1.43230620828485247e+01 4.50000000000144773e+00 -0.00000000000000000e+00
1.33230620828481623e+01 4.50000000000145661e+00 -0.00000000000000000e+00
1.23230620828477999e+01 4.50000000000144773e+00 -4.44089209850062616e-16
1.13230620828474393e+01 4.50000000000144773e+00 -8.88178419700125232e-16
1.03230620828470823e+01 4.50000000000144773e+00 -0.00000000000000000e+00
9.32306208284671456e+00 4.50000000000144595e+00 -0.00000000000000000e+00
8.32306208284635396e+00 4.50000000000144773e+00 4.44089209850062616e-16
7.32306208284598981e+00 4.50000000000144773e+00 -0.00000000000000000e+00
6.32306208284562743e+00 4.50000000000144773e+00 4.44089209850062616e-16
1.73230620828496100e+01 5.50000000000180833e+00 -0.00000000000000000e+00
1.63230620828492405e+01 5.50000000000180833e+00 3.99680288865056355e-15
1.53230620828488853e+01 5.50000000000180833e+00 -0.00000000000000000e+00
1.43230620828485247e+01 5.50000000000180833e+00 -0.00000000000000000e+00
1.33230620828481623e+01 5.50000000000181899e+00 -0.00000000000000000e+00
1.23230620828477964e+01 5.50000000000180833e+00 -8.88178419700125232e-16
1.13230620828474393e+01 5.50000000000180833e+00 4.44089209850062616e-16
1.03230620828470787e+01 5.50000000000181366e+00 -2.66453525910037570e-15
9.32306208284671456e+00 5.50000000000180655e+00 1.77635683940025914e-15
8.32306208284635041e+00 5.50000000000181011e+00 -8.88178419700125232e-16
7.32306208284598981e+00 5.50000000000180833e+00 -0.00000000000000000e+00
1.73230620828496100e+01 6.50000000000217071e+00 -0.00000000000000000e+00
1.63230620828492476e+01 6.50000000000217248e+00 -0.00000000000000000e+00
1.53230620828488853e+01 6.50000000000216538e+00 -0.00000000000000000e+00
1.43230620828485211e+01 6.50000000000217248e+00 -4.44089209850062616e-15
1.33230620828481605e+01 6.50000000000218137e+00 1.33226762955018785e-15
1.23230620828477999e+01 6.50000000000217604e+00 -0.00000000000000000e+00
1.13230620828474358e+01 6.50000000000217071e+00 -4.44089209850062616e-16
1.03230620828470752e+01 6.50000000000217071e+00 -0.00000000000000000e+00
9.32306208284671101e+00 6.50000000000216716e+00 -0.00000000000000000e+00
8.32306208284635041e+00 6.50000000000217248e+00 4.44089209850062616e-16
1.73230620828496100e+01 7.50000000000253308e+00 -4.44089209850062616e-16
1.63230620828492476e+01 7.50000000000253131e+00 -0.00000000000000000e+00
1.53230620828488906e+01 7.50000000000253131e+00 7.10542735760100186e-15
1.43230620828485247e+01 7.50000000000253308e+00 -0.00000000000000000e+00
1.33230620828481623e+01 7.50000000000254374e+00 4.44089209850062616e-16
1.23230620828477999e+01 7.50000000000252776e+00 4.44089209850062616e-16
1.13230620828474358e+01 7.50000000000254197e+00 4.44089209850062616e-16
1.03230620828470716e+01 7.50000000000253131e+00 4.44089209850062616e-16
9.32306208284671101e+00 7.50000000000252776e+00 4.44089209850062616e-16
1.73230620828496100e+01 8.50000000000289191e+00 -0.00000000000000000e+00
1.63230620828492476e+01 8.50000000000289901e+00 -0.00000000000000000e+00
1.53230620828488817e+01 9.50000000000325784e+00 -7.55723871717785794e-15
1.43230620828485211e+01 8.50000000000290257e+00 -7.10542735760100186e-15
1.33230620828481623e+01 8.50000000000289013e+00 4.44089209850062616e-16
1.23230620828477999e+01 8.50000000000290257e+00 8.88178419700125232e-16
1.13230620828474393e+01 8.50000000000289369e+00 4.44089209850062616e-16
1.03230620828470787e+01 8.50000000000289369e+00 4.44089209850062616e-16
1.73230620828496100e+01 9.50000000000325606e+00 -0.00000000000000000e+00
1.63230620828492334e+01 9.50000000000325429e+00 1.19957547698323860e-14
1.53230620828488817e+01 1.05000000000036220e+01 -0.00000000000000000e+00
1.43230620828485211e+01 9.50000000000326672e+00 -3.10862446895043831e-15
1.33230620828481605e+01 9.50000000000325961e+00 -4.44089209850062616e-15
1.23230620828477964e+01 9.50000000000326139e+00 -8.43769498713785165e-15
1.13230620828474358e+01 9.50000000000325251e+00 8.88178419700125232e-15
1.73230620828496100e+01 1.05000000000036149e+01 8.88178419700125232e-16
1.63230620828492476e+01 1.05000000000036220e+01 -0.00000000000000000e+00
1.53230620828488817e+01 1.15000000000039844e+01 -0.00000000000000000e+00
1.43230620828485211e+01 1.05000000000036202e+01 4.44445616776567962e-15
1.33230620828481641e+01 1.05000000000036184e+01 -3.10862446895043831e-15
1.23230620828478035e+01 1.05000000000036184e+01 -4.44089209850062616e-16
1.73230620828496100e+01 1.15000000000039879e+01 3.55271367880050093e-15
1.63230620828492476e+01 1.15000000000039844e+01 -0.00000000000000000e+00
1.53230620828488817e+01 8.50000000000289013e+00 -7.10542735760100186e-15
1.43230620828485211e+01 1.15000000000039844e+01 -0.00000000000000000e+00
1.33230620828481587e+01 1.15000000000039790e+01 -0.00000000000000000e+00
1.73230620828496100e+01 1.25000000000043414e+01 -0.00000000000000000e+00
1.63230620828492476e+01 1.25000000000043432e+01 -0.00000000000000000e+00
1.53230620828488853e+01 1.25000000000043450e+01 -0.00000000000000000e+00
1.43230620828485247e+01 1.25000000000043450e+01 -0.00000000000000000e+00
1.73230620828496100e+01 1.35000000000047038e+01 -0.00000000000000000e+00
1.63230620828492548e+01 1.35000000000047056e+01 -0.00000000000000000e+00
1.53230620828488835e+01 1.35000000000047127e+01 -9.76996261670137756e-15
1.73230620828496100e+01 1.45000000000050662e+01 -0.00000000000000000e+00
1.63230620828492476e+01 1.45000000000050662e+01 -0.00000000000000000e+00
1.73181820681842567e+01 1.55001176952438868e+01 2.34845641845904407e-04
5.00000000000000000e-01 5.00000000000000000e-01 -0.00000000000000000e+00
1.74343256137894898e+01 1.73482250085696244e+01 -4.39781047296433414e-01
1.65294807116596942e+01 1.77739663656051476e+01 -4.39781047296433414e-01
6.90477668995239213e-01 2.02614192508140434e+00 -5.68097108431351971e-01
1.42664286489517877e+00 1.32085100566790459e+00 -5.68097108431352416e-01
1.52010129305419639e+00 2.75411206200621095e+00 -4.39514123606171370e-01
2.28490946699283626e+00 2.03053869799829556e+00 -4.39514123606171370e-01
2.37389567920364541e+00 3.46535410540450783e+00 -5.56153040809269195e-01
3.12248897268086978e+00 2.75185003122048499e+00 -5.37885035852904148e-01
3.17303544699653628e+00 4.14605712543291460e+00 -5.56153178689027694e-01
4.06613426190038041e+00 3.68860762610361093e+00 -5.56153178689027694e-01
3.68860766524475991e+00 5.01627811751222552e+00 -5.56153422278995668e-01
4.57576512050637874e+00 4.54927046744042229e+00 -5.56153422278995668e-01
4.51544619464189445e+00 5.74413825291307489e+00 -4.39781047296338490e-01
5.40126599419207309e+00 5.27796209480126066e+00 -4.39781047296338934e-01
5.37470195204836543e+00 6.44500896159412306e+00 -4.39781047296311733e-01
6.26052175159854585e+00 5.97883280348230883e+00 -4.39781047296311733e-01
6.20868894727323983e+00 7.15776895326330020e+00 -4.39781047296311733e-01
7.09450884785442426e+00 6.69159274761507916e+00 -4.39781047296311733e-01
6.65969906648992804e+00 8.05072457240514616e+00 -4.39781047296350147e-01
7.54551886604010313e+00 7.58454841429333193e+00 -4.39781047296353755e-01
7.51895482389638303e+00 8.75159528108618190e+00 -4.39781047296350147e-01
8.40477462344655990e+00 8.28541912297436411e+00 -4.39781047296350147e-01
8.37821058130283802e+00 9.45246598976721764e+00 -4.39781047296350147e-01
9.26403038085301489e+00 8.98628983165540163e+00 -4.39781047296350147e-01
9.22804629269064414e+00 1.01577689532643785e+01 -4.39781047296350147e-01
1.01138661932920861e+01 9.69159274760662015e+00 -4.39781047296350147e-01
9.66320769574442906e+00 1.10581816005781750e+01 -4.39781047296442407e-01
1.05490274952946024e+01 1.05920054424663626e+01 -4.39781047296442407e-01
1.05224634531508432e+01 1.17590523092591823e+01 -4.39781047296442407e-01
1.14082832527010147e+01 1.12928761511473681e+01 -4.39781047296442407e-01
1.13817192105572449e+01 1.24599230179401950e+01 -4.39781047296442407e-01
1.22675390101074182e+01 1.19937468598283790e+01 -4.39781047296442407e-01
1.22476126611251086e+01 1.31576706052028367e+01 -4.39781047296442407e-01
1.31452795025199016e+01 1.26903696543540718e+01 -4.34564019042367355e-01
1.26652931295870577e+01 1.40663082608002625e+01 -4.39781047296442407e-01
1.35782184488725779e+01 1.36175607657620841e+01 -4.74606819814356651e-01
1.35259720824052714e+01 1.47665093374322325e+01 -4.39781047296297356e-01
1.44240884823102764e+01 1.43264676291706294e+01 -4.39781047296297356e-01
1.43852278398116784e+01 1.54673800461133268e+01 -4.39781047296772143e-01
1.52833442397166781e+01 1.50273383378517273e+01 -4.39781047296772143e-01
1.52476314014643339e+01 1.61667696717396829e+01 -4.39781047296772143e-01
1.61518123082082852e+01 1.57261092193990741e+01 -4.37808223271091534e-01
1.56653196011868587e+01 1.70754036896779446e+01 -4.39781047296806782e-01
1.65701645033166471e+01 1.66496623326424178e+01 -4.39781047296806782e-01
1.83184055719657977e+01 5.00000000000000000e-01 -0.00000000000000000e+00
1.83230620828499724e+01 1.50000000000036238e+00 -0.00000000000000000e+00
1.83140083850919311e+01 2.50000000000072475e+00 -0.00000000000000000e+00
1.83230620828499724e+01 3.50000000000108713e+00 -0.00000000000000000e+00
1.83230620828499724e+01 4.50000000000144773e+00 8.88178419700125232e-16
1.83230620828499724e+01 5.50000000000181011e+00 8.88178419700125232e-16
1.83230620828499724e+01 6.50000000000217071e+00 4.44089209850062616e-16
1.83230620828499724e+01 7.50000000000253308e+00 -4.44089209850062616e-16
1.83230620828499724e+01 8.50000000000289369e+00 -0.00000000000000000e+00
1.83230620828499724e+01 9.50000000000325606e+00 -0.00000000000000000e+00
1.83230620828499724e+01 1.05000000000036167e+01 -0.00000000000000000e+00
1.83230620828499724e+01 1.15000000000039808e+01 -0.00000000000000000e+00
1.83230620828499724e+01 1.25000000000043414e+01 -0.00000000000000000e+00
1.83230620828499724e+01 1.35000000000047038e+01 -0.00000000000000000e+00
1.83230620828499724e+01 1.45000000000050662e+01 -0.00000000000000000e+00
1.83191468885810380e+01 1.55000000000054268e+01 -0.00000000000000000e+00
1.83230620828499724e+01 1.65000000000057874e+01 -0.00000000000000000e+00
1.82935813711959057e+01 1.80490957172506334e+01 -4.39781047296433414e-01
5.00000000000000000e-01 1.83230425466174225e+01 -0.00000000000000000e+00
1.50000000000036238e+00 1.83189249236165566e+01 -0.00000000000000000e+00
2.50000000000072475e+00 1.83188551341695849e+01 -0.00000000000000000e+00
3.50000000000108713e+00 1.83230620828499724e+01 -0.00000000000000000e+00
4.50000000000144595e+00 1.83230620828499688e+01 -0.00000000000000000e+00
5.50000000000180833e+00 1.83230620828499688e+01 -0.00000000000000000e+00
6.50000000000216893e+00 1.83230620828499688e+01 -0.00000000000000000e+00
7.50000000000253131e+00 1.83230620828499688e+01 -0.00000000000000000e+00
8.50000000000289369e+00 1.83230620828499724e+01 -8.88178419700125232e-16
9.50000000000325429e+00 1.83230620828499724e+01 -0.00000000000000000e+00
1.05000000000036167e+01 1.83230620828499724e+01 -0.00000000000000000e+00
1.15000000000039186e+01 1.83087845190576246e+01 1.19224236583025452e-13
1.25000000000043396e+01 1.83230620828499724e+01 -0.00000000000000000e+00
1.35000000000047002e+01 1.83230620828499724e+01 8.88178419700125232e-16
1.45000000000050644e+01 1.83150959385263477e+01 -4.44089209850062616e-16
1.55000000000054268e+01 1.83230620828499724e+01 -8.88178419700125232e-16
1.73887364690661101e+01 1.84748370742861603e+01 -4.39781047296433414e-01
1.93192310141353403e+01 5.00000000000000000e-01 -0.00000000000000000e+00
1.93230620828503348e+01 1.50000000000036238e+00 -0.00000000000000000e+00
1.93147304853892692e+01 2.50000000000072475e+00 -0.00000000000000000e+00
1.93230620828503348e+01 3.50000000000108713e+00 -0.00000000000000000e+00
1.93230620828503348e+01 4.50000000000144951e+00 -0.00000000000000000e+00
1.93230620828503348e+01 5.50000000000181011e+00 -0.00000000000000000e+00
1.93230620828503348e+01 6.50000000000217248e+00 8.88178419700125232e-16
1.93230620828503348e+01 7.50000000000253308e+00 -0.00000000000000000e+00
1.93230620828503348e+01 8.50000000000289369e+00 -0.00000000000000000e+00
1.93230620828503348e+01 9.50000000000325606e+00 -0.00000000000000000e+00
1.93230620828503348e+01 1.05000000000036184e+01 -0.00000000000000000e+00
1.93230620828503348e+01 1.15000000000039808e+01 -0.00000000000000000e+00
1.93230620828503348e+01 1.25000000000043414e+01 -0.00000000000000000e+00
1.93230620828503348e+01 1.35000000000047038e+01 -0.00000000000000000e+00
1.93230620828503348e+01 1.45000000000050662e+01 -0.00000000000000000e+00
1.93205037159621895e+01 1.55000000000054268e+01 -0.00000000000000000e+00
1.93230620828503348e+01 1.65000000000057874e+01 -0.00000000000000000e+00
1.93230620828503348e+01 1.75000000000061497e+01 -0.00000000000000000e+00
1.93230620828503348e+01 1.88563137531147547e+01 -0.00000000000000000e+00
5.00000000000000000e-01 1.93230427504961675e+01 -0.00000000000000000e+00
1.50000000000036238e+00 1.93203121453834861e+01 -0.00000000000000000e+00
2.50000000000072475e+00 1.93220308360512192e+01 -0.00000000000000000e+00
3.50000000000108713e+00 1.93230620828503348e+01 -0.00000000000000000e+00
4.50000000000144595e+00 1.93230620828503348e+01 -0.00000000000000000e+00
5.50000000000180833e+00 1.93230620828503348e+01 -0.00000000000000000e+00
6.50000000000216893e+00 1.93230620828503312e+01 -0.00000000000000000e+00
7.50000000000253131e+00 1.93230620828503348e+01 -0.00000000000000000e+00
8.50000000000289369e+00 1.93230620828503348e+01 -0.00000000000000000e+00
9.50000000000325429e+00 1.93230620828503348e+01 -0.00000000000000000e+00
1.05000000000036167e+01 1.93230620828503348e+01 -0.00000000000000000e+00
1.15000000000039773e+01 1.93175921471889502e+01 7.33234220717171114e-24
1.25000000000043379e+01 1.93230620828503348e+01 4.44089209850062616e-16
1.35000000000047002e+01 1.93230620828503348e+01 -1.33226762955018785e-15
1.45000000000050626e+01 1.93162143380911218e+01 -0.00000000000000000e+00
1.55000000000054268e+01 1.93230620828503348e+01 -0.00000000000000000e+00
1.65000000000057909e+01 1.93230620828503348e+01 -0.00000000000000000e+00
1.83230620828499724e+01 1.93230620828503348e+01 -0.00000000000000000e+00
