# n = 374
# s = 19.832356217038534
# x y theta(rad)
5.00000000000007105e-01 1.73323562170379688e+01 -3.06459632976197780e-18
1.50000000000027356e+00 1.72992539259460365e+01 7.31952922313207301e-15
2.50000000000054534e+00 1.73323562170379653e+01 7.24086143199805730e-15
3.50000000000081624e+00 1.73323562170379759e+01 1.90578143235617499e-16
4.50000000000108979e+00 1.73323562170379688e+01 2.23652701444546216e-15
5.50000000000135802e+00 1.73323562170379688e+01 -1.09003205634107903e-16
6.50000000000162981e+00 1.73323562170379688e+01 4.20149814580173322e-16
7.50000000000190070e+00 1.73063913834685330e+01 3.45705848553899443e-16
8.50000000000217248e+00 1.73323562170379688e+01 1.41252954413641995e-15
9.50000000000244427e+00 1.73323562170379688e+01 -1.57346803140193389e-15
1.05000000000027143e+01 1.73323562170379653e+01 -2.46486067044203373e-17
1.15000000000029736e+01 1.73251665469271678e+01 8.71780950618081319e-15
1.25000000000032561e+01 1.73252128851121050e+01 -1.05626721149846998e-14
1.35000000000035261e+01 1.73323562170379653e+01 -8.84055833665872651e-15
1.45000000000037979e+01 1.73232591890006447e+01 -8.86244046805148557e-15
5.00000000000007105e-01 1.63323562170376988e+01 -5.68888875680982467e-17
1.50000000000027711e+00 1.62967302024907710e+01 -3.51013440239675201e-17
2.50000000000055245e+00 1.63323562170376952e+01 7.19763912744874110e-15
3.50000000000082689e+00 1.63323562170376988e+01 1.91270718950614939e-16
4.50000000000108002e+00 1.63323562170376988e+01 -3.04136024615994910e-16
5.50000000000135092e+00 1.63323562170376988e+01 -9.51249763502101317e-17
6.50000000000162181e+00 1.63323562170376988e+01 3.79410839031536996e-16
7.50000000000188827e+00 1.63063202885510634e+01 1.42753394512075392e-15
8.50000000000216005e+00 1.63323562170376988e+01 1.41421792978166215e-15
9.50000000000242828e+00 1.63323562170376988e+01 -1.68759999845387685e-15
1.05000000000026983e+01 1.63323562170376952e+01 -4.06489838493893244e-15
1.15000000000029718e+01 1.63251665469242440e+01 -1.31313695560946016e-15
1.25000000000032436e+01 1.63252128851118385e+01 1.49423663543899184e-15
1.35000000000035172e+01 1.63323562170376952e+01 -8.88761178367836191e-15
5.00000000000007105e-01 1.53323562170374288e+01 -1.43104423709419112e-17
1.50000000000027711e+00 1.52939177008264444e+01 -7.47439269506247528e-16
2.50000000000054357e+00 1.53323562170374217e+01 1.23648198828570558e-14
3.50000000000080913e+00 1.53323562170374288e+01 3.18847793077970822e-15
4.50000000000109512e+00 1.53323562170374252e+01 -8.82303270964974459e-17
5.50000000000135092e+00 1.53323562170374288e+01 -9.77599899699998533e-17
6.50000000000162181e+00 1.53323562170374288e+01 3.52427903267311663e-16
7.50000000000189360e+00 1.53061882561257487e+01 1.36336720088663510e-15
8.50000000000216360e+00 1.53323562170374288e+01 -2.44112918208606737e-15
9.50000000000242650e+00 1.53323562170374288e+01 -2.07793464704876424e-15
1.05000000000027018e+01 1.53323562170374288e+01 4.42780004810628248e-15
1.15000000000029736e+01 1.53251665469239722e+01 -3.18602479679745150e-15
1.25000000000032419e+01 1.53252128851115685e+01 2.94334296451334666e-16
5.00000000000007105e-01 1.43323562170371588e+01 -4.62739528659387085e-18
1.50000000000027711e+00 1.42887301991557294e+01 -2.79289956856769381e-18
2.50000000000054889e+00 1.43323562170371446e+01 1.10675616826394095e-16
3.50000000000082068e+00 1.43323562170371552e+01 -9.60419113001898252e-17
4.50000000000109335e+00 1.43323562170371552e+01 -9.53757142478963705e-16
5.50000000000136424e+00 1.43323562170371552e+01 -5.05551620782277274e-16
6.50000000000163514e+00 1.43323562170371623e+01 -5.34539894612337406e-16
7.50000000000190781e+00 1.43061882549649120e+01 -4.81674134172665402e-16
8.50000000000216360e+00 1.43323562170371570e+01 -5.19146195818331230e-15
9.50000000000243539e+00 1.43323562170371499e+01 3.35085508255747786e-16
1.05000000000026912e+01 1.43323562170371517e+01 -1.26317544717074802e-14
1.15000660157100310e+01 1.43251665468895126e+01 -6.83761828890978670e-11
5.00000000000007105e-01 1.33323562170368852e+01 -4.95839877447961419e-17
1.50000000000027711e+00 1.32860497287352999e+01 -8.91511175159252035e-17
2.50000000000054889e+00 1.33323562170368728e+01 5.68670853885930864e-17
3.50000000000081979e+00 1.33323562170368817e+01 -2.23754878194181076e-16
4.50000000000109246e+00 1.33323562170368835e+01 -1.46402656911090966e-16
5.50000000000136513e+00 1.33323562170368835e+01 -4.66486277531027016e-15
6.50000000000163869e+00 1.33323562170368852e+01 7.42493272920864475e-15
7.50000000000190781e+00 1.33061882538146126e+01 -8.85263882823134982e-17
8.50000000000217959e+00 1.33323562170368870e+01 1.39447050232781559e-15
9.50000000000244960e+00 1.33323562170368852e+01 -2.61339160792553342e-16
1.05000000000027214e+01 1.33323562170368746e+01 -2.68604989780679664e-15
5.00000000000007105e-01 1.23323562170366152e+01 -2.26508608397537993e-18
1.50000000000027711e+00 1.22859176958148666e+01 1.04580757941574434e-17
2.50000000000054889e+00 1.23323562170366010e+01 -7.19870838747920215e-18
3.50000000000081979e+00 1.23323562170366117e+01 -1.65887708944729366e-16
4.50000000000109246e+00 1.23323562170366117e+01 5.65744366943888562e-17
5.50000000000136335e+00 1.23323562170366117e+01 -1.53536130368414247e-16
6.50000000000163336e+00 1.23323562170366117e+01 -7.34772291447235823e-17
7.50000000000190603e+00 1.23061882492857642e+01 -3.42227838001396872e-17
8.50000000000217604e+00 1.23323562170366152e+01 -2.82687794811038889e-16
9.50000000000244782e+00 1.23323562170366152e+01 -2.42782479405298195e-16
5.00000000000007105e-01 1.13323562170363434e+01 1.24586758598911750e-17
1.50000000000027711e+00 1.12841927836018936e+01 3.93287130094807129e-17
2.50000000000054889e+00 1.13323562170363310e+01 3.67652661903343755e-17
3.50000000000082068e+00 1.13323562170363399e+01 6.89782567896367767e-18
4.50000000000109246e+00 1.13323562170363417e+01 -3.43598318061949217e-17
5.50000000000136335e+00 1.13323562170363399e+01 -4.57080000842882814e-17
6.50000000000163425e+00 1.13323562170363399e+01 -8.90461060453574988e-17
7.50000000000190603e+00 1.13061882481179268e+01 5.42761162800637608e-17
8.50000000000217604e+00 1.13323562170363434e+01 -4.04670684154610310e-17
5.00000000000007105e-01 1.03323562170360717e+01 5.58281398894698405e-17
1.50000000000027711e+00 1.02835834053325925e+01 1.26352192070296590e-16
2.50000000000054889e+00 1.03323562170360610e+01 5.10803218841705819e-18
3.50000000000081979e+00 1.03323562170360681e+01 -1.40697206863544861e-16
4.50000000000109246e+00 1.03323562170360699e+01 -1.04844207254919825e-16
5.50000000000136335e+00 1.03323562170360681e+01 -7.18895433508828794e-17
6.50000000000163425e+00 1.03323562170360681e+01 -1.13311149264526885e-16
7.50121495718017606e+00 1.03049732909393850e+01 -2.43287400860580684e-03
5.00000000000010658e-01 9.33235621703580520e+00 -7.17749879763900537e-15
1.50000000000028244e+00 9.28338027709057556e+00 2.94303559962572711e-16
2.50000000000055422e+00 9.33235621703579454e+00 -1.04526032742826837e-16
3.50000000000081357e+00 9.33235621703579632e+00 -4.60037887614619066e-15
4.50000000000109157e+00 9.33235621703579810e+00 -3.87965236278525744e-17
5.50000000000136247e+00 9.33235621703579810e+00 -5.66842620588535869e-18
6.50000000000163336e+00 9.33235621703579810e+00 -4.59914199211670832e-17
5.00000000000010658e-01 8.33235621703553342e+00 -7.13419759617617532e-15
1.50000000000028777e+00 8.28219726181911220e+00 -7.00470031356605396e-15
2.50000000000055955e+00 8.33235621703551921e+00 -6.98170427538741181e-15
3.50000000000082778e+00 8.33235621703552098e+00 -1.39093367891548984e-16
4.50000000000109157e+00 8.32231066915955076e+00 2.62409749819161826e-19
5.50000000000136247e+00 8.33235621703552631e+00 1.45726123504445952e-16
5.00000000000010658e-01 7.33235621703526252e+00 -7.15286257936012530e-15
1.50000000000028422e+00 7.28138573168141257e+00 1.69944870632060273e-16
2.50000000000055600e+00 7.33235621703525098e+00 -1.28835030934186485e-16
3.50000000000083400e+00 7.33235621703525098e+00 -6.38239027066365991e-17
4.50000000000110667e+00 7.32223955454206621e+00 -4.77706134346683080e-17
5.00000000000010658e-01 6.33235621703499163e+00 -7.15090251756472469e-15
1.50000000000028777e+00 6.28054309506794350e+00 7.87371051101414835e-15
2.50000000000056311e+00 6.33235621703497920e+00 -1.14116139409748508e-16
3.50000000000083400e+00 6.33235621703497920e+00 -8.13202143216185408e-17
5.00000000000010658e-01 5.33235621703471896e+00 -7.15076578374351498e-15
1.50000000000028777e+00 5.28047200130061523e+00 -7.10639806798265628e-15
2.50000000000055600e+00 5.33235621703470741e+00 -7.85397231033306228e-17
5.00000000000010658e-01 4.33235621703444806e+00 -7.10448748575335433e-15
1.50000000000028066e+00 4.28033996994933119e+00 -7.13596941960735393e-15
5.00000000000003553e-01 3.33235621703417717e+00 -7.13236415793336965e-15
1.73323562170379759e+01 5.00000000000000111e-01 -1.37616368432790470e-16
1.63323562170377059e+01 5.00000000000000111e-01 -1.32620676289599092e-16
1.53323562170374359e+01 5.00000000000000111e-01 1.37125755407605117e-17
1.43323562170371623e+01 5.00000000000000111e-01 3.97368427164984454e-17
1.33323562170368923e+01 5.00000000000000111e-01 -1.56873574253325670e-16
1.23323562170366205e+01 5.00000000000000111e-01 -1.11679768963453647e-16
1.13323562170363488e+01 5.00000000000000111e-01 -1.25855806712527888e-16
1.03323562170360788e+01 5.00000000000000111e-01 -1.78917442917395203e-16
9.33235621703580698e+00 5.00000000000000111e-01 -4.47616412499974973e-18
8.33235621703553520e+00 5.00000000000000111e-01 -7.15759729592998722e-17
7.33235621703526341e+00 5.00000000000000111e-01 -3.03152405434061805e-17
6.33235621703499341e+00 5.00000000000000111e-01 -5.18184180140343983e-17
5.33235621703472162e+00 5.00000000000000111e-01 -9.76505655554876635e-18
4.33235621703444984e+00 5.00000000000000111e-01 1.02598757067620957e-17
3.33235621703417895e+00 5.00000000000000111e-01 -2.78306765124965991e-17
2.33235621703390716e+00 5.00000000000000111e-01 -1.31393479171573101e-17
1.73323562170379759e+01 1.50000000000027356e+00 4.70401700645298082e-16
1.63323562170377059e+01 1.50000000000027178e+00 -1.53376026844325306e-16
1.53323562170374341e+01 1.50000000000027178e+00 -1.09520398571428298e-16
1.43323562170371623e+01 1.50000000000027178e+00 5.77644101517869855e-16
1.33323562170368923e+01 1.50000000000027178e+00 -1.24726604570551003e-16
1.23323562170366205e+01 1.50000000000027178e+00 -2.43915348784457914e-16
1.13323562170363488e+01 1.50000000000027178e+00 -4.24545503901763020e-16
1.03323562170360788e+01 1.50000000000027178e+00 -2.32541127246030789e-16
9.33235621703580698e+00 1.50000000000027178e+00 3.56112471694901311e-17
8.33235621703553520e+00 1.50000000000027178e+00 3.34064166792140307e-17
7.33235621703526519e+00 1.50000000000027178e+00 -1.00445007128055236e-16
6.33235621703499341e+00 1.50000000000027178e+00 -6.64703005934770378e-17
5.33235621703472162e+00 1.50000000000027178e+00 -5.07019109489604890e-17
4.33235621703445073e+00 1.50000000000027178e+00 -3.12355774160286146e-17
3.33235621703417983e+00 1.50000000000027178e+00 2.53625439711317312e-17
1.73323562170379866e+01 2.50000000000053380e+00 1.74369995745878683e-14
1.63323562170377059e+01 2.50000000000054268e+00 2.12364580921036253e-16
1.53322902014828628e+01 2.50000000000054357e+00 -6.34601164296399462e-16
1.43314222327008025e+01 2.50000000000054268e+00 -2.44149605531544482e-15
1.33312902014399377e+01 2.50000000000054268e+00 -8.39663266935804042e-16
1.23312902014396677e+01 2.50000000000054268e+00 -5.81729935146438715e-16
1.13312902014393959e+01 2.50000000000054268e+00 -5.38741521235213666e-16
1.03312902014391241e+01 2.50000000000054357e+00 -1.83260563736615240e-16
9.30084823592847521e+00 2.50000000000054268e+00 -6.61668447587204081e-19
8.30023885977815823e+00 2.50000000000054268e+00 2.69972046334107870e-15
7.30003573221516966e+00 2.50000000000054268e+00 -8.14635598620878817e-17
6.29917549175774560e+00 2.50000000000052491e+00 3.73526091292183354e-14
5.29836298972041941e+00 2.50000000000052491e+00 3.74241946697031204e-14
4.29456611468478133e+00 2.50000000000054268e+00 -9.41228304944898876e-18
1.73323562170379830e+01 3.50000000000081446e+00 -3.31409538922282370e-16
1.63323562170377095e+01 3.50000000000079758e+00 -1.70625469861959006e-16
1.53323562170374394e+01 3.50000000000081624e+00 -3.09997637053817057e-16
1.43323562170371677e+01 3.50000000000081446e+00 -2.46709158032513625e-15
1.33323562170368959e+01 3.50000000000081979e+00 -6.29409695012836346e-15
1.23323562170366277e+01 3.50000000000081535e+00 -1.93228162692019120e-16
1.13323562170363541e+01 3.50000000000081535e+00 1.54975820970446558e-15
1.03323562170360894e+01 3.50000000000081535e+00 -6.66402893539354824e-16
9.33235621703581586e+00 3.50000000000081624e+00 3.07887085854912951e-15
8.33235621703554408e+00 3.50000000000081446e+00 -3.47095988734673805e-17
7.33235621703527407e+00 3.50000000000081446e+00 4.47039911024861542e-17
6.33235621703500406e+00 4.50000000000108624e+00 -2.31267245913233516e-17
5.33235621703473228e+00 3.50000000000077893e+00 -3.28483088442628041e-17
1.73323562170379759e+01 4.50000000000108624e+00 -6.34740162386775688e-17
1.63323562170377166e+01 4.50000000000107736e+00 1.72702178455502396e-14
1.53323562170374394e+01 4.50000000000108713e+00 -2.55390904023515854e-16
1.43323562170371677e+01 4.50000000000108535e+00 -8.85098040477935011e-16
1.33323562170368959e+01 4.50000000000109157e+00 -4.34907094555264214e-15
1.23323562170366277e+01 4.50000000000108624e+00 3.34714803490872201e-16
1.13323562170363559e+01 4.50000000000108624e+00 -6.48334630423063718e-16
1.03323562170360823e+01 4.50000000000108713e+00 6.21999598741685685e-15
9.33235621703581408e+00 4.50000000000108979e+00 -7.78006280132845827e-16
8.33235621703554585e+00 4.50000000000108624e+00 2.05283532198452998e-17
7.33235621703527407e+00 4.50000000000108624e+00 -9.00130894934742795e-17
6.33235621703500406e+00 3.50000000000081446e+00 -6.28765601385127103e-17
1.73323562170379688e+01 5.50000000000135358e+00 1.70906778600326847e-14
1.63323562170377059e+01 5.50000000000135536e+00 -3.41458452682419857e-16
1.53323562170374341e+01 5.50000000000135625e+00 1.71923585316433711e-15
1.43314222327008007e+01 5.50000000000135891e+00 -2.50668982604244709e-15
1.33311886391600574e+01 5.50000000000135980e+00 -5.12219842472396078e-16
1.23295948893354073e+01 5.50000000000135802e+00 -3.70775181013113079e-15
1.13291806006765725e+01 5.50000000000135714e+00 -6.81987520852271435e-16
1.03291095068659899e+01 5.50000000000135802e+00 -5.58270114342493386e-16
9.32897747560777901e+00 5.50000000000135891e+00 -7.36587260687666089e-15
8.32897747560750190e+00 5.50000000000135714e+00 2.54586426235904351e-16
7.32897747560723101e+00 5.50000000000135714e+00 -9.28625034344243173e-17
1.73323562170379759e+01 6.50000000000162537e+00 -3.83854190512694892e-15
1.63323562170377059e+01 6.50000000000162714e+00 -4.77927954526303059e-16
1.53323562170374359e+01 6.50000000000162892e+00 -3.56524890339794371e-16
1.43323562170371552e+01 9.50000000000244427e+00 -6.44803817341929401e-15
1.33323562170368923e+01 6.50000000000163070e+00 1.59569906609294750e-16
1.23323562170366223e+01 6.50000000000163070e+00 -2.24567122942720478e-15
1.13323562170363488e+01 6.50000000000163070e+00 -4.53196786858807284e-16
8.33235621703553520e+00 6.50000000000162892e+00 -6.84962087845132967e-16
1.03323562170360788e+01 6.50000000000162892e+00 -5.20839055143738515e-16
9.33235621703580698e+00 6.50000000000163070e+00 -6.42741487504771027e-16
1.73323562170379759e+01 7.50000000000189360e+00 -6.83265980102124209e-15
1.63323562170377059e+01 7.50000000000189715e+00 1.87883547853115875e-15
1.53323562170374341e+01 7.50000000000189715e+00 1.92644973008581192e-15
1.43323562170371623e+01 6.50000000000162892e+00 -1.13286484413027133e-15
1.33323562170368923e+01 7.50000000000190603e+00 -1.12210565924544547e-15
1.23323562170366205e+01 7.50000000000190070e+00 -4.92449721988889127e-16
1.13323562170363488e+01 7.50000000000190070e+00 -5.61429865465219831e-16
1.03323562170360788e+01 7.50000000000190248e+00 -6.86232212547543963e-16
9.33235621703580698e+00 7.50000000000190248e+00 -6.95862593346021133e-16
1.73323562170379759e+01 8.50000000000216183e+00 -2.02188268839338452e-15
1.63323562170377024e+01 8.50000000000216716e+00 2.12644374604725546e-15
1.53303917641695158e+01 8.50000000000216893e+00 -7.01799035041072695e-16
1.43323562170371623e+01 7.50000000000189893e+00 1.92849727493066956e-15
1.33301886391348319e+01 8.50000000000217248e+00 -5.33049819340245931e-16
1.23217823892788232e+01 8.50000000000217071e+00 -5.15040143066400707e-16
1.13209027626033549e+01 8.50000000000217071e+00 -6.11352924418605007e-16
1.03079382819774032e+01 8.51234877333006956e+00 -2.48114950074099852e-02
1.73323562170379759e+01 9.50000000000243361e+00 6.02960289811893541e-16
1.63323562170377059e+01 9.50000000000243716e+00 5.11489290900193401e-15
1.53323562170374306e+01 9.50000000000244071e+00 -5.17132302895368175e-16
1.43303206704021804e+01 8.50000000000217426e+00 -1.63491460231059917e-15
1.33323562170368817e+01 9.50000000000244249e+00 -5.05110080100798145e-15
1.23323562170366134e+01 9.50000000000244604e+00 -5.64085945787089126e-16
1.13323562170363417e+01 9.50000000000244427e+00 -5.69227721186839258e-16
1.73323562170379724e+01 1.05000000000027125e+01 2.49892290039286718e-15
1.63323562170377166e+01 1.05000000000027125e+01 -4.78948356750797028e-16
1.53323562170374377e+01 1.05000000000027196e+01 -1.40412346869961340e-14
1.43323562170371606e+01 1.05000000000027160e+01 -6.41952009537776480e-15
1.33323562170368959e+01 1.05000000000027232e+01 -4.97892967937125724e-16
1.23323562170366259e+01 1.05000000000027196e+01 -5.80484609525050787e-16
1.73323562170379866e+01 1.15000000000029825e+01 2.17166224273647788e-15
1.63312902014566497e+01 1.15000000000029807e+01 -4.64984729138162687e-15
1.53299011080962444e+01 1.15000000000029825e+01 -5.32681881631088514e-16
1.43296012050773420e+01 1.15000000000029878e+01 -5.34559342751371585e-16
1.33283564552285760e+01 1.15011187210448771e+01 -2.23995046104813987e-03
1.73323562170379759e+01 1.25000000000032596e+01 -4.82094656308688707e-15
1.63323562170376988e+01 1.25000000000032472e+01 6.35940836841896185e-15
1.53323562170374306e+01 1.25000000000032543e+01 -5.38509468023046971e-16
1.43323562170371570e+01 1.25000000000032525e+01 3.66847293927354006e-15
1.73312902014547099e+01 1.35000000000035314e+01 -4.84941755574051425e-15
1.63312902014544363e+01 1.35000000000035243e+01 2.12698699263224112e-15
1.53312902014541663e+01 1.35000000000035243e+01 -4.89973354604593470e-16
1.73305483250797749e+01 1.45000000000038014e+01 -4.86196791894138966e-15
1.63250844971204323e+01 1.45053644461402875e+01 -1.07872814367484717e-02
1.73305001285801978e+01 1.55000000000040732e+01 -4.81329708789151213e-15
1.78146172399659015e+01 1.76778657779496946e+01 -4.96811189277771015e-01
5.00000000000007105e-01 5.00000000000000111e-01 1.73472347597680709e-18
6.85596263163876785e-01 2.00543932983306750e+00 -5.38109004780694899e-01
1.44063832202807163e+00 1.31928921676909994e+00 -5.38109004780695011e-01
1.49535521210468758e+00 2.68670396296481773e+00 -5.38109004780695011e-01
2.25039727096888598e+00 2.00055384990085017e+00 -5.38109004780694899e-01
2.32804266687803363e+00 3.35428344062838679e+00 -5.38109004780695011e-01
3.10847840542417941e+00 2.68586319867725809e+00 -5.39206499467550504e-01
2.95147401086849559e+00 4.14675995387055440e+00 -5.38109004780766731e-01
3.84080193165013917e+00 3.68559626316469569e+00 -5.38109004780763067e-01
3.65803480516919866e+00 4.95926206484971743e+00 -5.38109004780763067e-01
4.51671418113220557e+00 4.44674891448543264e+00 -5.38109004780762956e-01
4.46779375410998369e+00 5.64052669798145700e+00 -5.38109004780763067e-01
5.32647313007297463e+00 5.12801354761718287e+00 -5.38109004780763067e-01
5.28209995724262793e+00 6.31907724756045930e+00 -5.38109004780763178e-01
6.14077933320563396e+00 5.80656409719617450e+00 -5.38109004780763067e-01
5.84654582569399217e+00 7.14675995387137331e+00 -5.38109004780763400e-01
6.73587374647558335e+00 6.68559626316549682e+00 -5.38109004780687350e-01
6.63047334717439085e+00 7.91308479986630608e+00 -5.38109004780687350e-01
7.48915272313743685e+00 7.40057164950208701e+00 -5.38109004780687350e-01
7.44023229611521941e+00 8.59434943299805454e+00 -5.38109004780695122e-01
8.29891167207826008e+00 8.08183628263383547e+00 -5.38109004780687461e-01
8.26257454894559906e+00 9.26810356931464696e+00 -5.38109004780695455e-01
9.12125392490863085e+00 8.75559041895041190e+00 -5.38109004780687461e-01
1.63118865457069582e+01 1.73550819461366181e+01 -4.96811189277771015e-01
1.71909934404532372e+01 1.68784572849931571e+01 -4.96811189277784837e-01
1.54838810062079268e+01 1.66664829328316131e+01 -4.96811189277766130e-01
1.63629879009541952e+01 1.61898582716881521e+01 -4.96811189277767407e-01
1.46495920862711380e+01 1.59812905747239142e+01 -4.96811189277769127e-01
1.55286989810216589e+01 1.55046659135781510e+01 -4.96811189277766907e-01
1.40764906031578718e+01 1.51544904390923367e+01 -4.96811189277770515e-01
1.49555974979041348e+01 1.46778657779488810e+01 -4.96811189277761689e-01
1.33401613434751312e+01 1.44115419553839281e+01 -5.16106726839447361e-01
1.42099084313614377e+01 1.39180442318695903e+01 -5.16106726839429597e-01
1.25202282291240881e+01 1.37270155189906102e+01 -5.16106726839444030e-01
1.33899753170103981e+01 1.32335177954762706e+01 -5.16106726839433039e-01
1.16855962631668611e+01 1.30479269217060931e+01 -5.38109004780695566e-01
1.25660512695224718e+01 1.25512558293469887e+01 -5.16106726839452579e-01
1.11917812422427296e+01 1.21780873414881015e+01 -5.38109004780695566e-01
1.20723532226033576e+01 1.16816224057035392e+01 -5.16106726839452579e-01
1.03820222933019046e+01 1.14968227083563566e+01 -5.38109004780695566e-01
1.12407016692649471e+01 1.09843095579921322e+01 -5.38109004780695455e-01
9.57226334436108317e+00 1.08155580752246117e+01 -5.38109004780695455e-01
1.04309427203241256e+01 1.03030449248603873e+01 -5.38109004780695344e-01
8.74168365618292498e+00 1.01467205516265881e+01 -5.38109004780679578e-01
9.60133256353449482e+00 9.63362872475024190e+00 -5.38109004780695011e-01
1.83323562170382495e+01 5.00000000000000111e-01 -9.15770412284610812e-17
1.83323562170382850e+01 1.50000000000027178e+00 1.10148905983731464e-16
1.83323562170382495e+01 2.50000000000054268e+00 1.56163128344323730e-16
1.83323562170382637e+01 3.50000000000081446e+00 1.66020871655578561e-16
1.83323562170382495e+01 4.50000000000108624e+00 8.17658288437284326e-15
1.83323562170382495e+01 5.50000000000135714e+00 3.84390188410108951e-15
1.83323562170382495e+01 6.50000000000163247e+00 -4.09034704967011457e-15
1.83323562170382495e+01 7.50000000000190070e+00 8.02087252318107297e-17
1.83323562170382495e+01 8.50000000000217071e+00 5.91440772941849928e-16
1.83323562170382495e+01 9.50000000000244249e+00 -1.06515003886438538e-16
1.83323562170382495e+01 1.05000000000027143e+01 -9.84515942409639151e-17
1.83323562170382495e+01 1.15000000000029843e+01 8.67679146937026739e-17
1.83323562170382495e+01 1.25000000000032561e+01 4.13656624937937470e-17
1.83312902014549799e+01 1.35000000000035278e+01 8.72274145777425888e-17
1.83307032535995411e+01 1.45000000000037996e+01 -2.42592516402459523e-15
1.83307032535995340e+01 1.55000000000040714e+01 -4.66374162629056070e-15
1.83285466898183813e+01 1.65000000000043414e+01 -4.69609108509562331e-15
1.84266301602237910e+01 1.84835693317497629e+01 -4.96811189277792387e-01
5.00000000000007105e-01 1.83323562170382388e+01 -1.72759074108852471e-17
1.50000000000027711e+00 1.82999994428123784e+01 8.50380842791600532e-17
2.50000000000054978e+00 1.83323562170382388e+01 5.78565450510699363e-16
3.50000000000081979e+00 1.83323562170382388e+01 -3.73655937542522150e-16
4.50000000000109512e+00 1.83323562170382388e+01 4.95054468460504507e-15
5.50000000000136868e+00 1.83323562170382388e+01 -2.56560985767407233e-17
6.50000000000162981e+00 1.83323562170382388e+01 -7.68363174091281093e-17
7.50000000000190070e+00 1.83070007606367255e+01 -7.64586700595297975e-15
8.50000000000217781e+00 1.83323562170382388e+01 1.40372516811325506e-15
9.50000000000244071e+00 1.83323562170382459e+01 3.31687343502864903e-15
1.05000000000027125e+01 1.83323562170382388e+01 2.62280862155028993e-17
1.15000000000029861e+01 1.83253696719589065e+01 -1.49827421841101150e-16
1.25000000000032561e+01 1.83253696719588781e+01 5.78950374699673950e-17
1.35000000000035278e+01 1.83323562170382388e+01 6.19362873602996900e-17
1.45000000000038050e+01 1.83237365327862456e+01 -8.73258675368401904e-15
1.55000000000040767e+01 1.83288685663107600e+01 8.27725871411598606e-15
1.69355103452196332e+01 1.81544904390931592e+01 -4.96811189277770959e-01
1.93323562170385195e+01 5.00000000000000111e-01 -6.85913591881370428e-17
1.93323562170385195e+01 1.50000000000027178e+00 1.78010809699174756e-16
1.93323562170385195e+01 2.50000000000054268e+00 -1.98947763181449424e-16
1.93323562170385337e+01 3.50000000000081446e+00 -4.74652271694329965e-16
1.93323562170385195e+01 4.50000000000108802e+00 -3.81070699673786817e-15
1.93323562170385195e+01 5.50000000000135980e+00 -5.30281467199386154e-16
1.93323562170385195e+01 6.50006601565652531e+00 -5.06189486484481352e-16
1.93323562170385195e+01 7.50093398439744696e+00 -4.82398198314822829e-15
1.93323562170385195e+01 8.50106601565036790e+00 5.05190985478124464e-15
1.93323562170385195e+01 9.50116757830303271e+00 1.01060893067733532e-14
1.93323562170385195e+01 1.05022386722569685e+01 2.87851859698804499e-15
1.93323562170385195e+01 1.15025582035226535e+01 -1.20574315741746090e-14
1.93323562170385195e+01 1.25032386723082567e+01 -2.21207553147463451e-18
1.93314222327154006e+01 1.35074261726614591e+01 -6.60156249999841100e-05
1.93309063373535288e+01 1.45078324226787991e+01 -2.38671875004625375e-04
1.93309063373535146e+01 1.55102386891738142e+01 -2.38671875000046247e-04
1.93291731967743452e+01 1.65108236106537554e+01 -5.73828125004742745e-04
1.92700055634346157e+01 1.75236219541714178e+01 -1.55738281249752034e-02
1.93323562170385195e+01 1.93323562170385159e+01 -3.33934239550193396e-17
5.00000000000007105e-01 1.93323562170385159e+01 2.90980486601773152e-17
1.50000000000027711e+00 1.93008130636606055e+01 7.91398966086474844e-17
2.50000000000054889e+00 1.93323562170385088e+01 2.59717242287113570e-17
3.50000000000081979e+00 1.93323562170385124e+01 2.84220450967637720e-16
4.50000000000109424e+00 1.93323562170385159e+01 4.94898661847623292e-15
5.50000000000136779e+00 1.93323562170385159e+01 2.43662791563092375e-17
6.50000000000163958e+00 1.93323562170385124e+01 -1.15886177403886660e-16
7.50000000000190070e+00 1.93197823893841445e+01 -6.98991705106745929e-17
8.50000000000217248e+00 1.93323562170385159e+01 3.41235296084173409e-17
9.50000000000243894e+00 1.93323562170385159e+01 3.30986086249322048e-15
1.05000000000027125e+01 1.93323562170385159e+01 1.64859919869634519e-17
1.15001002114401079e+01 1.93255727973595981e+01 -2.00440784278719413e-04
1.25002004228775014e+01 1.93323562170385159e+01 -2.62376925741492073e-17
1.35002004228777821e+01 1.93323562170385195e+01 -8.90487092701161553e-15
1.45002004228780486e+01 1.93290716929179425e+01 -8.16608305991592616e-16
1.55002004228783221e+01 1.93289396603201808e+01 -8.18840623066977994e-16
1.65002004228785921e+01 1.93323562170385159e+01 -8.31948984529595759e-16
1.75143887899549888e+01 1.92576845402632983e+01 -3.27174815296665811e-02
