# n = 375
# s = 19.907024692022954
# x y theta(rad)
5.00000000005233147e-01 1.67223651057402307e+01 4.35442697524490718e-17
1.60365819877277360e+00 1.71419658915332889e+01 4.75170189582217961e-01
1.66788604702977956e+01 5.00000000000000333e-01 0.00000000000000000e+00
1.72438552744323488e+01 1.55116625850290690e+00 -5.66280312962983090e-01
5.00000000005233147e-01 1.15000002805389911e+01 -5.55057425429341158e-17
5.00000000005233147e-01 1.05000002550354470e+01 2.22044604925031308e-15
5.00000000005233147e-01 9.50000022953190104e+00 1.81774070291082624e-15
1.50000002550878264e+00 9.50000022953190104e+00 9.15597857755719635e-16
5.00000000005233147e-01 8.50000020402835688e+00 6.25172267387651856e-27
1.50000002550877909e+00 8.50000020402835688e+00 1.72333505614065758e-15
2.50000005101232503e+00 8.50000020402835688e+00 8.36841573357902523e-16
5.00000000005233147e-01 7.50000017852481093e+00 -5.66760377217476660e-16
1.50000002550877909e+00 7.50000017852481093e+00 -1.02071712650144002e-15
2.50000005101232858e+00 7.50000017852481182e+00 4.44089209850062616e-16
3.50000007651587097e+00 7.50000017852481182e+00 4.05784503061285220e-16
5.00000000005233147e-01 6.50000015302127032e+00 -5.40671865647567858e-16
1.50000002550878264e+00 6.50000015302126677e+00 8.34400062220291911e-16
2.50000005101232503e+00 6.50000015302126677e+00 2.74514047656829747e-16
3.50000007651587097e+00 6.50000015302126855e+00 2.07647007131113927e-16
5.00670244218571980e-01 5.50000012751772527e+00 1.34524257001520458e-15
1.50145442841301602e+00 5.50000012751772260e+00 1.30540091601881238e-15
2.51630512101948156e+00 5.50000012751772349e+00 7.64252876350810723e-16
3.52056764022748681e+00 5.50000012751772438e+00 1.96364213921080078e-15
4.52296145299339969e+00 5.50000012751772438e+00 -2.11738331335412366e-15
5.65542718525926880e+00 5.50000012751772172e+00 -1.65662832355063667e-16
5.00608507639515921e-01 4.50000010201418021e+00 4.92770616137550250e-18
1.50118991493750897e+00 4.50000010201417844e+00 -1.27996495921578577e-15
2.50199841168524628e+00 4.50000010201418021e+00 -2.93368176766377704e-17
3.50241194485319696e+00 4.50000010201418021e+00 3.16171581749592789e-17
4.50300739276050344e+00 4.50000010201417933e+00 -2.16951055592444866e-15
5.50360723538266683e+00 4.50000010201418021e+00 -2.29444652617953547e-15
6.50392217362900737e+00 4.50000010201418110e+00 4.27400728183832507e-15
5.00000000005233147e-01 3.50000007651063472e+00 -1.32080143796737546e-15
1.50000002550877909e+00 3.50000007651063294e+00 -1.30451205408098532e-15
2.50000005101232858e+00 3.50000007651063472e+00 4.44089209850062616e-16
3.50000007651587097e+00 3.50000007651063560e+00 5.35972969729549459e-17
4.50000010201941691e+00 3.50000007651063560e+00 4.64079364956306134e-16
5.50000012752296286e+00 3.50000007651063472e+00 -6.77335379813961475e-16
6.50000015302650702e+00 3.50000007651063472e+00 -1.47046589895403075e-16
7.50000017853004941e+00 3.50000007651063649e+00 1.17479462348239556e-15
5.00000000005233147e-01 2.50000005100708966e+00 -1.28030248970523370e-15
1.50000002550877909e+00 2.50000005100709499e+00 4.46411204280349678e-16
2.50000005101232503e+00 2.50000005100708966e+00 6.71493302419602441e-17
3.50000007651587097e+00 2.50000005100708966e+00 8.20426617876656647e-17
4.50000010201941514e+00 2.50000005100709055e+00 2.12071917758056166e-15
5.50000012752296286e+00 2.50000005100708966e+00 -1.73132864644622098e-16
6.50000015302650702e+00 2.50000005100708966e+00 4.73411568514741019e-16
7.50000017853005119e+00 2.50000005100709055e+00 -3.04903450165829660e-16
8.50000020403359891e+00 2.50000005100708966e+00 -2.46374515229504165e-17
5.00000000005247358e-01 1.50000002550354461e+00 9.74220672287530017e-15
1.50000002550877909e+00 1.50000002550354816e+00 4.93484769453800335e-15
2.50000005101232858e+00 1.50000002550354461e+00 1.99930765340828081e-17
3.50000007651587097e+00 1.50000002550354461e+00 -8.83299730059911644e-17
4.50000010201941691e+00 1.50000002550354461e+00 -1.56364475165173297e-16
5.50000012752296286e+00 1.50000002550354639e+00 -2.23686764745214418e-15
6.50000015302650702e+00 1.50000002550354461e+00 4.57723390150085571e-16
7.50000017853005119e+00 1.50000002550354639e+00 -1.50814605626998538e-15
8.50000020403359713e+00 1.50000002550354461e+00 -4.20891665850266743e-17
9.50000022953714307e+00 1.50000002550354461e+00 3.83030153509098846e-17
5.00000000005240253e-01 5.00000000000000333e-01 -8.86737622967732909e-22
1.50000002550878264e+00 5.00000000000000333e-01 -2.03703615229676731e-17
2.50000005101232858e+00 5.00000000000000333e-01 -3.55225993218420742e-20
3.50000007651587097e+00 5.00000000000000333e-01 -2.64696502285084293e-23
4.50000010201941691e+00 5.00000000000000333e-01 -2.45261397812318424e-17
5.50000012752296286e+00 5.00000000000000333e-01 6.17078412643705263e-16
6.50000015302650702e+00 5.00000000000000333e-01 -8.92654439392266301e-19
7.50000017853005119e+00 5.00000000000000333e-01 6.06566861400715314e-17
8.50000020403359713e+00 5.00000000000000333e-01 -3.83046365005008129e-17
9.50000022953714307e+00 5.00000000000000333e-01 2.26036561414455853e-17
1.05000002550406872e+01 5.00000000000000333e-01 -1.19123138483753013e-22
3.34277312353009393e+00 1.69099567864421800e+01 4.73343489009726448e-01
4.39684640420114548e+00 1.74148710787303962e+01 2.05687904572077820e-02
5.40702433497332358e+00 1.74070246410106542e+01 -2.39493446694334033e-17
6.40702436047686064e+00 1.74070246410106400e+01 -1.60194653896519617e-14
7.40702438598039770e+00 1.74070246410106293e+01 2.09143219532826923e-15
8.40702441148395074e+00 1.74070246410106186e+01 -1.44802570615171875e-14
9.40702443698749491e+00 1.74070246410106328e+01 -1.45040969686961775e-14
1.04070244624910480e+01 1.74070246410106364e+01 7.72843080940074880e-17
1.14070244879945868e+01 1.74070246410106577e+01 -2.29678940705092675e-14
1.24070245134981541e+01 1.74070246410106293e+01 -3.03978022727531575e-14
1.34070245390016716e+01 1.74070246410106293e+01 -3.34343558554295205e-14
1.44070245645052335e+01 1.74070246410106115e+01 8.26786237680401107e-17
1.54070245900087599e+01 1.74070246410106186e+01 3.04746426132688286e-14
1.64070246155123520e+01 1.74070246410106044e+01 -5.95024615264441454e-14
1.74070246410158660e+01 1.74070246410106328e+01 -7.47970444380092711e-17
4.23406741279361221e+00 1.62429256837070390e+01 4.73343489009726448e-01
5.40702433497331825e+00 1.64070246155071082e+01 1.60252349105853855e-15
6.40702436047687485e+00 1.64070246155070976e+01 -5.17258951577800302e-15
7.40702438598042079e+00 1.64070246155070834e+01 -3.98829663074339999e-15
8.40702441148395074e+00 1.64070246155070869e+01 1.57053341216048436e-14
9.40702443698749491e+00 1.64070246155070869e+01 1.57250598739370289e-14
1.04070244624910337e+01 1.64070246155070976e+01 2.95008898827528260e-15
1.14070244879945921e+01 1.64070246155071011e+01 -3.22768753891142149e-16
1.24070245134981381e+01 1.64070246155070976e+01 -2.90974475814502095e-16
1.34070245390016680e+01 1.64070246155070834e+01 -2.99462303486241633e-14
1.44070245645052282e+01 1.64070246155070585e+01 4.29464613773204973e-16
1.54070245900087741e+01 1.64070246155070905e+01 -2.27388280408862591e-15
1.64070246155123201e+01 1.64070246155070869e+01 -6.64528570994669227e-18
1.74070246410158660e+01 1.64070246155069697e+01 3.90958712988272736e-17
5.40702433497332002e+00 1.54070245900035605e+01 2.10687031951286754e-15
7.40702438598041191e+00 1.54070245900035463e+01 5.57107393359254603e-15
1.14070244879945992e+01 1.04070244624858219e+01 5.10881533507564319e-15
8.40702441148395963e+00 1.54070245900035481e+01 -4.87174600637519860e-17
9.40702443698749491e+00 1.54070245900035410e+01 1.56876890866957126e-14
1.04070244624910551e+01 1.04070244624858237e+01 5.11458916864663842e-15
1.14070244879945939e+01 1.54070245900035552e+01 -1.93570304372422468e-15
1.24070245134981398e+01 1.54070245900035516e+01 -1.94750943614315379e-15
1.34070245390016840e+01 1.54070245900035445e+01 -1.49012771801704905e-15
1.44070245645052104e+01 1.54070245900035285e+01 3.59726041591489659e-14
1.54070245900087723e+01 1.54070245900035463e+01 -1.47003651923530581e-15
1.64070246155123165e+01 1.44070245644998760e+01 -2.15229457785801789e-16
1.74070246410158660e+01 1.54070245900034219e+01 -5.85636933216345603e-17
6.40702436047687485e+00 1.44070245645000039e+01 -2.08174061547641407e-16
7.40702438598040658e+00 1.44070245645000004e+01 5.29882459746347017e-15
8.40702441148395963e+00 1.44070245645000039e+01 -2.15356327660799714e-17
9.40702443698750557e+00 1.44070245645000039e+01 1.80755933648227817e-17
1.04070244624910480e+01 1.54070245900035534e+01 2.11282444812273298e-16
1.14070244879945939e+01 1.44070245645000075e+01 6.61316604226783080e-16
1.24070245134981363e+01 1.44070245645000075e+01 1.57961834653489270e-16
1.34070245390016822e+01 1.44070245645000075e+01 -1.92229595179234684e-15
1.44070245645052282e+01 1.34070245389964562e+01 1.56149255073887196e-16
1.54070245900087741e+01 1.44070245645000004e+01 -8.72131532154265491e-17
1.64070246155123165e+01 1.34070245389964509e+01 -6.66399589507320093e-17
1.74070246410158624e+01 1.44070245644999968e+01 -6.46339452776787495e-17
6.40702436047686774e+00 1.34070245389964668e+01 9.21223278498396768e-16
7.40702438598040835e+00 1.34070245389964580e+01 -1.27357977072979546e-15
9.40702443698749846e+00 1.34070245389964562e+01 -3.39964043349641778e-15
1.04070244624910497e+01 1.44070245645000075e+01 6.61435535547564103e-16
1.14070244879945903e+01 1.34070245389964633e+01 -1.49052098873322609e-15
8.40702441148395252e+00 1.34070245389964509e+01 -2.60818460239957887e-15
1.24070245134981363e+01 1.34070245389964597e+01 1.01714426873242341e-15
1.34070245390016840e+01 1.34070245389964615e+01 -1.96451142637190148e-15
1.44070245645052282e+01 1.44070245645000004e+01 2.54797517345677835e-15
1.54070245900087723e+01 1.34070245389964562e+01 -7.51301957959496729e-20
1.64070246155123165e+01 1.24070245134929067e+01 -5.40308675089086594e-17
1.74070246410158624e+01 1.34070245389963318e+01 -1.74512445807268287e-17
7.40702438598041191e+00 1.24070245134929085e+01 -3.53678957444128897e-15
8.40702441148395785e+00 1.24070245134929067e+01 -2.63732611266753602e-15
9.40702443698750557e+00 1.24070245134929191e+01 -2.64701430815977487e-16
1.04070244624910444e+01 1.34070245389964615e+01 -2.56108520547835583e-15
1.14070244879945921e+01 1.24070245134929174e+01 -9.26352912007057015e-16
1.24070245134981363e+01 1.24070245134929085e+01 -3.06482648259427045e-17
1.34070245390016822e+01 1.24070245134929156e+01 -3.90677828181579240e-17
1.44070245645052282e+01 1.24070245134929120e+01 1.19630876335404027e-16
1.54070245900087723e+01 1.24070245134929120e+01 1.20754076417660647e-16
1.64070246155123201e+01 1.14070244879893625e+01 -3.99793143881029560e-16
1.74070246410158624e+01 1.24070245134927877e+01 2.15603252849112365e-16
7.40702438598041368e+00 1.14070244879893696e+01 3.14066259701029010e-15
8.40702441148395963e+00 1.14070244879893661e+01 5.09855686698694768e-15
9.40702443698750912e+00 1.14070244879893696e+01 -9.69478283290597229e-16
1.04070244624910480e+01 1.24070245134929174e+01 -2.38788973404654749e-15
1.14070244879945921e+01 1.14070244879893732e+01 8.14412834793048689e-16
1.24070245134981327e+01 1.14070244879893625e+01 2.39121568803112173e-15
1.34070245390016787e+01 1.14070244879893696e+01 -2.88213061106663860e-15
1.44070245645052264e+01 1.14070244879893661e+01 6.32437521695955623e-16
1.54070245900087723e+01 1.14070244879893625e+01 -2.87681961358553783e-15
1.64070246155123201e+01 1.54070245900035410e+01 -1.23950957843590929e-16
1.74070246410158660e+01 1.14070244879893625e+01 -9.51066277986740757e-17
9.40702443698750912e+00 1.04070244624858219e+01 5.09973343153391943e-15
1.04070244624910497e+01 1.14070244879893696e+01 2.41395125315894250e-16
1.24070245134981434e+01 1.04070244624858184e+01 4.33695633000143340e-15
1.34070245390016822e+01 1.04070244624858237e+01 -7.09185763552561690e-17
1.44070245645052299e+01 1.04070244624858201e+01 -1.74263737858065457e-15
8.40702441148396318e+00 1.04070244624858219e+01 2.06327412712222294e-15
1.54070245900087741e+01 1.04070244624857953e+01 -3.42022879651767074e-16
6.40702436047686419e+00 1.54070245900035427e+01 1.60604639646244872e-15
1.64070246155123201e+01 1.04070244624857580e+01 2.17496220372081209e-17
1.74070246410158944e+01 1.04070244624857864e+01 -5.84323752483283943e-14
8.37974377555987182e+00 9.40702443698227420e+00 9.42524636886055642e-15
9.40271868842325276e+00 9.40702443698227952e+00 6.18512952727819763e-15
1.04034218196104149e+01 9.40702443698227064e+00 9.72577232634438291e-16
1.14036764196266027e+01 9.40702443698227952e+00 1.66451153487293070e-15
1.24039754878606061e+01 9.40702443698227420e+00 5.67398140173394358e-15
1.34048974103109888e+01 9.40702443698227242e+00 3.33251920517674282e-15
1.44051115539765711e+01 9.40702443698227775e+00 6.93271652013767694e-15
1.54053247058015543e+01 9.40702443698223867e+00 -2.53837556827788703e-14
1.64057498567381508e+01 9.40702443698222446e+00 -1.73835877837829242e-14
1.74059628799524653e+01 9.40702443698221380e+00 2.20712021996050826e-16
8.40702441148396495e+00 8.40702441147872825e+00 9.46957182305389773e-15
9.40702443698750912e+00 8.40702441147872648e+00 9.52435275389617981e-15
1.04070244624910551e+01 8.40702441147871937e+00 9.57858634295870879e-15
1.14070244879945992e+01 8.40702441147872470e+00 9.58930841528700880e-15
1.24070245134981398e+01 8.40702441147872648e+00 1.19604718780651298e-15
1.34070245390016893e+01 8.40702441147871937e+00 9.65430531056212309e-15
1.44070245645052175e+01 8.40702441147871760e+00 -2.43369337507697059e-14
1.54070245900087617e+01 8.40702441147870694e+00 -2.43386873379558026e-14
1.64070246155123058e+01 8.40702441147868207e+00 -2.42894980629402095e-14
1.74070246410158660e+01 8.40702441147866786e+00 5.12527190001145604e-17
1.14070244879945957e+01 7.40702438597516810e+00 -1.49613171476806050e-14
1.24070245134981327e+01 7.40702438597518054e+00 -4.33153928950407579e-17
1.34070245390016822e+01 7.40702438597517521e+00 8.10422681139554161e-15
1.44070245645052282e+01 7.40702438597517698e+00 7.93925896816427782e-17
1.54070245900087670e+01 7.40702438597515567e+00 -1.04924273920531395e-14
1.64070246155123129e+01 7.40702438597516011e+00 -6.21020309491972714e-17
1.74070246410158589e+01 7.40702438597512636e+00 -7.46299653600945621e-15
1.34070245390016716e+01 6.40702436047164170e+00 -1.45968357193089460e-14
1.44070245645052335e+01 6.40702436047163282e+00 2.99354908377188169e-15
1.54070245900087617e+01 6.40702436047162749e+00 2.22561382133746940e-14
1.64070246155123129e+01 6.40702436047159907e+00 -2.68941813432049029e-14
1.74070246410158660e+01 6.40702436047157775e+00 -1.58780075333878119e-14
1.64070246155123165e+01 5.40702433496809487e+00 -3.61512629485585215e-15
1.74070246410158624e+01 5.40702433496803803e+00 -5.94930605521416188e-15
1.84070246665194048e+01 5.40702433496810553e+00 -7.52342944874480728e-15
1.64070246155123201e+01 4.40702430946455070e+00 6.22530257831203876e-17
1.74070246410158518e+01 4.40702430946448231e+00 -2.73773469718504172e-14
1.72097928777106013e+01 3.20979252065568454e+00 -6.18077868484089077e-01
7.26408985595150369e+00 1.02640899324569119e+01 3.56072674656005617e-01
7.26408985595150014e+00 9.08414833654141418e+00 3.56072674656005672e-01
9.39654144460202723e+00 7.40702438597518231e+00 4.47357393034537979e-16
1.04070244624910586e+01 7.40702438597518409e+00 -5.85322063635980053e-16
6.40702436047686597e+00 1.24070245134929174e+01 -6.35167209838534505e-15
7.32632539412626649e+00 8.00334204297725904e+00 3.91530752028905971e-01
1.24070245134981292e+01 6.40702436047163815e+00 -6.99794241278858685e-15
6.50000015302650525e+00 6.50000015302127032e+00 4.27904859276138890e-15
8.19745508483806695e+00 7.18497103600499099e+00 -6.34639152752726865e-01
5.00000000005233147e-01 1.55000003825531731e+01 -1.99840144432528177e-15
1.58273423442505390e+00 1.59590627014956983e+01 4.73343489009726448e-01
5.00000000005233147e-01 1.45000003570496254e+01 -4.44089209850062616e-16
1.50000002550878264e+00 1.46207277048097275e+01 8.88178419700125232e-16
2.45309142904149624e+00 1.64533747203307072e+01 4.73343489009726448e-01
5.00000000005233147e-01 1.35000003315460813e+01 0.00000000000000000e+00
1.50000002550877909e+00 1.35020744160647421e+01 0.00000000000000000e+00
2.47402852368857040e+00 1.52920315987605555e+01 4.73343489009726448e-01
3.36608063127319568e+00 1.46253119361107196e+01 4.73206948379498282e-01
4.23644308380635337e+00 1.51196266479417059e+01 4.73206948379498282e-01
5.00000000005233147e-01 1.25000003060425353e+01 -1.40182138668983365e-15
1.50000002550877909e+00 1.25020743905611980e+01 -3.80803576588919240e-18
2.64827603946340773e+00 1.27633363419850934e+01 3.74595778912847177e-01
2.62479416144075728e+00 1.38788991073193682e+01 4.73206948379498282e-01
4.32534321207599604e+00 1.39685737495005942e+01 4.28707454632234308e-01
1.50000002550878264e+00 1.15000002805389911e+01 -1.04794499679481723e-16
2.62467979340005897e+00 1.16716751441301572e+01 2.99503425948730306e-01
3.57023151617787349e+00 1.32150823091670215e+01 4.28707454632234308e-01
4.48188492421910212e+00 1.24933144308917363e+01 3.55090688834672985e-01
5.26437915119903188e+00 1.32593212634877684e+01 3.55090688834658275e-01
1.50000002550877909e+00 1.05000002550354470e+01 2.56658337529845386e-16
2.62526450117436028e+00 1.06252647051974822e+01 2.99503425948730251e-01
3.58146175197883565e+00 1.20453397174856107e+01 3.55090688834672985e-01
4.52304640139813152e+00 1.13230242025071117e+01 3.45808220909240516e-01
5.42444102135467787e+00 1.17713591367766099e+01 3.45808220909240516e-01
2.50000005101232858e+00 9.50000022953190104e+00 1.77635683940025046e-15
3.59957606511223460e+00 1.09359621252833588e+01 3.45808220909232744e-01
4.51499306015174540e+00 1.01800554533234759e+01 3.01941177877689371e-01
5.44148089805127100e+00 1.05682046923486634e+01 3.01941177877689371e-01
3.57634505186315721e+00 9.83094813418306579e+00 3.01941177877689371e-01
4.50343022912044155e+00 9.08074838820878938e+00 3.56072674656005617e-01
5.44070335109715231e+00 9.42934435179288144e+00 3.56072674656005617e-01
3.50000007651587097e+00 8.50000020402835688e+00 8.25000508565445895e-16
5.40377745671594845e+00 8.34868574226830518e+00 3.56072674656005672e-01
4.50000010201941514e+00 7.50000017852481005e+00 -6.33722824762849652e-15
5.40451499230098342e+00 1.44011937690008001e+01 5.03136372827540316e-03
2.49334006767461958e+00 1.75985480473781664e+01 4.75170189582217961e-01
3.34438571830501630e+00 1.57863436175955645e+01 4.73343489009726448e-01
6.34858260410429409e+00 1.10185958064636669e+01 3.01941177877689371e-01
6.36374262835599325e+00 9.81621098248189838e+00 3.56072674656005617e-01
6.34105057869265920e+00 8.69728170585239724e+00 3.56072674656005672e-01
6.37486895421539579e+00 7.64293470855372803e+00 3.56072674656005728e-01
4.50000010201941159e+00 6.50000015302126855e+00 -1.03565781819100818e-16
5.50000012752295930e+00 6.50097005263380900e+00 4.49488295909156952e-15
1.55000003825584116e+01 5.00000000000000333e-01 0.00000000000000000e+00
1.60023129936332040e+01 1.61290375465478109e+00 -6.20487758058442362e-01
1.45000003570548657e+01 5.00000000000000333e-01 0.00000000000000000e+00
1.47682700026555516e+01 1.50000002550354461e+00 -5.71091221610267208e-16
1.53198993629573366e+01 2.52612890715780436e+00 -4.28581039166738786e-01
1.35000003315513215e+01 5.00000000000000333e-01 -8.00631004061523313e-17
1.36296131509558300e+01 1.50000002550354461e+00 -8.00631004060450463e-17
1.40074579479526218e+01 2.61291524165915368e+00 -4.46711816991653354e-01
1.46308051423302921e+01 3.42313241581353678e+00 -4.46711816991653354e-01
1.52400871700976310e+01 4.24008688955340318e+00 -4.46711816991653354e-01
1.25000003060477773e+01 5.00000000000000333e-01 0.00000000000000000e+00
1.25000003060477773e+01 1.50000002550354461e+00 -5.55111512568058763e-17
1.28865399696414187e+01 2.62060446582367623e+00 -4.75023933018528743e-01
1.33317831228462360e+01 3.51611785488027762e+00 -4.75023933018528743e-01
1.39525667030538933e+01 4.32135038519806525e+00 -4.75023933018528743e-01
1.15000002805442332e+01 5.00000000000000333e-01 5.55099302856552127e-17
1.15000002805442332e+01 1.50000002550354461e+00 -3.12515136212356037e-26
1.16696815245183423e+01 2.50000005100708966e+00 -5.78899400787568859e-15
1.21798791994967388e+01 3.53390922980595201e+00 -3.77899787378894680e-01
1.26266808757930704e+01 4.43245298225076034e+00 -3.77899787378894680e-01
1.44070245645052175e+01 5.40702433496809487e+00 1.61970711931638987e-14
1.05000002550406872e+01 1.50000002550354461e+00 -3.20985955235252969e-18
1.05000002550406872e+01 2.50000005100708966e+00 -2.08940854800458071e-25
1.09182269133709955e+01 3.60430779463733897e+00 -4.75023933018538735e-01
1.14716579790733118e+01 4.44417988321290558e+00 -4.75023933018538735e-01
1.32578191060214259e+01 5.25781890198785717e+00 -3.77899787378894680e-01
9.50000022953714307e+00 2.50000005100708966e+00 3.83022792927816969e-17
9.66712585801858637e+00 3.66712570499208068e+00 -4.47513838980874767e-01
1.07948338578479088e+01 5.34429584145000813e+00 -4.47513838980874767e-01
1.19169011322781291e+01 5.33969327226950696e+00 -4.75023933018538735e-01
8.50000020403359713e+00 3.50000007651063560e+00 3.29354864287692158e-17
1.02398700626507217e+01 4.50144354207707131e+00 -4.47513838980874767e-01
9.56126423042028151e+00 5.39809517448709020e+00 -4.75023933018553224e-01
8.99030087361731134e+00 4.56723998488603034e+00 -4.75023933018553224e-01
8.28268644681963728e+00 5.41610613212612968e+00 -6.34639152752726865e-01
7.50452921338493084e+00 4.50000010201418110e+00 -2.21733850385659515e-15
1.54070245900087670e+01 5.40702433496809132e+00 3.05128260102381492e-15
1.66007125786623888e+01 2.41585220502237918e+00 -6.18077868484089077e-01
1.59307922040776777e+01 3.34644620570532103e+00 -4.28581039166738786e-01
1.12398988595131417e+01 6.23989873199018419e+00 -4.47513838980874767e-01
1.01146952961225960e+01 6.23796726306265548e+00 -4.75023933018553224e-01
8.89833539866723378e+00 6.29557142642103074e+00 -4.75023933018553224e-01
7.69908651279046552e+00 6.31009668738093765e+00 -6.34639152752726865e-01
6.65782097597953637e+00 5.50000012751773326e+00 4.91826379234396891e-15
1.79859462324132622e+01 5.00000000000000333e-01 0.00000000000000000e+00
1.85893822989243951e+01 1.50323035615941558e+00 -4.34606785215034097e-01
1.78646514704182060e+01 2.34147671351274544e+00 -5.66280312962983090e-01
1.84070246665194084e+01 3.40702428396101942e+00 -1.27170014045775755e-16
1.84070246665194084e+01 4.40702430946456403e+00 8.53070043575591204e-17
1.84070246665194155e+01 6.40702436047164881e+00 -9.14698444926626250e-15
1.84070246665194048e+01 7.40702438597519297e+00 -1.04489362753356150e-14
1.84070246665194084e+01 8.40702441147873181e+00 -9.12708227680161353e-18
1.84061760572469666e+01 9.40702443698218360e+00 -5.83171751633930690e-14
1.84070246665194368e+01 1.04070244624857278e+01 -5.83329241496520947e-14
1.84070246665194084e+01 1.14070244879892453e+01 -1.09253734339272261e-16
1.84070246665194084e+01 1.24070245134927895e+01 6.04676708247861829e-16
1.84070246665194084e+01 1.34070245389964509e+01 -4.50700358942359138e-17
1.84070246665194084e+01 1.44070245644999968e+01 -4.06059760756666880e-17
1.84070246665194084e+01 1.54070245900035410e+01 -4.04717907071673752e-17
1.84070246665194084e+01 1.64070246155070869e+01 7.75568430043051675e-17
1.84070246665194084e+01 1.74070246410106328e+01 -1.45571085550887917e-16
1.84070246665194084e+01 1.84070246665141752e+01 3.87689237672271774e-17
5.00000000005233147e-01 1.82864375214919974e+01 4.44089209850062616e-16
1.50000002550878264e+00 1.84070246665141752e+01 4.44089209850062616e-16
3.39700994750466734e+00 1.83968467612455555e+01 2.05687904572078306e-02
4.39684640420115969e+00 1.84150826791063125e+01 2.05687904572077820e-02
5.40702433497333246e+00 1.84070246665142108e+01 3.98037863629990832e-17
6.40702436047687662e+00 1.84070246665141823e+01 -1.60097900948583239e-14
7.40702438598042789e+00 1.84070246665141752e+01 -6.06477292365779459e-15
8.40702441148396851e+00 1.84070246665141681e+01 4.16242495629474892e-18
9.40702443698751267e+00 1.84070246665141823e+01 -1.12354754507938403e-14
1.04070244624910657e+01 1.84070246665141610e+01 -2.23283431386000777e-14
1.14070244879946099e+01 1.84070246665142108e+01 -2.22854228129895724e-14
1.24070245134981541e+01 1.84070246665141681e+01 -2.16015485896056054e-14
1.34070245390017142e+01 1.84070246665141539e+01 -3.50960374160903899e-15
1.44070245645052459e+01 1.84070246665141610e+01 -2.75596241343840073e-14
1.54070245900087919e+01 1.84070246665141610e+01 -2.75847856506204572e-14
1.64070246155123201e+01 1.84070246665141681e+01 -4.21919966776732846e-18
1.74070246410158660e+01 1.84070246665141752e+01 -1.48974251206128641e-19
1.94070246920229543e+01 5.00000000000000333e-01 1.02321580028319481e-18
1.94070246920229543e+01 2.40702425845747436e+00 -5.31171148124168542e-17
1.94070246920229543e+01 3.40702428396101942e+00 -8.09288853269139374e-17
1.94070246920229508e+01 4.40702430946456492e+00 2.00412777557074727e-15
1.94070246920229543e+01 5.40702433496810997e+00 1.20817442852238548e-17
1.94070246920229543e+01 6.40702436047165413e+00 3.23805225052422274e-17
1.94070246920229543e+01 7.40702438597519919e+00 3.23818926486710928e-17
1.94070246920229543e+01 8.40702441147874424e+00 3.38926238323120793e-17
1.94066007455390448e+01 9.40702443698221380e+00 1.17720751211651128e-13
1.94070246920229543e+01 1.04070244624858166e+01 3.21784082879808846e-17
1.94070246920229543e+01 1.14070244879893625e+01 3.71611417658262733e-17
1.94070246920229543e+01 1.24070245134929067e+01 1.17677444149956263e-15
1.94070246920229543e+01 1.34070245389964526e+01 -3.41390440037029655e-17
1.94070246920229543e+01 1.44070245644999968e+01 -9.86410006379101808e-18
1.94070246920229543e+01 1.54070245900035410e+01 5.42389126323965653e-17
1.94070246920229543e+01 1.64070246155070869e+01 -1.49620829153910492e-18
1.94070246920229543e+01 1.74070246410106328e+01 -3.50209670869158944e-17
1.94070246920229543e+01 1.84070246665141752e+01 6.55252086534295971e-19
1.94068127185401202e+01 1.94070246920177212e+01 1.43205742811809689e-17
5.00000000005233147e-01 1.93428857859683774e+01 -2.53666112682868556e-26
1.50000002550878264e+00 1.94070246920177212e+01 4.44089209850062616e-16
2.50000005101233214e+00 1.93906447407547837e+01 4.44089209862400401e-16
3.50000007651587808e+00 1.94070246920177141e+01 9.32587340685131494e-15
5.40069811174734582e+00 1.94070246920203360e+01 5.23355466925272439e-12
6.40175121860735530e+00 1.94070246920177283e+01 -1.34459765625916422e-16
7.40203071444736338e+00 1.94070246920177212e+01 -1.90495360139176645e-17
8.40262353511510796e+00 1.94070246920177212e+01 -1.37525251221600569e-18
9.40289781734563590e+00 1.94070246920177212e+01 3.85437737749010789e-15
1.04035349424899799e+01 1.94070246920177141e+01 5.35433448844001608e-15
1.14038988378849346e+01 1.94070246920177354e+01 2.20838741745548960e-14
1.24042604144465365e+01 1.94070246920177212e+01 5.53557377735502457e-15
1.34044737761543651e+01 1.94070246920177070e+01 -2.39318074493350596e-14
1.44046870858939542e+01 1.94070246920177283e+01 2.05704148054223353e-14
1.54049003433741341e+01 1.94070246920177070e+01 -2.76037343964793771e-14
1.64053256003032999e+01 1.94070246920177212e+01 -3.45699278258293934e-15
1.74057507522581716e+01 1.94070246920177212e+01 1.45972056520720840e-15
1.84061758002580014e+01 1.94070246920177212e+01 3.37727338041792188e-17
