# n = 376
# s = 19.920279652318701
# x y theta(rad)
5.00000000000408562e-01 1.65000000000189964e+01 2.83328915884339949e-13
2.46399092368040229e+00 1.74734682643139010e+01 4.70274141647933019e-01
1.66551991494742069e+01 6.55199149464504416e-01 -3.99847600330039299e-01
1.71147487697448533e+01 1.54662172502451156e+00 -3.99847600330039299e-01
6.20729806549348950e-01 1.15000000000066684e+01 -1.77635683940025046e-15
5.00361477171619384e-01 1.05000000000060645e+01 -1.11022302462515654e-15
5.00000673886852098e-01 9.50000000000545874e+00 -4.44089209850062616e-16
1.50049408115657812e+00 9.50000000000545697e+00 -0.00000000000000000e+00
5.00000000000000000e-01 8.50000000000484945e+00 -0.00000000000000000e+00
1.50000000000060396e+00 8.50000000000484945e+00 -0.00000000000000000e+00
2.50000000000121148e+00 8.50000000000484945e+00 -0.00000000000000000e+00
5.00000000000000000e-01 7.50000000000424372e+00 -0.00000000000000000e+00
1.50000000000060396e+00 7.50000000000424549e+00 -0.00000000000000000e+00
2.50000000000121148e+00 7.50000000000424372e+00 -0.00000000000000000e+00
3.50000000000181544e+00 7.50000000000424372e+00 -2.22044604925031308e-16
5.00000000000000000e-01 6.50000000000363620e+00 -0.00000000000000000e+00
1.50000000000060396e+00 6.50000000000363620e+00 -0.00000000000000000e+00
2.50000000000121148e+00 6.50000000000363620e+00 -0.00000000000000000e+00
3.50000000000181544e+00 6.50000000000363443e+00 -0.00000000000000000e+00
4.50000000000242650e+00 6.50548112021808933e+00 -2.22044604925031308e-16
5.00000000000000000e-01 5.50000000000303046e+00 -0.00000000000000000e+00
1.50000000000060396e+00 5.50000000000303046e+00 4.44089209850062616e-16
2.50000000000121503e+00 5.50000000000303046e+00 -2.22044604925031308e-16
3.50000000000181899e+00 5.50000000000303046e+00 -2.22044604925031308e-16
4.50161301100978406e+00 5.50365789692622087e+00 1.54886004115617482e-04
5.00000000000000000e-01 4.50000000000242473e+00 -0.00000000000000000e+00
1.50000000000060396e+00 4.50000000000242473e+00 -0.00000000000000000e+00
2.50000000000121148e+00 4.50000000000242295e+00 -0.00000000000000000e+00
3.50000000000181899e+00 4.50000000000242473e+00 -0.00000000000000000e+00
4.50000000000242650e+00 4.50206919428110197e+00 -2.22044604925031308e-16
5.50000000000303046e+00 4.50214585208954077e+00 -0.00000000000000000e+00
5.00000000000000000e-01 3.50000000000181899e+00 -0.00000000000000000e+00
1.50000000000060396e+00 3.50000000000181899e+00 -0.00000000000000000e+00
2.50000000000121148e+00 3.50000000000181899e+00 -0.00000000000000000e+00
3.50000000000181544e+00 3.50000000000181899e+00 -0.00000000000000000e+00
4.50000000000242650e+00 3.50000000000181899e+00 -0.00000000000000000e+00
5.50000000000303046e+00 3.50163148509066602e+00 -0.00000000000000000e+00
6.50000000000363798e+00 3.50000000000181899e+00 -2.22044604925031308e-16
5.00000000000000000e-01 2.50000000000121148e+00 -0.00000000000000000e+00
1.50000000000060396e+00 2.50000000000121503e+00 -2.22044604925031308e-16
2.50000000000121148e+00 2.50000000000121148e+00 -2.22044604925031308e-16
3.50000000000181544e+00 2.50000000000121148e+00 -2.22044604925031308e-16
4.50000000000242650e+00 2.50000000000121148e+00 -2.22044604925031308e-16
5.50000000000303046e+00 2.50085957278512083e+00 -0.00000000000000000e+00
6.50000000000363798e+00 2.50000000000121148e+00 -2.22044604925031308e-16
7.50000000000424194e+00 2.50000000000121148e+00 -2.22044604925031308e-16
5.00000000000000000e-01 1.50000000000060396e+00 -0.00000000000000000e+00
1.50000000000060396e+00 1.50000000000060396e+00 -0.00000000000000000e+00
2.50000000000121148e+00 1.50000000000060396e+00 -0.00000000000000000e+00
3.50000000000181544e+00 1.50000000000060396e+00 -0.00000000000000000e+00
4.50000000000242473e+00 1.50000000000060396e+00 -0.00000000000000000e+00
5.50000000000303046e+00 1.50041337489779991e+00 -0.00000000000000000e+00
6.50000000000363798e+00 1.50000000000060396e+00 -2.22044604925031308e-16
7.50000000000424194e+00 1.50000000000060396e+00 -2.22044604925031308e-16
8.50000000000485123e+00 1.50000000000060396e+00 -0.00000000000000000e+00
1.04202796523132388e+01 1.74202796523174896e+01 -2.22044604925031308e-16
5.00000000000000000e-01 5.00000000000000000e-01 -0.00000000000000000e+00
1.50000000000060396e+00 5.00000000000000000e-01 -0.00000000000000000e+00
2.50000000000121148e+00 5.00000000000000000e-01 -0.00000000000000000e+00
3.50000000000181544e+00 5.00000000000000000e-01 -0.00000000000000000e+00
4.50000000000242473e+00 5.00000000000000000e-01 -0.00000000000000000e+00
5.50000000000303046e+00 5.00000065016990902e-01 -0.00000000000000000e+00
6.50000000000363620e+00 5.00000000000000000e-01 -0.00000000000000000e+00
7.50000000000424194e+00 5.00000000000000000e-01 -0.00000000000000000e+00
8.50000000000485123e+00 5.00000000000000000e-01 -0.00000000000000000e+00
9.50000000000545342e+00 5.00000000000000000e-01 -2.22044604925031308e-16
1.05000000000060609e+01 5.00000000000000000e-01 -0.00000000000000000e+00
1.15000000000066684e+01 5.00000000000000000e-01 -0.00000000000000000e+00
3.35582327856881690e+00 1.79267966849837244e+01 4.71145938141823706e-01
4.25153631345288474e+00 1.72515363134607647e+01 4.54484552665272545e-01
5.42027965231021014e+00 1.74202796523174896e+01 -2.22044604925031308e-16
6.42027965231081765e+00 1.74202796523174825e+01 -2.22044604925031308e-16
7.42027965231142161e+00 1.74202796523174896e+01 -2.22044604925031308e-16
8.42027965231202735e+00 1.74202796523174896e+01 -4.44089209850062616e-16
9.42027965231263131e+00 1.74202796523174825e+01 -4.44089209850062616e-16
9.50000000000545342e+00 1.50000000000060396e+00 -2.22044604925031308e-16
1.14202796523138463e+01 1.74202796523174896e+01 -2.22044604925031308e-16
1.24202796523144521e+01 1.74202796523174825e+01 -6.66133814775093924e-16
1.34202796523150596e+01 1.74202796523174896e+01 -4.44089209850062616e-16
1.44202796523156671e+01 1.74202796523174896e+01 -2.22044604925031308e-16
1.54202796523162711e+01 1.74202796523174896e+01 -4.44089209850062616e-16
1.64202796523168821e+01 1.74202796523174825e+01 -2.22044604925031308e-16
1.74202796523174861e+01 1.74202796523174825e+01 -4.44089209850062616e-16
4.25600395995257941e+00 1.61127301182373763e+01 4.35558539224082830e-01
5.41585868980109808e+00 1.64202796523168750e+01 -0.00000000000000000e+00
6.41886068363708340e+00 1.64202796523168750e+01 -0.00000000000000000e+00
7.42027947558201006e+00 1.64202796523168750e+01 -0.00000000000000000e+00
8.42027954666874656e+00 1.64202796523168750e+01 -0.00000000000000000e+00
9.42027965231263131e+00 1.64202796523168750e+01 -6.66133814775093924e-16
1.04202796523132388e+01 1.64202796523168750e+01 -6.66133814775093924e-16
1.14202796523138463e+01 1.64202796523168750e+01 -8.88178419700125232e-16
1.24202796523144521e+01 1.64202796523168750e+01 -6.66133814775093924e-16
1.34202796523150596e+01 1.64202796523168786e+01 -6.66133814775093924e-16
1.54202796523162711e+01 1.64202796523168750e+01 -6.66133814775093924e-16
1.44202796523156671e+01 1.64202796523168786e+01 -4.44089209850062616e-16
1.64202796523168821e+01 1.64202796523168750e+01 -4.44089209850062616e-16
1.74202796523174861e+01 1.64202796523168750e+01 -4.44089209850062616e-16
5.42027965231021014e+00 1.54202796523162746e+01 -0.00000000000000000e+00
6.42027965231081765e+00 1.54202796523162711e+01 -2.22044604925031308e-16
7.42027965231142161e+00 1.54202796523162746e+01 -2.22044604925031308e-16
8.42027965231202735e+00 1.54202796523162746e+01 -2.22044604925031308e-16
9.42027965231263309e+00 1.54202796523162746e+01 -6.66133814775093924e-16
1.04202796523132406e+01 1.54202796523162746e+01 -4.44089209850062616e-16
1.14202796523138481e+01 1.54202796523162746e+01 -4.44089209850062616e-16
1.24202796523144521e+01 1.54202796523162711e+01 -2.22044604925031308e-16
1.34202796523150596e+01 1.54202796523162746e+01 -4.44089209850062616e-16
1.44202796523156671e+01 1.54202796523162746e+01 -8.88178419700125232e-16
1.54202796523162711e+01 1.54202796523162746e+01 -1.11022302462515654e-15
1.64202796523168821e+01 1.54202796523162711e+01 -4.44089209850062616e-16
1.74202796523174861e+01 1.54202796523162711e+01 -4.44089209850062616e-16
6.42027965231081765e+00 1.44202796523156671e+01 4.44089209850062616e-16
7.42027965231142161e+00 1.44202796523156671e+01 -2.22044604925031308e-16
8.42027965231202735e+00 1.44202796523156707e+01 -4.44089209850062616e-16
9.42027965231263131e+00 1.44202796523156671e+01 -4.44089209850062616e-16
1.04202796523132388e+01 1.44202796523156707e+01 -4.44089209850062616e-16
1.14202796523138463e+01 1.44202796523156707e+01 -4.44089209850062616e-16
1.24202796523144521e+01 1.44202796523156671e+01 -4.44089209850062616e-16
1.34202796523150596e+01 1.44202796523156707e+01 -6.66133814775093924e-16
1.44202796523156671e+01 1.44202796523156671e+01 -4.44089209850062616e-16
1.54202796523162711e+01 1.44202796523156671e+01 -8.88178419700125232e-16
1.64202796523168821e+01 1.44202796523156671e+01 -4.44089209850062616e-16
1.74202796523174861e+01 1.44202796523156671e+01 -2.22044604925031308e-16
5.68987169456777053e+00 1.33334036940164449e+01 5.58144135679226938e-01
7.37050065071608529e+00 1.34202796523150596e+01 -2.22044604925031308e-16
8.41865377248850244e+00 1.34202796523150596e+01 -0.00000000000000000e+00
9.42027732337019508e+00 1.34202796523150596e+01 -0.00000000000000000e+00
1.04202776376956745e+01 1.34202796523150596e+01 8.88178419700125232e-16
1.14202781456292595e+01 1.34202796523150596e+01 4.44089209850062616e-16
1.24202790021200862e+01 1.34202796523150596e+01 -4.44089209850062616e-16
1.34202796523150596e+01 1.34202796523150631e+01 -8.88178419700125232e-16
1.44202796523156671e+01 1.34202796523150596e+01 -8.88178419700125232e-16
1.54202796523162711e+01 1.34202796523150596e+01 -1.11022302462515654e-15
1.64202796523168821e+01 1.34202796523150596e+01 -4.44089209850062616e-16
1.74202796523174861e+01 1.34202796523150596e+01 -4.44089209850062616e-16
7.41686628499148171e+00 1.24202796523144521e+01 -0.00000000000000000e+00
8.41925338039559712e+00 1.24202796523144521e+01 -0.00000000000000000e+00
9.41949385323394317e+00 1.24202796523144521e+01 4.44089209850062616e-16
1.04197983329202746e+01 1.24202796523144521e+01 -0.00000000000000000e+00
1.14200717039114785e+01 1.24202796523144521e+01 8.88178419700125232e-16
1.24202770838095766e+01 1.24202796523144521e+01 -2.22044604925031308e-16
1.34202793524600850e+01 1.24202796523144521e+01 -1.77635683940025046e-15
1.44202794785444297e+01 1.24202796523144521e+01 -2.22044604925031308e-16
1.54202796523162711e+01 1.24202796523144521e+01 -1.99840144432528177e-15
1.64202796523168750e+01 1.24202796523144521e+01 -1.11022302462515654e-15
1.74202796523174861e+01 1.24202796523144521e+01 -1.55431223447521916e-15
7.41898683502039269e+00 1.14202796523138446e+01 4.44089209850062616e-16
8.42027827321890143e+00 1.14202796523138446e+01 -2.22044604925031308e-16
9.42027846842014505e+00 1.14202796523138446e+01 -0.00000000000000000e+00
1.04202788543794451e+01 1.14202796523138428e+01 -0.00000000000000000e+00
1.14202790716815290e+01 1.14202796523138446e+01 -0.00000000000000000e+00
1.24202792421635948e+01 1.14202796523138446e+01 -2.22044604925031308e-16
1.34202793760797334e+01 1.14202796523138446e+01 -6.66133814775093924e-16
1.44202794825030125e+01 1.14202796523138446e+01 -4.44089209850062616e-16
1.54202795603896803e+01 1.14202796523138446e+01 -1.99840144432528177e-15
1.64202796523168821e+01 1.14202796523138446e+01 -8.88178419700125232e-16
1.74202796523174861e+01 1.14202796523138446e+01 -4.44089209850062616e-16
7.42027965231142161e+00 1.04202796523132388e+01 4.44089209850062616e-16
8.42027965231202735e+00 1.04202796523132388e+01 4.44089209850062616e-16
9.42027965231263131e+00 1.04202796523132406e+01 4.44089209850062616e-16
1.04202796523132406e+01 1.04202796523132406e+01 4.44089209850062616e-16
1.14202796523138481e+01 1.04202796523132406e+01 -2.22044604925031308e-16
1.24202796523144521e+01 1.04202796523132406e+01 -6.66133814775093924e-16
1.34202796523150596e+01 1.04202796523132388e+01 -4.44089209850062616e-16
1.44202796523156671e+01 1.04202796523132406e+01 -6.66133814775093924e-16
1.54202796523162711e+01 1.04202796523132388e+01 -1.11022302462515654e-15
1.64202796523168821e+01 1.04202796523132406e+01 -4.44089209850062616e-16
1.74202796523174861e+01 1.04202796523132406e+01 -1.11022302462515654e-15
7.42027965231141984e+00 9.41664811828749393e+00 -0.00000000000000000e+00
8.42027965231202735e+00 9.42027965231263131e+00 -0.00000000000000000e+00
9.42027965231262954e+00 9.41917285477833666e+00 8.88178419700125232e-16
1.04202796523132388e+01 9.42027965231263309e+00 1.33226762955018785e-15
1.14202796523138481e+01 9.42027965231263309e+00 -2.22044604925031308e-16
1.24202796523144521e+01 9.42027965231263131e+00 -4.44089209850062616e-16
1.34202796523150596e+01 9.42027965231263309e+00 -6.66133814775093924e-16
1.44202796523156671e+01 9.42027965231263309e+00 -1.11022302462515654e-15
1.54202796523162711e+01 9.42027965231263131e+00 -6.66133814775093924e-16
1.64202796523168821e+01 9.42027965231263309e+00 -8.88178419700125232e-16
1.74202796523174861e+01 9.42027965231263131e+00 -1.11022302462515654e-15
8.42027965231202558e+00 8.42027965231202558e+00 -0.00000000000000000e+00
9.42027965231263131e+00 8.41623883052109356e+00 4.44089209850062616e-16
1.04202796523132388e+01 8.42027965231202558e+00 4.44089209850062616e-16
1.14202796523138481e+01 8.42027965231202558e+00 -1.11022302462515654e-15
1.24202796523144521e+01 8.42027965231202558e+00 -6.66133814775093924e-16
1.34202796523150596e+01 8.42027965231202913e+00 -1.11022302462515654e-15
1.44202796523156671e+01 8.42027965231202913e+00 -6.66133814775093924e-16
1.54202796523162746e+01 8.42027965231202558e+00 -8.88178419700125232e-16
1.64202796523168821e+01 8.42027965231202913e+00 -1.11022302462515654e-15
1.74202796523174861e+01 8.42027965231202558e+00 -8.88178419700125232e-16
9.09086820326503187e+00 7.26440527339251219e+00 -4.02394805226838681e-01
1.02650805028487415e+01 7.26508050284692075e+00 -3.99847600330028863e-01
1.14202796523138481e+01 7.42027965231142161e+00 -8.88178419700125232e-16
1.24202796523144521e+01 7.42027965231142161e+00 -1.11022302462515654e-15
1.34202796523150596e+01 7.42027965231142161e+00 -8.88178419700125232e-16
1.44202796523156671e+01 7.42027965231142339e+00 -1.11022302462515654e-15
1.54202796523162711e+01 7.42027965231142161e+00 -1.11022302462515654e-15
1.64202796523168821e+01 7.42027965231141984e+00 -1.11022302462515654e-15
1.74202796523174861e+01 7.42027965231141984e+00 -1.55431223447521916e-15
1.33966547047312314e+01 6.39665470472698594e+00 -4.84419190741103289e-02
1.44202796523156707e+01 6.42027965231081588e+00 -1.55431223447521916e-15
1.54202796523162746e+01 6.42027965231081410e+00 -1.55431223447521916e-15
1.64202796523168821e+01 6.42027965231081232e+00 -1.99840144432528177e-15
1.74202796523174896e+01 6.42027965231081232e+00 -1.99840144432528177e-15
1.52562341352793496e+01 5.28094569066212571e+00 -3.43998860816417507e-01
1.63803749240902583e+01 5.38037492408358453e+00 -8.33801471615123191e-02
1.74202796523174896e+01 5.42027965231020659e+00 -1.99840144432528177e-15
1.59976373972039987e+01 4.34357668223679561e+00 -3.23863063221591752e-01
1.71727771681737416e+01 4.29770130251761273e+00 -3.46113567892672336e-01
1.79012713794178566e+01 3.38549556187687273e+00 -3.99847600330038855e-01
7.22068806693733656e+00 8.22416224730777756e+00 5.81688850655718515e-01
5.53659695803622398e+00 5.53548892816692018e+00 -6.61409706796614039e-02
6.21983895122448516e+00 1.24849311329987103e+01 5.58161593892099406e-01
1.22717466170077358e+01 6.28614893536404118e+00 -3.27076343361549338e-01
7.64119157903304114e+00 6.40885291373266242e+00 -4.02394805226838681e-01
8.03173880364914261e+00 7.32943655047963105e+00 -4.02394805226838681e-01
5.00000000000000000e-01 1.55000000000170353e+01 -0.00000000000000000e+00
1.61648748441859880e+00 1.69115415711898294e+01 4.96264508376494939e-01
5.00000000000000000e-01 1.45000000000151026e+01 -0.00000000000000000e+00
1.66874333885732540e+00 1.57039414528607182e+01 4.54484552665272767e-01
2.51972224025720948e+00 1.62401750696377540e+01 4.54484552665272767e-01
5.00000000000000000e-01 1.35000000000128431e+01 -0.00000000000000000e+00
1.50000000000060396e+00 1.45351981140033857e+01 -0.00000000000000000e+00
2.56034785650273022e+00 1.50161642369121431e+01 4.35558539224082830e-01
3.51422143105653007e+00 1.43626847506259132e+01 5.06627104144447227e-01
4.36151324562497145e+00 1.48967394841823868e+01 5.06627104144447227e-01
5.00000000000000000e-01 1.25000000000097558e+01 8.88178419700125232e-16
1.50000000000060396e+00 1.25000000000072760e+01 8.88178419700125232e-16
1.50000000000060396e+00 1.35000000000078835e+01 -0.00000000000000000e+00
2.66487463210436459e+00 1.38323330998220122e+01 5.06627104144447227e-01
4.38536898433126154e+00 1.36981126636632418e+01 5.58184264842856548e-01
1.83218158701161471e+00 1.15000000000066702e+01 -0.00000000000000000e+00
2.68893256976389594e+00 1.26388187991786634e+01 5.58184264842856770e-01
3.53715077704757874e+00 1.31684657314209499e+01 5.58184264842856548e-01
3.99003168930831720e+00 1.22723130579414956e+01 5.58184264842856770e-01
4.84006115830357331e+00 1.28030909836012654e+01 5.58184264842856770e-01
1.50057901192956322e+00 1.05000000000060645e+01 -0.00000000000000000e+00
2.50256728194218070e+00 1.05000000000060645e+01 1.77635683940025046e-15
3.09553251976639032e+00 1.17137672297891555e+01 5.58184264842855882e-01
4.52012954389783772e+00 1.14243764169291335e+01 5.58184264842856992e-01
5.36977869767097182e+00 1.19549168650283484e+01 5.58184264842856326e-01
2.50082128482710431e+00 9.50000000000545697e+00 8.88178419700125232e-16
3.66847662916732631e+00 1.08925847744616444e+01 5.58184264842856326e-01
4.53219459772884292e+00 1.02529681958839856e+01 5.58184264842855882e-01
5.38063655720643652e+00 1.07827548441357521e+01 5.58184264842855882e-01
3.50000000000181544e+00 8.50000000000484945e+00 -0.00000000000000000e+00
3.69023919978701898e+00 9.71278505447520679e+00 5.58108641776501324e-01
5.39266518201210587e+00 9.58172916423253618e+00 5.06627104144448337e-01
4.54935226211055799e+00 9.04050446075705416e+00 5.06627104144447893e-01
5.40133996901543334e+00 8.36038067085233827e+00 5.82632550960154427e-01
4.50000000000242473e+00 7.50677048237600353e+00 -2.22044604925031308e-16
5.23134708254752745e+00 1.42313470825529826e+01 5.58184264842856326e-01
3.35998131849022386e+00 1.67983486472895862e+01 4.54484552665272545e-01
3.41332817702126690e+00 1.55533757432647768e+01 4.35558539224082830e-01
6.22950712368074022e+00 1.13118983294229558e+01 5.58148697225540946e-01
6.24201198096427134e+00 1.01120808150364354e+01 5.06627104144448337e-01
6.27201536813746507e+00 8.92605520165635724e+00 5.06627104144448559e-01
6.32291580701986433e+00 7.76937023007095107e+00 5.81688850655718737e-01
5.50000000000303046e+00 6.85040911475226189e+00 -2.22044604925031308e-16
1.55000000000090914e+01 5.00000000000000000e-01 -0.00000000000000000e+00
1.59230180126334915e+01 1.55928210943068279e+00 -3.46113567892671448e-01
1.45000000000084839e+01 5.00000000000000000e-01 -0.00000000000000000e+00
1.46449933944823485e+01 1.63312215425681018e+00 -3.23863063221591752e-01
1.63849481370527563e+01 2.45573617498434871e+00 -3.46113567892671448e-01
1.35000000000078799e+01 5.00000000000000000e-01 -0.00000000000000000e+00
1.35194830775919126e+01 1.51948307758463841e+00 -3.97672487216529369e-02
1.51891916095859685e+01 2.50528217891722704e+00 -3.23863063221591974e-01
1.56524121412841737e+01 3.40462497234618056e+00 -3.23863063221591974e-01
1.49150247389352337e+01 4.34094898978765542e+00 -3.43998860816417285e-01
1.25000000000072724e+01 5.00000000000000000e-01 -0.00000000000000000e+00
1.25000000000072724e+01 1.50000000000060396e+00 -2.22044604925031308e-16
1.39101263427882706e+01 2.57648149152878148e+00 -3.43998860816417285e-01
1.44525544026239032e+01 3.44439311275915117e+00 -3.43998860816417285e-01
1.37306398124576248e+01 4.39410936229203131e+00 -3.46113567892678553e-01
1.15000000000066684e+01 1.50000000000060396e+00 -2.22044604925031308e-16
1.16601513889671047e+01 2.63793597252480083e+00 -3.39393406344528303e-01
1.27220192290149292e+01 2.63176838702957028e+00 -3.46113567892678775e-01
1.31885870032124295e+01 3.52654997495336886e+00 -3.46113567892678553e-01
1.30063936559321167e+01 5.34412101010119223e+00 -3.39393406344528525e-01
1.05000000000060609e+01 1.50000000000060396e+00 -2.22044604925031308e-16
1.05360788531268508e+01 2.53607885312199954e+00 -7.50424846159745140e-02
1.09213939285088415e+01 3.57632505595192995e+00 -3.27076343361549560e-01
1.19971787824909839e+01 3.57944091372825923e+00 -3.39393406344528303e-01
1.24640627891962126e+01 4.47509938968521936e+00 -3.39393406344528525e-01
9.50000000000545342e+00 2.50000000000121148e+00 -2.22044604925031308e-16
9.74258940952986308e+00 3.62435015400232174e+00 -3.46113567892676333e-01
1.12612107976304188e+01 4.51702045644112538e+00 -3.27076343361549560e-01
1.17287026649106956e+01 5.41440065107667934e+00 -3.27076343361549560e-01
8.50000000000485123e+00 2.50000000000121148e+00 -0.00000000000000000e+00
8.50000000000485123e+00 3.50000000000181544e+00 -2.22044604925031308e-16
1.01870041965489548e+01 4.52712078319965805e+00 -3.46113567892676333e-01
1.05304848885760656e+01 5.46629131839179827e+00 -3.46113567892675889e-01
7.50000000000424194e+00 3.50000000000181899e+00 -0.00000000000000000e+00
9.01420439341394975e+00 4.53681427518537461e+00 -3.99847600330028641e-01
9.42451081470045970e+00 5.44904769578095305e+00 -3.99847600330028863e-01
6.50000000000363798e+00 4.50000000000242295e+00 -2.22044604925031308e-16
7.50000000000424372e+00 4.50000000000242295e+00 4.44089209850062616e-16
1.41932351437636814e+01 5.29032353400062050e+00 -3.46113567892678331e-01
1.74832624018533629e+01 2.47651734623113029e+00 -3.99847600330039299e-01
1.67345350033314411e+01 3.39270463793555521e+00 -3.46113567892672114e-01
1.09970411203451643e+01 6.36107706886650703e+00 -3.46113567892675889e-01
9.80079197417937742e+00 6.37566065437121132e+00 -3.99847600330028863e-01
8.70032097864893039e+00 6.34382163664554533e+00 -4.02394805226838681e-01
8.29943325312142477e+00 5.41272355735257271e+00 -4.30234268837102585e-01
6.63726950497150270e+00 5.50000000000303046e+00 -2.22044604925031308e-16
6.51982501646998180e+00 6.54359244055032541e+00 -9.14952564132716084e-02
1.78293202792262768e+01 6.70693151692582035e-01 -4.63079052311153649e-01
1.82484779903774559e+01 1.57912853198583747e+00 -4.63079052311153649e-01
1.86173841849354424e+01 2.51265396717663947e+00 -4.63079052311153649e-01
1.84202796523180936e+01 4.42027965230960618e+00 -1.99840144432528177e-15
1.84202796523180936e+01 5.42027965231021192e+00 -1.99840144432528177e-15
1.84202796523180936e+01 6.42027965231081765e+00 -1.77635683940025046e-15
1.84202796523180936e+01 7.42027965231142517e+00 -1.77635683940025046e-15
1.84202796523180901e+01 8.42027965231203268e+00 -1.99840144432528177e-15
1.84202796523180901e+01 9.42027965231263664e+00 -1.99840144432528177e-15
1.84202796523180936e+01 1.04202796523132424e+01 -1.99840144432528177e-15
1.84202796523180901e+01 1.14202796523138463e+01 -1.77635683940025046e-15
1.84202796523180901e+01 1.24202796523144556e+01 -1.77635683940025046e-15
1.84202796523180901e+01 1.34202796523150631e+01 -1.77635683940025046e-15
1.84202796523180901e+01 1.44202796523156707e+01 -1.77635683940025046e-15
1.84202796523180901e+01 1.54202796523162746e+01 -1.55431223447521916e-15
1.84202796523180901e+01 1.64202796523168786e+01 -1.55431223447521916e-15
1.84202796523180901e+01 1.74202796523174896e+01 -1.77635683940025046e-15
1.84202796523180901e+01 1.84202796523180936e+01 -1.77635683940025046e-15
5.00000000000117240e-01 1.76463276247275509e+01 1.33226762955018785e-13
1.56222541689721695e+00 1.81436958660853094e+01 4.70274141647813559e-01
2.45642820442492393e+00 1.85913993832499500e+01 4.70274141647945232e-01
4.42027965226693098e+00 1.84202796523180901e+01 -0.00000000000000000e+00
5.42027965226895425e+00 1.84202796523180936e+01 -2.22044604925031308e-16
6.42027965227246966e+00 1.84202796523180936e+01 -4.44089209850062616e-16
7.42027965227604724e+00 1.84202796523180936e+01 -4.44089209850062616e-16
8.42027965227969055e+00 1.84202796523180936e+01 -4.44089209850062616e-16
9.42027965228340136e+00 1.84202796523180936e+01 -4.44089209850062616e-16
1.04202796522872063e+01 1.84202796523180936e+01 -4.44089209850062616e-16
1.14202796522942869e+01 1.84202796523180936e+01 -4.44089209850062616e-16
1.24202796522987384e+01 1.84202796523180936e+01 -4.44089209850062616e-16
1.34202796523024652e+01 1.84202796523180936e+01 -4.44089209850062616e-16
1.44202796523059966e+01 1.84202796523180936e+01 -4.44089209850062616e-16
1.54202796523096595e+01 1.84202796523180936e+01 -6.66133814775093924e-16
1.64202796523127255e+01 1.84202796523180936e+01 -6.66133814775093924e-16
1.74202796523174861e+01 1.84202796523180901e+01 -8.88178419700125232e-16
1.92758466111271964e+01 5.00000000000000000e-01 -8.88178419700125232e-16
1.94202796523187011e+01 1.50000000000060396e+00 -1.55431223447521916e-15
1.94202796523187011e+01 3.42027965230899866e+00 -1.99840144432528177e-15
1.94202796523187011e+01 4.42027965230960618e+00 -1.99840144432528177e-15
1.94202796523187011e+01 5.42027965231021192e+00 -1.99840144432528177e-15
1.94202796523187011e+01 6.42027965231081765e+00 -1.99840144432528177e-15
1.94202796523187011e+01 7.42027965231142517e+00 -1.99840144432528177e-15
1.94202796523187011e+01 8.42027965231202913e+00 -1.99840144432528177e-15
1.94202796523187011e+01 9.42027965231263664e+00 -1.99840144432528177e-15
1.94202796523187011e+01 1.04202796523132442e+01 -1.99840144432528177e-15
1.94202796523186940e+01 1.14202796523138463e+01 -1.99840144432528177e-15
1.94202796523186940e+01 1.24202796523144556e+01 -1.99840144432528177e-15
1.94202796523187011e+01 1.34202796523150631e+01 -1.99840144432528177e-15
1.94202796523187011e+01 1.44202796523156707e+01 -1.99840144432528177e-15
1.94202796523187011e+01 1.54202796523162746e+01 -1.99840144432528177e-15
1.94202796523187011e+01 1.64202796523168786e+01 -1.99840144432528177e-15
1.94202796523187011e+01 1.74202796523174896e+01 -1.99840144432528177e-15
1.94202796523187011e+01 1.84202796523180936e+01 -1.99840144432528177e-15
1.94202796523157737e+01 1.94202796523186976e+01 -1.99840144432528177e-15
5.00000000000000000e-01 1.93318369251065825e+01 8.88178419700125232e-16
1.50000000000060396e+00 1.94202796523186976e+01 1.33226762955018785e-15
3.24587659321785083e+00 1.92474643073766387e+01 4.70283617042642987e-01
4.41947518287112118e+00 1.94202796523186976e+01 -0.00000000000000000e+00
5.42027965226898800e+00 1.94202796523186976e+01 -2.22044604925031308e-16
6.42027965227252650e+00 1.94202796523186976e+01 -2.22044604925031308e-16
7.42027965227611119e+00 1.94202796523186976e+01 -4.44089209850062616e-16
8.42027965227976338e+00 1.94202796523186976e+01 -4.44089209850062616e-16
9.42027965228348663e+00 1.94202796523186976e+01 -4.44089209850062616e-16
1.04202796522872987e+01 1.94202796523186976e+01 -2.22044604925031308e-16
1.14202796522900805e+01 1.94202796523186976e+01 -4.44089209850062616e-16
1.24202796522919705e+01 1.94202796523186976e+01 -6.66133814775093924e-16
1.34202796522940595e+01 1.94202796523186976e+01 -4.44089209850062616e-16
1.44202796522963688e+01 1.94202796523186976e+01 -4.44089209850062616e-16
1.54202796522989409e+01 1.94202796523186976e+01 -4.44089209850062616e-16
1.64202796523018613e+01 1.94202796523186976e+01 -6.66133814775093924e-16
1.74202796523051973e+01 1.94202796523186976e+01 -1.11022302462515654e-15
1.84202796523093113e+01 1.94202796523186976e+01 -1.55431223447521916e-15
