# n = 377
# s = 19.925720814334461
# x y theta(rad)
5.00000000000000000e-01 1.65195179287343308e+01 0.00000000000000000e+00
1.58390654859824132e+00 1.69805856856961341e+01 4.79816011340458703e-01
1.65350982061675396e+01 5.00000000000000000e-01 0.00000000000000000e+00
1.70090133464107396e+01 1.58093882283478315e+00 -4.91028732436412318e-01
5.00000000000000000e-01 9.50000000000181899e+00 0.00000000000000000e+00
5.00000000000000000e-01 8.50000000000161648e+00 0.00000000000000000e+00
1.50000000000020073e+00 8.50000000000161648e+00 0.00000000000000000e+00
5.00000000000000000e-01 7.50000000000141487e+00 0.00000000000000000e+00
1.50000000000020073e+00 7.50000000000141487e+00 0.00000000000000000e+00
2.50000000000040323e+00 7.50000000000141487e+00 0.00000000000000000e+00
5.00000000000000000e-01 6.50000000000121325e+00 0.00000000000000000e+00
1.50000000000020073e+00 6.50000000000121325e+00 0.00000000000000000e+00
2.50000000000040323e+00 6.50000000000121325e+00 0.00000000000000000e+00
3.50000000000060574e+00 6.50000000000121325e+00 0.00000000000000000e+00
5.00000000000000000e-01 5.50000000000101075e+00 0.00000000000000000e+00
1.50000000000020073e+00 5.50000000000101075e+00 0.00000000000000000e+00
2.50000000000040323e+00 5.50000000000101075e+00 0.00000000000000000e+00
3.50000000000060574e+00 5.50000000000101075e+00 0.00000000000000000e+00
4.50000000000080735e+00 5.50000000000101075e+00 0.00000000000000000e+00
5.50000000000100986e+00 5.51254373550982635e+00 0.00000000000000000e+00
5.00000000000000000e-01 4.50000000000080913e+00 0.00000000000000000e+00
1.50000000000020073e+00 4.50000000000080913e+00 0.00000000000000000e+00
2.50000000000040323e+00 4.50000000000080913e+00 0.00000000000000000e+00
3.50000000000060574e+00 4.50000000000080913e+00 0.00000000000000000e+00
4.50000000000080735e+00 4.50000000000080913e+00 0.00000000000000000e+00
5.50000000000100986e+00 4.51064548135079679e+00 0.00000000000000000e+00
5.00000000000000000e-01 3.50000000000060663e+00 0.00000000000000000e+00
1.50000000000020073e+00 3.50000000000060663e+00 0.00000000000000000e+00
2.50000000000040323e+00 3.50000000000060663e+00 0.00000000000000000e+00
3.50000000000060574e+00 3.50000000000060663e+00 0.00000000000000000e+00
4.50000000000080735e+00 3.50000000000060663e+00 0.00000000000000000e+00
5.50000000000100986e+00 3.50731908552092353e+00 0.00000000000000000e+00
6.50000000000121148e+00 3.50000000000060663e+00 0.00000000000000000e+00
5.00000000000000000e-01 2.50000000000040501e+00 0.00000000000000000e+00
1.50000000000020073e+00 2.50000000000040501e+00 0.00000000000000000e+00
2.50000000000040323e+00 2.50000000000040501e+00 0.00000000000000000e+00
3.50000000000060574e+00 2.50000000000040501e+00 0.00000000000000000e+00
4.50000000000080735e+00 2.50000000000040501e+00 0.00000000000000000e+00
8.50000000000161648e+00 2.50000000000040501e+00 0.00000000000000000e+00
5.50000000000100986e+00 2.50602233534622432e+00 0.00000000000000000e+00
6.50000000000121148e+00 2.50000000000040501e+00 0.00000000000000000e+00
5.00000000000000000e-01 1.50000000000020250e+00 0.00000000000000000e+00
1.50000000000020073e+00 1.50000000000020250e+00 0.00000000000000000e+00
2.50000000000040323e+00 1.50000000000020250e+00 0.00000000000000000e+00
3.50000000000060574e+00 1.50000000000020250e+00 0.00000000000000000e+00
4.50000000000080735e+00 1.50000000000020250e+00 0.00000000000000000e+00
5.50000000000100986e+00 1.50428451518888551e+00 0.00000000000000000e+00
6.50000000000121148e+00 1.50000000000020250e+00 0.00000000000000000e+00
7.50000000000141398e+00 1.50000000000020250e+00 0.00000000000000000e+00
8.50000000000161648e+00 1.50000000000020250e+00 0.00000000000000000e+00
5.00000000000000000e-01 5.00000000000000000e-01 0.00000000000000000e+00
1.50000000000020073e+00 5.00000000000000000e-01 0.00000000000000000e+00
2.50000000000040323e+00 5.00000000000000000e-01 0.00000000000000000e+00
3.50000000000060574e+00 5.00000000000000000e-01 0.00000000000000000e+00
4.50000000000080735e+00 5.00000000000000000e-01 0.00000000000000000e+00
5.50000000000100986e+00 5.00000000000000000e-01 0.00000000000000000e+00
6.50000000000121148e+00 5.00000000000000000e-01 0.00000000000000000e+00
7.50000000000141398e+00 5.00000000000000000e-01 0.00000000000000000e+00
8.50000000000161648e+00 5.00000000000000000e-01 0.00000000000000000e+00
9.50000000000181721e+00 5.00000000000000000e-01 0.00000000000000000e+00
3.34433935760053380e+00 1.79486988048912437e+01 4.97297266083416512e-01
4.26659004614974169e+00 1.72665900461523698e+01 4.14912664222536809e-01
5.42572081433163422e+00 1.74257208143340598e+01 0.00000000000000000e+00
6.42572081433183584e+00 1.74257208143340598e+01 0.00000000000000000e+00
7.42572081433203834e+00 1.74257208143340598e+01 0.00000000000000000e+00
8.42572081433224085e+00 1.74257208143340598e+01 0.00000000000000000e+00
9.42572081433244335e+00 1.74257208143340598e+01 0.00000000000000000e+00
1.04257208143326459e+01 1.74257208143340598e+01 0.00000000000000000e+00
1.14257208143328466e+01 1.74257208143340598e+01 0.00000000000000000e+00
1.24257208143330491e+01 1.74257208143340598e+01 0.00000000000000000e+00
1.34257208143332516e+01 1.74257208143340598e+01 0.00000000000000000e+00
1.44257208143334541e+01 1.74257208143340598e+01 0.00000000000000000e+00
1.54257208143336566e+01 1.74257208143340598e+01 0.00000000000000000e+00
1.64257208143338573e+01 1.74257208143340598e+01 0.00000000000000000e+00
1.74257208143340563e+01 1.74257208143340598e+01 0.00000000000000000e+00
4.30231956684981487e+00 1.61006274260584235e+01 4.14912664222536809e-01
5.42572081433163422e+00 1.64257208143338573e+01 0.00000000000000000e+00
6.42572081433183584e+00 1.64257208143338573e+01 0.00000000000000000e+00
7.42572081433203834e+00 1.64257208143338573e+01 0.00000000000000000e+00
8.42572081433224085e+00 1.64257208143338573e+01 0.00000000000000000e+00
9.42572081433244335e+00 1.64257208143338573e+01 0.00000000000000000e+00
1.04257208143326459e+01 1.64257208143338573e+01 0.00000000000000000e+00
1.14257208143328466e+01 1.64257208143338573e+01 0.00000000000000000e+00
1.24257208143330491e+01 1.64257208143338573e+01 0.00000000000000000e+00
1.34257208143332516e+01 1.64257208143338573e+01 0.00000000000000000e+00
1.44257208143334541e+01 1.64257208143338573e+01 0.00000000000000000e+00
1.54257208143336566e+01 1.64257208143338573e+01 0.00000000000000000e+00
1.64257208143338573e+01 1.64257208143338573e+01 0.00000000000000000e+00
1.74257208143340563e+01 1.64257208143338573e+01 0.00000000000000000e+00
5.35106600559611856e+00 1.53510660055981383e+01 1.63346445439254528e-01
6.42572081433183584e+00 1.54257208143336566e+01 0.00000000000000000e+00
7.42572081433203834e+00 1.54257208143336566e+01 0.00000000000000000e+00
8.42572081433224085e+00 1.54257208143336566e+01 0.00000000000000000e+00
9.42572081433244335e+00 1.54257208143336566e+01 0.00000000000000000e+00
1.04257208143326459e+01 1.54257208143336566e+01 0.00000000000000000e+00
1.14257208143328466e+01 1.54257208143336566e+01 0.00000000000000000e+00
1.24257208143330491e+01 1.54257208143336566e+01 0.00000000000000000e+00
1.34257208143332516e+01 1.54257208143336566e+01 0.00000000000000000e+00
1.44257208143334541e+01 1.54257208143336566e+01 0.00000000000000000e+00
1.54257208143336566e+01 1.54257208143336566e+01 0.00000000000000000e+00
1.64257208143338573e+01 1.54257208143336566e+01 0.00000000000000000e+00
1.74257208143340563e+01 1.54257208143336566e+01 0.00000000000000000e+00
6.42572081433183584e+00 1.44257208143334559e+01 0.00000000000000000e+00
7.42572081433203834e+00 1.44257208143334559e+01 0.00000000000000000e+00
8.42572081433224085e+00 1.44257208143334559e+01 0.00000000000000000e+00
9.42572081433244335e+00 1.44257208143334559e+01 0.00000000000000000e+00
1.04257208143326459e+01 1.44257208143334559e+01 0.00000000000000000e+00
1.14257208143328466e+01 1.44257208143334559e+01 0.00000000000000000e+00
1.24257208143330491e+01 1.44257208143334559e+01 0.00000000000000000e+00
1.34257208143332516e+01 1.44257208143334559e+01 0.00000000000000000e+00
1.44257208143334541e+01 1.44257208143334559e+01 0.00000000000000000e+00
1.54257208143336566e+01 1.44257208143334559e+01 0.00000000000000000e+00
1.64257208143338573e+01 1.44257208143334559e+01 0.00000000000000000e+00
1.74257208143340563e+01 1.44257208143334559e+01 0.00000000000000000e+00
6.42572081433183584e+00 1.34257208143332534e+01 0.00000000000000000e+00
7.42572081433203834e+00 1.34257208143332534e+01 0.00000000000000000e+00
8.42572081433224085e+00 1.34257208143332534e+01 0.00000000000000000e+00
9.42572081433244335e+00 1.34257208143332534e+01 0.00000000000000000e+00
1.04257208143326459e+01 1.34257208143332534e+01 0.00000000000000000e+00
1.14257208143328466e+01 1.34257208143332534e+01 0.00000000000000000e+00
1.24257208143330491e+01 1.34257208143332534e+01 0.00000000000000000e+00
1.34257208143332516e+01 1.34257208143332534e+01 0.00000000000000000e+00
1.44257208143334541e+01 1.34257208143332534e+01 0.00000000000000000e+00
1.54257208143336566e+01 1.34257208143332534e+01 0.00000000000000000e+00
1.64257208143338573e+01 1.34257208143332534e+01 0.00000000000000000e+00
1.74257208143340563e+01 1.34257208143332534e+01 0.00000000000000000e+00
6.27940339285585303e+00 1.22794033928570663e+01 3.67714161449078980e-01
7.42572081433203834e+00 1.24257208143330509e+01 0.00000000000000000e+00
8.42572081433224085e+00 1.24257208143330509e+01 0.00000000000000000e+00
9.42572081433244335e+00 1.24257208143330509e+01 0.00000000000000000e+00
1.04257208143326459e+01 1.24257208143330509e+01 0.00000000000000000e+00
1.14257208143328466e+01 1.24257208143330509e+01 0.00000000000000000e+00
1.24257208143330491e+01 1.24257208143330509e+01 0.00000000000000000e+00
1.34257208143332516e+01 1.24257208143330509e+01 0.00000000000000000e+00
1.44257208143334541e+01 1.24257208143330509e+01 0.00000000000000000e+00
1.54257208143336566e+01 1.24257208143330509e+01 0.00000000000000000e+00
1.64257208143338573e+01 1.24257208143330509e+01 0.00000000000000000e+00
1.74257208143340563e+01 1.24257208143330509e+01 0.00000000000000000e+00
7.42398560629202997e+00 1.14257208143328484e+01 0.00000000000000000e+00
8.42398560629223248e+00 1.14257208143328484e+01 0.00000000000000000e+00
9.42398560629243498e+00 1.14257208143328484e+01 0.00000000000000000e+00
1.04239856062926357e+01 1.14257208143328484e+01 0.00000000000000000e+00
1.14239856062928382e+01 1.14257208143328484e+01 0.00000000000000000e+00
1.24239856062930407e+01 1.14257208143328484e+01 0.00000000000000000e+00
1.34239856062932432e+01 1.14257208143328484e+01 0.00000000000000000e+00
1.44239856062934440e+01 1.14257208143328484e+01 0.00000000000000000e+00
1.54239856062936465e+01 1.14257208143328484e+01 0.00000000000000000e+00
1.64239856062938472e+01 1.14257208143328484e+01 0.00000000000000000e+00
1.74239856062940532e+01 1.14257208143328484e+01 0.00000000000000000e+00
7.42572081433203834e+00 1.04257208143326459e+01 0.00000000000000000e+00
8.42572081433224085e+00 1.04257208143326459e+01 0.00000000000000000e+00
9.42572081433244335e+00 1.04257208143326459e+01 0.00000000000000000e+00
1.04257208143326459e+01 1.04257208143326459e+01 0.00000000000000000e+00
1.14257208143328466e+01 1.04257208143326459e+01 0.00000000000000000e+00
1.24257208143330491e+01 1.04257208143326459e+01 0.00000000000000000e+00
1.34257208143332516e+01 1.04257208143326459e+01 0.00000000000000000e+00
1.44257208143334541e+01 1.04257208143326459e+01 0.00000000000000000e+00
1.54257208143336566e+01 1.04257208143326459e+01 0.00000000000000000e+00
1.64257208143338573e+01 1.04257208143326459e+01 0.00000000000000000e+00
1.74257208143340563e+01 1.04257208143326459e+01 0.00000000000000000e+00
7.17378458140841957e+00 9.24827707105362684e+00 4.94721383962197947e-01
8.35122832468743859e+00 9.42572081433244513e+00 0.00000000000000000e+00
9.35209612443681237e+00 9.42572081433244513e+00 0.00000000000000000e+00
1.03550133414730769e+01 9.42572081433244513e+00 0.00000000000000000e+00
1.13571355557224312e+01 9.42572081433244513e+00 0.00000000000000000e+00
1.23591280676953357e+01 9.42572081433244513e+00 0.00000000000000000e+00
1.33607512178725667e+01 9.42572081433244513e+00 0.00000000000000000e+00
1.43631892274794222e+01 9.42572081433244513e+00 0.00000000000000000e+00
1.53648558204658645e+01 9.42572081433244513e+00 0.00000000000000000e+00
1.63673565861141057e+01 9.42572081433244513e+00 0.00000000000000000e+00
1.73913565649411908e+01 9.42572081433244513e+00 0.00000000000000000e+00
7.24827707105322183e+00 8.15223020272151011e+00 4.94721383962197947e-01
8.42572081433224085e+00 8.42572081433224263e+00 0.00000000000000000e+00
9.42572081433244335e+00 8.42280768821442116e+00 0.00000000000000000e+00
1.04257208143326459e+01 8.42572081433224263e+00 0.00000000000000000e+00
1.14257208143328466e+01 8.42572081433224263e+00 0.00000000000000000e+00
1.24257208143330491e+01 8.42572081433224263e+00 0.00000000000000000e+00
1.34257208143332516e+01 8.42572081433224263e+00 0.00000000000000000e+00
1.44257208143334541e+01 8.42572081433224263e+00 0.00000000000000000e+00
1.54257208143336566e+01 8.42572081433224263e+00 0.00000000000000000e+00
1.64257208143338573e+01 8.39335654341580550e+00 0.00000000000000000e+00
1.74257208143340563e+01 8.42572081433224263e+00 0.00000000000000000e+00
9.18376139855636708e+00 7.27010973850777376e+00 -4.01399622763584485e-01
1.02701097385083777e+01 7.27010973850777376e+00 -4.01399622763584485e-01
1.14257208143328466e+01 7.42572081433204012e+00 0.00000000000000000e+00
1.24257208143330491e+01 7.42572081433204012e+00 0.00000000000000000e+00
1.34257208143332516e+01 7.42572081433204012e+00 0.00000000000000000e+00
1.44257208143334541e+01 7.42572081433204012e+00 0.00000000000000000e+00
1.54257208143336566e+01 7.42572081433204012e+00 0.00000000000000000e+00
1.64257208143338573e+01 7.38849854423317698e+00 0.00000000000000000e+00
1.74257208143340563e+01 7.42572081433204012e+00 0.00000000000000000e+00
1.34257208143332516e+01 6.42572081433183762e+00 0.00000000000000000e+00
1.44257208143334541e+01 6.42572081433183762e+00 0.00000000000000000e+00
1.54257208143336566e+01 6.42572081433183762e+00 0.00000000000000000e+00
1.64257208143338573e+01 6.38625196785070148e+00 0.00000000000000000e+00
1.74257208143340563e+01 6.42572081433183762e+00 0.00000000000000000e+00
1.54257208143336566e+01 5.42572081433163511e+00 0.00000000000000000e+00
1.64257208143338573e+01 5.38428648046240355e+00 0.00000000000000000e+00
1.74257208143340563e+01 5.42572081433163511e+00 0.00000000000000000e+00
1.60810368474045333e+01 4.26659004614974346e+00 -4.14912664222536809e-01
1.72665900461523663e+01 4.26659004614974346e+00 -4.14912664222536809e-01
1.79497370055162193e+01 3.34588812985447603e+00 -4.91028732436412318e-01
1.22891198860506314e+01 6.28911988604941996e+00 -3.35036348934281025e-01
6.50000000000121148e+00 6.50000000000121325e+00 0.00000000000000000e+00
8.06992186487753393e+00 7.23079113836563625e+00 -4.21490798230438501e-01
5.00000000000000000e-01 1.55000000000030305e+01 0.00000000000000000e+00
1.65193047273917948e+00 1.57603255489207008e+01 4.14912664222536809e-01
5.00000000000000000e-01 1.45000000000028297e+01 0.00000000000000000e+00
1.65913076818189076e+00 1.46591307681845198e+01 4.14912664222536809e-01
2.50755810645117982e+00 1.62985683573396365e+01 4.14912664222536809e-01
5.00000000000000000e-01 1.35000000000026272e+01 0.00000000000000000e+00
1.50000000000020073e+00 1.35000000000026272e+01 0.00000000000000000e+00
2.56998409755455182e+00 1.50719986688482059e+01 4.14912664222536809e-01
3.42561173126655305e+00 1.56102414772671398e+01 4.14912664222536809e-01
4.32905714849233192e+00 1.49157516754730590e+01 4.20382777978219713e-01
5.00000000000000000e-01 1.25000000000024247e+01 0.00000000000000000e+00
1.50000000000020073e+00 1.25000000000024247e+01 0.00000000000000000e+00
2.56333951167400809e+00 1.39649821974587489e+01 4.20382777978219713e-01
3.47415325234957173e+00 1.43778324007183240e+01 4.20382777978219713e-01
4.41420621810516511e+00 1.36848970632065825e+01 3.87334010397663353e-01
5.00000000000000000e-01 1.15000000000022240e+01 0.00000000000000000e+00
1.50000000000020073e+00 1.15000000000022240e+01 0.00000000000000000e+00
2.65182030956940462e+00 1.27101762436401113e+01 3.87334010397663353e-01
3.50273697110237947e+00 1.32717538278135851e+01 3.87334010397663353e-01
4.44255340851483460e+00 1.25772985795172101e+01 4.06761385759082217e-01
5.35351343439502969e+00 1.29902224494773115e+01 4.06761385759082217e-01
5.00000000000000000e-01 1.05000000000020215e+01 0.00000000000000000e+00
1.50000000000020073e+00 1.05000000000020215e+01 0.00000000000000000e+00
2.59205830127451708e+00 1.15920583012763370e+01 2.06922186588531898e-01
3.59500608133092836e+00 1.20171724580880355e+01 4.06761385759082217e-01
4.49663921907469355e+00 1.13157156319959142e+01 4.04875017670014603e-01
5.34449846760170466e+00 1.18759761248355087e+01 4.04875017670014603e-01
1.50000000000020073e+00 9.50000000000181899e+00 0.00000000000000000e+00
2.50000000000040323e+00 9.50000000000181899e+00 0.00000000000000000e+00
2.50000000000040323e+00 1.05000000000020215e+01 0.00000000000000000e+00
3.61071111277890466e+00 1.08442865879996901e+01 4.04875017670014603e-01
5.42133380525254260e+00 1.06240351900292858e+01 4.04875017670014603e-01
2.50000000000040323e+00 8.50000000000161648e+00 0.00000000000000000e+00
3.65652776055288786e+00 9.66472594838698384e+00 4.04875017670014603e-01
4.53540569895675283e+00 1.01526061460330634e+01 4.04875017670014603e-01
5.46543037223342854e+00 9.46922179986102641e+00 4.90800172884249597e-01
3.50000000000060574e+00 7.50000000000141487e+00 0.00000000000000000e+00
3.50000000000060574e+00 8.50000000000161648e+00 0.00000000000000000e+00
4.58328262230984684e+00 8.98028503984455817e+00 5.08116996148559541e-01
4.50000000000080735e+00 7.50000000000141487e+00 0.00000000000000000e+00
5.40803577036769934e+00 8.29497397105739154e+00 5.08116996148559541e-01
5.27390050476263372e+00 1.42249577945638741e+01 3.87334010397663353e-01
2.45699522382944213e+00 1.74690883066431049e+01 4.79816011340458703e-01
3.38426594203444253e+00 1.67889543061309183e+01 4.14912664222536809e-01
6.26919305377955283e+00 1.11842956828688820e+01 4.04875017670014603e-01
6.34987959385437506e+00 9.94003977702190333e+00 4.94721383962197947e-01
6.29368355429186188e+00 8.77349061161234900e+00 4.94721383962197947e-01
6.36817604393666326e+00 7.67744374328023227e+00 4.94721383962197947e-01
4.50000000000080735e+00 6.50000000000121325e+00 0.00000000000000000e+00
5.50000000000100986e+00 6.51563418112247916e+00 0.00000000000000000e+00
1.55000000000030305e+01 5.00000000000000000e-01 0.00000000000000000e+00
1.57733740674592884e+01 1.64618280339659329e+00 -4.14912664222536809e-01
1.45000000000028280e+01 5.00000000000000000e-01 0.00000000000000000e+00
1.45249314549011856e+01 1.50000000000020250e+00 0.00000000000000000e+00
1.63232234190969336e+01 2.49669793545299878e+00 -4.14912664222536809e-01
1.35000000000026255e+01 5.00000000000000000e-01 0.00000000000000000e+00
1.35249314549009831e+01 1.50000000000020250e+00 0.00000000000000000e+00
1.50686829028864775e+01 2.52708577514795252e+00 -4.14912664222536809e-01
1.56185322545241210e+01 3.37760090720435802e+00 -4.14912664222536809e-01
1.49604819533805529e+01 4.36199811160771755e+00 -4.22116279991693488e-01
1.25000000000024247e+01 5.00000000000000000e-01 0.00000000000000000e+00
1.25000000000024247e+01 1.50000000000020250e+00 0.00000000000000000e+00
1.38616259073374923e+01 2.65913076818209504e+00 -4.14912664222536809e-01
1.44110951860519840e+01 3.51251297428791975e+00 -4.22116279991693488e-01
1.37167406945141188e+01 4.41607491409353958e+00 -4.14912664222536809e-01
1.15000000000022222e+01 5.00000000000000000e-01 0.00000000000000000e+00
1.15000000000022222e+01 1.50000000000020250e+00 0.00000000000000000e+00
1.16541246033001400e+01 2.62569292202817017e+00 -3.00802573675675755e-01
1.27648593896591578e+01 2.64993338645383858e+00 -4.14912664222536809e-01
1.31569377502922453e+01 3.56994418466305508e+00 -4.14912664222536809e-01
1.30159082048719430e+01 5.35238650626939361e+00 -3.76558850233619569e-01
1.05000000000020197e+01 5.00000000000000000e-01 0.00000000000000000e+00
1.05000000000020197e+01 1.50000000000020250e+00 0.00000000000000000e+00
1.05560120459724960e+01 2.55601204597087950e+00 -1.19431252635052318e-01
1.20609715086376283e+01 3.57930854428042622e+00 -3.76558850233619569e-01
1.24531600786366035e+01 4.49956954285229482e+00 -3.76558850233619569e-01
1.17228505360788962e+01 5.42739808239685573e+00 -3.35036348934281025e-01
9.50000000000181721e+00 1.50000000000020250e+00 0.00000000000000000e+00
9.50000000000181721e+00 2.50000000000040501e+00 0.00000000000000000e+00
9.77578181659060519e+00 3.61879995738330962e+00 -3.60342649627757750e-01
1.09136536393889632e+01 3.59137918842382575e+00 -3.35036348934281025e-01
1.13299427979242591e+01 4.50531837589615058e+00 -3.35036348934281025e-01
7.50000000000141398e+00 2.50000000000040501e+00 0.00000000000000000e+00
8.50000000000161648e+00 3.50000000000060663e+00 0.00000000000000000e+00
1.01863666914504361e+01 4.53272573819282965e+00 -3.60342649627757750e-01
1.06019422518780022e+01 5.44477105813525863e+00 -3.60342649627757750e-01
7.50000000000141398e+00 3.50000000000060663e+00 0.00000000000000000e+00
9.05208248013460803e+00 4.52285862836447894e+00 -4.11769771797903694e-01
9.46192154402263874e+00 5.43507671984237906e+00 -4.11769771797903694e-01
7.50000000000141398e+00 4.50000000000080913e+00 0.00000000000000000e+00
8.34115792342594098e+00 5.39319261925292803e+00 -4.32628940604649626e-01
1.42665900461517641e+01 5.26659004614994508e+00 -4.14912664222536809e-01
1.74705560874079282e+01 2.46812913367660158e+00 -4.91028732436412318e-01
1.67857280119773478e+01 3.38568707439838423e+00 -4.14912664222536809e-01
1.09943572808787753e+01 6.36554312962674818e+00 -3.60342649627757750e-01
9.87664156972929774e+00 6.34516311510957287e+00 -4.11769771797903694e-01
8.75318535305170187e+00 6.31043873800897082e+00 -4.21490798230438501e-01
7.66080063406516132e+00 6.31831110105031257e+00 -4.21490798230438501e-01
6.50000000000121148e+00 4.50000000000080913e+00 0.00000000000000000e+00
6.50420320295933418e+00 5.50000000000101075e+00 0.00000000000000000e+00
1.77654703645197216e+01 5.00100000000003320e-01 -1.00000000000000005e-04
1.81668391250803865e+01 1.62145721846224511e+00 -4.94694980447799582e-01
1.86404828903766600e+01 2.51251525986371416e+00 -5.12804248178483468e-01
1.84257208143342623e+01 4.42572081433143349e+00 0.00000000000000000e+00
1.84257208143342623e+01 5.42572081433163511e+00 0.00000000000000000e+00
1.84257208143342623e+01 6.42572081433183762e+00 0.00000000000000000e+00
1.84257208143342623e+01 7.42572081433204012e+00 0.00000000000000000e+00
1.84257208143342623e+01 8.42572081433224263e+00 0.00000000000000000e+00
1.83947284298290796e+01 9.42572081433244513e+00 0.00000000000000000e+00
1.84257208143342623e+01 1.04257208143326459e+01 0.00000000000000000e+00
1.84239856062942522e+01 1.14257208143328484e+01 0.00000000000000000e+00
1.84257208143342623e+01 1.24257208143330509e+01 0.00000000000000000e+00
1.84257208143342623e+01 1.34257208143332534e+01 0.00000000000000000e+00
1.84257208143342623e+01 1.44257208143334559e+01 0.00000000000000000e+00
1.84257208143342623e+01 1.54257208143336566e+01 0.00000000000000000e+00
1.84257208143342623e+01 1.64257208143338573e+01 0.00000000000000000e+00
1.84257208143342623e+01 1.74257208143340598e+01 0.00000000000000000e+00
1.84257208143342623e+01 1.84257208143342623e+01 0.00000000000000000e+00
6.55953214974552168e-01 1.76776185668657533e+01 3.98199182299648069e-01
1.56075305772466066e+00 1.81540191284137578e+01 4.39185786683598200e-01
2.51413503146496620e+00 1.86358833929352841e+01 4.97297266083416512e-01
4.42572081433143172e+00 1.84257208143342623e+01 0.00000000000000000e+00
5.42572081433163422e+00 1.84257208143342623e+01 0.00000000000000000e+00
6.42572081433183584e+00 1.84257208143342623e+01 0.00000000000000000e+00
7.42572081433203834e+00 1.84257208143342623e+01 0.00000000000000000e+00
8.42572081433224085e+00 1.84257208143342623e+01 0.00000000000000000e+00
9.42572081433244335e+00 1.84257208143342623e+01 0.00000000000000000e+00
1.04257208143326459e+01 1.84257208143342623e+01 0.00000000000000000e+00
1.14257208143328466e+01 1.84257208143342623e+01 0.00000000000000000e+00
1.24257208143330491e+01 1.84257208143342623e+01 0.00000000000000000e+00
1.34257208143332516e+01 1.84257208143342623e+01 0.00000000000000000e+00
1.44257208143334541e+01 1.84257208143342623e+01 0.00000000000000000e+00
1.54257208143336566e+01 1.84257208143342623e+01 0.00000000000000000e+00
1.64257208143338573e+01 1.84257208143342623e+01 0.00000000000000000e+00
1.74257208143340563e+01 1.84257208143342623e+01 0.00000000000000000e+00
1.89032796642685526e+01 5.00000000000000000e-01 0.00000000000000000e+00
1.94257208143344613e+01 1.50000000000020250e+00 0.00000000000000000e+00
1.94257208143344613e+01 3.42572081433123099e+00 0.00000000000000000e+00
1.94257208143344613e+01 4.42572081433143349e+00 0.00000000000000000e+00
1.94257208143344613e+01 5.42572081433163511e+00 0.00000000000000000e+00
1.94257208143344613e+01 6.42572081433183762e+00 0.00000000000000000e+00
1.94257208143344613e+01 7.42572081433204012e+00 0.00000000000000000e+00
1.94257208143344613e+01 8.42572081433224263e+00 0.00000000000000000e+00
1.93978595842578088e+01 9.42572081433244513e+00 0.00000000000000000e+00
1.94257208143344613e+01 1.04257208143326459e+01 0.00000000000000000e+00
1.94239856062944583e+01 1.14257208143328484e+01 0.00000000000000000e+00
1.94257208143344613e+01 1.24257208143330509e+01 0.00000000000000000e+00
1.94257208143344613e+01 1.34257208143332534e+01 0.00000000000000000e+00
1.94257208143344613e+01 1.44257208143334559e+01 0.00000000000000000e+00
1.94257208143344613e+01 1.54257208143336566e+01 0.00000000000000000e+00
1.94257208143344613e+01 1.64257208143338573e+01 0.00000000000000000e+00
1.94257208143344613e+01 1.74257208143340598e+01 0.00000000000000000e+00
1.94257208143344613e+01 1.84257208143342623e+01 0.00000000000000000e+00
1.94257208143344613e+01 1.94257208143344613e+01 0.00000000000000000e+00
5.00000000000000000e-01 1.89472162882609467e+01 0.00000000000000000e+00
1.50000000000020073e+00 1.94257208143344613e+01 0.00000000000000000e+00
3.42572081433123010e+00 1.94257208143344613e+01 0.00000000000000000e+00
4.42572081433143172e+00 1.94257208143344613e+01 0.00000000000000000e+00
5.42572081433163422e+00 1.94257208143344613e+01 0.00000000000000000e+00
6.42572081433183584e+00 1.94257208143344613e+01 0.00000000000000000e+00
7.42572081433203834e+00 1.94257208143344613e+01 0.00000000000000000e+00
8.42572081433224085e+00 1.94257208143344613e+01 0.00000000000000000e+00
9.42572081433244335e+00 1.94257208143344613e+01 0.00000000000000000e+00
1.04257208143326459e+01 1.94257208143344613e+01 0.00000000000000000e+00
1.14257208143328466e+01 1.94257208143344613e+01 0.00000000000000000e+00
1.24257208143330491e+01 1.94257208143344613e+01 0.00000000000000000e+00
1.34257208143332516e+01 1.94257208143344613e+01 0.00000000000000000e+00
1.44257208143334541e+01 1.94257208143344613e+01 0.00000000000000000e+00
1.54257208143336566e+01 1.94257208143344613e+01 0.00000000000000000e+00
1.64257208143338573e+01 1.94257208143344613e+01 0.00000000000000000e+00
1.74257208143340563e+01 1.94257208143344613e+01 0.00000000000000000e+00
1.84257208143342623e+01 1.94257208143344613e+01 0.00000000000000000e+00
