# n = 378
# s = 19.946461040109924
# x y theta(rad)
6.28386903436839006e-01 1.66754892460419910e+01 3.09045495621884880e-01
1.58101121925726140e+00 1.69796387370954598e+01 3.09045495621884880e-01
1.66379447262596898e+01 6.11222981177748537e-01 -2.58557336477750477e-01
1.68909318837014695e+01 1.57869664595529002e+00 -2.58557336477750477e-01
5.00000000000000000e-01 9.50000000000182254e+00 0.00000000000000000e+00
5.00000000000000000e-01 8.50000000000162004e+00 0.00000000000000000e+00
1.50000000000020250e+00 8.50000000000162004e+00 0.00000000000000000e+00
5.00002187935166376e-01 7.50000000000141753e+00 0.00000000000000000e+00
1.50030543976853892e+00 7.50000000000141753e+00 0.00000000000000000e+00
2.50071123461215805e+00 7.50000000000141753e+00 0.00000000000000000e+00
5.00000000000000000e-01 6.50000000000121503e+00 0.00000000000000000e+00
1.50000000000020250e+00 6.50000000000121503e+00 0.00000000000000000e+00
2.50000000000040412e+00 6.50000000000121503e+00 0.00000000000000000e+00
3.50000000000060663e+00 6.50000000000121503e+00 0.00000000000000000e+00
5.00014696987680196e-01 5.50000000000101341e+00 0.00000000000000000e+00
1.50021674411248540e+00 5.50000000000101341e+00 0.00000000000000000e+00
2.50059731528621310e+00 5.50000000000101341e+00 0.00000000000000000e+00
3.50093507799791936e+00 5.50000000000101341e+00 0.00000000000000000e+00
4.50124398079404742e+00 5.50000000000101341e+00 0.00000000000000000e+00
5.00000000000000000e-01 4.50000000000081091e+00 0.00000000000000000e+00
1.50000000000020250e+00 4.50000000000081091e+00 0.00000000000000000e+00
2.50000000000040412e+00 4.50000000000081091e+00 0.00000000000000000e+00
3.50000000000060663e+00 4.50000000000081091e+00 0.00000000000000000e+00
4.50000000000080913e+00 4.50000000000081091e+00 0.00000000000000000e+00
5.00000000000000000e-01 3.50000000000060840e+00 0.00000000000000000e+00
1.50000000000020250e+00 3.50000000000060840e+00 0.00000000000000000e+00
2.50000000000040412e+00 3.50000000000060840e+00 0.00000000000000000e+00
3.50000000000060663e+00 3.50000000000060840e+00 0.00000000000000000e+00
4.50000000000080913e+00 3.50000000000060840e+00 0.00000000000000000e+00
5.50000000000101164e+00 3.50000000000060840e+00 0.00000000000000000e+00
5.00000000000000000e-01 2.50000000000040590e+00 0.00000000000000000e+00
1.50000000000020250e+00 2.50000000000040590e+00 0.00000000000000000e+00
2.50000000000040412e+00 2.50000000000040590e+00 0.00000000000000000e+00
3.50000000000060663e+00 2.50000000000040590e+00 0.00000000000000000e+00
4.50000000000080913e+00 2.50000000000040590e+00 0.00000000000000000e+00
5.50000000000101164e+00 2.50000000000040590e+00 0.00000000000000000e+00
6.50000000000121503e+00 2.50000000000040590e+00 0.00000000000000000e+00
5.00000000000000000e-01 1.50000000000020250e+00 0.00000000000000000e+00
1.50000000000020250e+00 1.50000000000020250e+00 0.00000000000000000e+00
2.50000000000040412e+00 1.50000000000020250e+00 0.00000000000000000e+00
3.50000000000060663e+00 1.50000000000020250e+00 0.00000000000000000e+00
4.50000000000080913e+00 1.50000000000020250e+00 0.00000000000000000e+00
5.50000000000101164e+00 1.50000000000020250e+00 0.00000000000000000e+00
6.50000000000121503e+00 1.50000000000020250e+00 0.00000000000000000e+00
7.50000000000141753e+00 1.50000000000020250e+00 0.00000000000000000e+00
5.00000000000000000e-01 5.00000000000000000e-01 0.00000000000000000e+00
1.50000000000020250e+00 5.00000000000000000e-01 0.00000000000000000e+00
2.50000000000040412e+00 5.00000000000000000e-01 0.00000000000000000e+00
3.50000000000060663e+00 5.00000000000000000e-01 0.00000000000000000e+00
4.50000000000080913e+00 5.00000000000000000e-01 0.00000000000000000e+00
5.50000000000101164e+00 5.00000000000000000e-01 0.00000000000000000e+00
6.50000000000121503e+00 5.00000000000000000e-01 0.00000000000000000e+00
7.50000000000141753e+00 5.00000000000000000e-01 0.00000000000000000e+00
8.50000000000162004e+00 5.00000000000000000e-01 0.00000000000000000e+00
9.50000000000182254e+00 5.00000000000000000e-01 0.00000000000000000e+00
2.53856701529963757e+00 1.72683423763207600e+01 3.09045495621884880e-01
3.50634446340975980e+00 1.75250308565731991e+01 3.09045495621884880e-01
5.44646104010708676e+00 1.84464610401097211e+01 0.00000000000000000e+00
6.44646104010728926e+00 1.74464610401095186e+01 0.00000000000000000e+00
7.44646104010749177e+00 1.74464610401095186e+01 0.00000000000000000e+00
8.44646104010769605e+00 1.74464610401095186e+01 0.00000000000000000e+00
9.44646104010789855e+00 1.74464610401095186e+01 0.00000000000000000e+00
1.04464610401081011e+01 1.74464610401095186e+01 0.00000000000000000e+00
1.14464610401083036e+01 1.74464610401095186e+01 0.00000000000000000e+00
1.24464610401085043e+01 1.74464610401095186e+01 0.00000000000000000e+00
1.34464610401087068e+01 1.74394371807367392e+01 0.00000000000000000e+00
1.44464610401089093e+01 1.74464610401095186e+01 0.00000000000000000e+00
1.54464610401091118e+01 1.74464610401095186e+01 0.00000000000000000e+00
1.64464610401093125e+01 1.74464610401095186e+01 0.00000000000000000e+00
1.74464610401095186e+01 1.74464610401095186e+01 0.00000000000000000e+00
4.44732942546972332e+00 1.67492184366990280e+01 2.57160762791911635e-01
5.38646385875419753e+00 1.71099545236434878e+01 2.57160762791911635e-01
6.33886592481505318e+00 1.63219302760152765e+01 2.48441219757257220e-01
7.44646104010749177e+00 1.64464610401093161e+01 0.00000000000000000e+00
8.44646104010769605e+00 1.64464610401093161e+01 0.00000000000000000e+00
9.44646104010789855e+00 1.64464610401093161e+01 0.00000000000000000e+00
1.04464610401081011e+01 1.64464610401093161e+01 0.00000000000000000e+00
1.14464610401083036e+01 1.64464610401093161e+01 0.00000000000000000e+00
1.24464610401085043e+01 1.64464610401093161e+01 0.00000000000000000e+00
1.34464610401087068e+01 1.64390796175245733e+01 0.00000000000000000e+00
1.44464610401089093e+01 1.64464610401093161e+01 0.00000000000000000e+00
1.54464610401091118e+01 1.64464610401093161e+01 0.00000000000000000e+00
1.64464610401093125e+01 1.64464610401093161e+01 0.00000000000000000e+00
1.74464610401095186e+01 1.64464610401093161e+01 0.00000000000000000e+00
5.39876693905517424e+00 1.59609405275255103e+01 2.48441219757257220e-01
6.36974436333302307e+00 1.51771673467869341e+01 2.54655358778558327e-01
7.44646104010749177e+00 1.54464610401091136e+01 0.00000000000000000e+00
8.44646104010769605e+00 1.54464610401091136e+01 0.00000000000000000e+00
9.44646104010789855e+00 1.54464610401091136e+01 0.00000000000000000e+00
1.04464610401081011e+01 1.54464610401091136e+01 0.00000000000000000e+00
1.14464610401083036e+01 1.54464610401091136e+01 0.00000000000000000e+00
1.24464610401085043e+01 1.54464610401091136e+01 0.00000000000000000e+00
1.34464610401087068e+01 1.54388293428003180e+01 0.00000000000000000e+00
1.44464610401089093e+01 1.54464610401091136e+01 0.00000000000000000e+00
1.54464610401091118e+01 1.54464610401091136e+01 0.00000000000000000e+00
1.64464610401093125e+01 1.54464610401091136e+01 0.00000000000000000e+00
1.74464610401095186e+01 1.54464610401091136e+01 0.00000000000000000e+00
6.36293037534384354e+00 1.41026608130464943e+01 2.54655358778558327e-01
7.36544040862430904e+00 1.43654404086257266e+01 1.78966987635976238e-01
8.44646104010769605e+00 1.44464610401089111e+01 0.00000000000000000e+00
9.44646104010789855e+00 1.44464610401089111e+01 0.00000000000000000e+00
1.04464610401081011e+01 1.44464610401089111e+01 0.00000000000000000e+00
1.14464610401083036e+01 1.44464610401089111e+01 0.00000000000000000e+00
1.24464610401085043e+01 1.44464610401089111e+01 0.00000000000000000e+00
1.34464610401087068e+01 1.44385416514440053e+01 0.00000000000000000e+00
1.44464610401089093e+01 1.44464610401089111e+01 0.00000000000000000e+00
1.54464610401091118e+01 1.44464610401089111e+01 0.00000000000000000e+00
1.64464610401093125e+01 1.44464610401089111e+01 0.00000000000000000e+00
1.74464610401095186e+01 1.44464610401089111e+01 0.00000000000000000e+00
6.36730290308263314e+00 1.30646404989190792e+01 2.52586973890353228e-01
7.34261377854952535e+00 1.33159066625993336e+01 2.38167959160392656e-01
8.44646104010769605e+00 1.34464610401087086e+01 0.00000000000000000e+00
9.44646104010789855e+00 1.34464610401087086e+01 0.00000000000000000e+00
1.04464610401081011e+01 1.34464610401087086e+01 0.00000000000000000e+00
1.14464610401083036e+01 1.34464610401087086e+01 0.00000000000000000e+00
1.24464610401085043e+01 1.34464610401087086e+01 0.00000000000000000e+00
1.34464610401087068e+01 1.34383687333321351e+01 0.00000000000000000e+00
1.44464610401089093e+01 1.34464610401087086e+01 0.00000000000000000e+00
1.54464610401091118e+01 1.34464610401087086e+01 0.00000000000000000e+00
1.64464610401093125e+01 1.34464610401087086e+01 0.00000000000000000e+00
1.74464610401095186e+01 1.34464610401087086e+01 0.00000000000000000e+00
7.34539901267268380e+00 1.22822280206308427e+01 2.48535650472038183e-01
8.44646104010769605e+00 1.24464610401085061e+01 0.00000000000000000e+00
9.44646104010789855e+00 1.24464610401085061e+01 0.00000000000000000e+00
1.04464610401081011e+01 1.24464610401085061e+01 0.00000000000000000e+00
1.14464610401083036e+01 1.24464610401085061e+01 0.00000000000000000e+00
1.24464610401085043e+01 1.24464610401085061e+01 0.00000000000000000e+00
1.34464610401087068e+01 1.24381747858621665e+01 0.00000000000000000e+00
1.44464610401089093e+01 1.24464610401085061e+01 0.00000000000000000e+00
1.54464610401091118e+01 1.24464610401085061e+01 0.00000000000000000e+00
1.64464610401093125e+01 1.24464610401085061e+01 0.00000000000000000e+00
1.74464610401095186e+01 1.24464610401085061e+01 0.00000000000000000e+00
1.50000000000020250e+00 9.50000000000182254e+00 0.00000000000000000e+00
8.44646104010769605e+00 1.14189169683588148e+01 0.00000000000000000e+00
9.44646104010789855e+00 1.14464610401083036e+01 0.00000000000000000e+00
1.04464610401081011e+01 1.14464610401083036e+01 0.00000000000000000e+00
1.14464610401083036e+01 1.14464610401083036e+01 0.00000000000000000e+00
1.24464610401085043e+01 1.14464610401083036e+01 0.00000000000000000e+00
1.34464610401087068e+01 1.14379341245657002e+01 0.00000000000000000e+00
1.44464610401089093e+01 1.14464610401083036e+01 0.00000000000000000e+00
1.54464610401091118e+01 1.14464610401083036e+01 0.00000000000000000e+00
1.64464610401093125e+01 1.14464610401083036e+01 0.00000000000000000e+00
1.74464610401095186e+01 1.14464610401083036e+01 0.00000000000000000e+00
7.32585114875981702e+00 1.01623850500663941e+01 3.25734975279554695e-01
8.44641700928107575e+00 1.03876824240917678e+01 -8.80655311238177284e-05
9.44646104010789855e+00 1.04464610401081011e+01 0.00000000000000000e+00
1.14464610401083036e+01 1.04464610401081011e+01 0.00000000000000000e+00
1.24464610401085043e+01 1.04464610401081011e+01 0.00000000000000000e+00
1.34464610401087068e+01 1.04377832603263148e+01 0.00000000000000000e+00
1.44464610401089093e+01 1.04464610401081011e+01 0.00000000000000000e+00
1.04464610401081011e+01 1.04464610401081011e+01 0.00000000000000000e+00
1.54464610401091118e+01 1.04464610401081011e+01 0.00000000000000000e+00
1.64464610401093125e+01 1.04464610401081011e+01 0.00000000000000000e+00
1.74464610401095186e+01 1.04464610401081011e+01 0.00000000000000000e+00
7.12865773232572941e+00 8.98764814988615868e+00 4.30000032487542150e-01
8.35314331512755359e+00 9.29480967294015059e+00 -2.09141614804252446e-01
9.44570327121382114e+00 9.44570327121382114e+00 -1.51668854148463640e-03
1.04464610401081011e+01 9.44646104010789855e+00 0.00000000000000000e+00
1.14464610401083036e+01 9.44646104010789855e+00 0.00000000000000000e+00
1.24464610401085043e+01 9.44646104010789855e+00 0.00000000000000000e+00
1.34464610401087068e+01 9.43757320982146375e+00 0.00000000000000000e+00
1.44464610401089093e+01 9.44646104010789855e+00 0.00000000000000000e+00
1.54464610401091118e+01 9.44646104010789855e+00 0.00000000000000000e+00
1.64464610401093125e+01 9.44646104010789855e+00 0.00000000000000000e+00
1.74464610401095186e+01 9.44646104010789855e+00 0.00000000000000000e+00
6.93123119425243850e+00 7.68392969635062073e+00 -3.08023682839743851e-01
8.16530953354538447e+00 8.26443736453970956e+00 -3.08023682839743851e-01
9.22592959915882282e+00 8.29973555079691749e+00 -3.08023682839743851e-01
1.03018053845079969e+01 8.33601021618282090e+00 -2.57160762791911635e-01
1.13357351882788624e+01 8.33573518827825666e+00 -2.57160762791911635e-01
1.24464610401085043e+01 8.44646104010769605e+00 0.00000000000000000e+00
1.34464610401087068e+01 8.43737009925673931e+00 0.00000000000000000e+00
1.44464610401089093e+01 8.44646104010769605e+00 0.00000000000000000e+00
1.54464610401091118e+01 8.44646104010769605e+00 0.00000000000000000e+00
1.64464610401093125e+01 8.44646104010769605e+00 0.00000000000000000e+00
1.74464610401095186e+01 8.44646104010769605e+00 0.00000000000000000e+00
8.92275367041989043e+00 7.34680094851106702e+00 -3.08023682839743851e-01
9.97754724385554681e+00 7.36378545785714422e+00 -3.08023682839743851e-01
1.10813994792805754e+01 7.36861919361745699e+00 -2.57160762791911635e-01
1.21194385473873005e+01 7.38396971542886682e+00 -2.57160762791911635e-01
1.32835876308362550e+01 7.34863869233591593e+00 -2.22006192111082273e-01
1.43529115634558089e+01 7.35291156345439223e+00 -2.10790712878348441e-01
1.54464610401091118e+01 7.44646104010749355e+00 0.00000000000000000e+00
1.64464610401093125e+01 7.44646104010749355e+00 0.00000000000000000e+00
1.74464610401095186e+01 7.44646104010749355e+00 0.00000000000000000e+00
1.26598283071488229e+01 5.43911833026217195e+00 -2.22006192111082273e-01
1.29143212567243726e+01 6.40683223497610221e+00 -2.22006192111082273e-01
1.40969545130069651e+01 6.38504325724185229e+00 -2.10790712878348441e-01
1.51619831031629690e+01 6.38196898196971407e+00 -2.31453993492239329e-01
1.63357351882798767e+01 6.33573518827784987e+00 -2.57160762791911635e-01
1.74464610401095186e+01 6.44646104010729104e+00 0.00000000000000000e+00
1.49062035510171143e+01 5.41485381610332617e+00 -2.31453993492239329e-01
1.59515868345620522e+01 5.40275779872125828e+00 -2.57160762791911635e-01
1.71190294950457726e+01 5.38362906576026656e+00 -2.58557336477750477e-01
1.67349288221849193e+01 4.45083195951435329e+00 -2.58557336477750477e-01
1.78922972611341535e+01 4.43858643208789427e+00 -3.11822326646979786e-01
1.75133049545530355e+01 3.48285913794857382e+00 -2.58557336477750477e-01
6.36991769794064844e+00 1.19828311220352592e+01 2.90139580393650898e-01
6.62805526551350432e+00 6.73099509406477026e+00 -3.08023682839743851e-01
7.86213360480645118e+00 7.31150276225386087e+00 -3.08023682839743851e-01
5.50161553241705903e+00 5.50000000000101341e+00 0.00000000000000000e+00
6.10725851829439392e-01 1.56107258518324787e+01 2.57160762791911635e-01
1.56878765030521272e+00 1.58994903006401440e+01 2.57160762791911635e-01
5.00000000000000000e-01 1.45000000000028351e+01 0.00000000000000000e+00
1.56095990304282850e+00 1.48221314517133624e+01 2.48441219757257220e-01
2.51935867829296445e+00 1.51109845199082535e+01 2.48441219757257220e-01
5.00000000000000000e-01 1.35000000000026326e+01 0.00000000000000000e+00
1.60983103469247446e+00 1.36147438949296244e+01 2.54655358778558327e-01
2.53282569806247704e+00 1.40385895198706194e+01 2.54655358778558327e-01
3.47374138292669166e+00 1.54156686992889718e+01 2.48441219757257220e-01
4.44037598474887663e+00 1.56720566296357955e+01 2.48441219757257220e-01
5.00000000000000000e-01 1.25000000000024301e+01 0.00000000000000000e+00
1.50000000000020250e+00 1.25000000000024301e+01 0.00000000000000000e+00
2.56115996473254715e+00 1.28290566935630643e+01 2.54655358778558327e-01
3.49097662830863964e+00 1.43273780723393500e+01 2.54655358778558327e-01
4.44501326882585612e+00 1.46319721688964641e+01 2.54655358778558327e-01
5.00000000000000000e-01 1.15000000000022276e+01 0.00000000000000000e+00
1.50000000000020250e+00 1.15000000000022276e+01 0.00000000000000000e+00
2.60908941619095280e+00 1.16199673195775208e+01 2.52586973890353228e-01
3.48415462810254972e+00 1.32529023185040629e+01 2.54655358778558327e-01
4.44230555834871144e+00 1.35416908709727934e+01 2.54655358778558327e-01
5.39634219886592792e+00 1.38462849675299076e+01 2.54655358778558327e-01
5.00000000000000000e-01 1.05000000000020250e+01 0.00000000000000000e+00
1.50000000000020250e+00 1.05000000000020250e+01 0.00000000000000000e+00
2.50000000000040412e+00 1.05000000000020250e+01 0.00000000000000000e+00
3.53157359049340780e+00 1.20472698167403305e+01 2.52586973890353228e-01
4.45492594962104960e+00 1.24712085522995721e+01 2.52586973890353228e-01
5.41315522521873316e+00 1.27600174985917150e+01 2.52586973890353228e-01
2.50000000000040412e+00 9.50000000000182254e+00 0.00000000000000000e+00
3.57302340285592024e+00 1.08492280638484715e+01 3.09104689568176383e-01
4.48717019730401123e+00 1.12738680970438523e+01 3.09104689568176383e-01
5.40237211386396154e+00 1.16952040653027982e+01 3.09104689568176383e-01
6.37455918802279875e+00 1.09405977521844520e+01 2.90139580393650898e-01
2.50000000000040412e+00 8.50000000000162004e+00 0.00000000000000000e+00
3.50000000000060663e+00 9.50000000000182254e+00 0.00000000000000000e+00
4.49761266323838615e+00 1.01077762812687144e+01 4.03165442133139484e-01
5.40490333088505359e+00 1.05294919740623509e+01 4.03165442133139484e-01
3.50000000000060663e+00 8.50000000000162004e+00 0.00000000000000000e+00
4.66358654374182535e+00 8.66358654374263715e+00 4.32726025397457970e-01
5.41788369962694194e+00 9.41530138722314192e+00 4.32726025397457970e-01
3.51232061783220395e+00 7.50000000000141753e+00 0.00000000000000000e+00
4.52018535236738117e+00 7.50000000000141753e+00 0.00000000000000000e+00
5.41160144530377174e+00 1.48883480144130544e+01 2.54655358778558327e-01
2.52269565044186717e+00 1.62040496404923111e+01 2.57160762791911635e-01
3.48927571615040133e+00 1.64604232287320791e+01 2.57160762791911635e-01
7.33286629207019214e+00 1.12263382364289868e+01 2.90139580393650898e-01
6.34596362388472635e+00 9.83789820241385016e+00 3.92402588196200719e-01
6.17518887673093708e+00 8.66358654374263715e+00 4.32726025397457970e-01
5.52162658504947146e+00 7.50000000000141753e+00 0.00000000000000000e+00
4.50000000000080913e+00 6.50000000000121503e+00 0.00000000000000000e+00
5.50000000000101164e+00 6.50000000000121503e+00 0.00000000000000000e+00
1.55665635007397913e+01 5.66563500736755543e-01 -1.43969564096341734e-01
1.58568696420552673e+01 1.57990961444346212e+00 -2.58557336477750477e-01
1.45000000000028333e+01 5.00000000000000000e-01 0.00000000000000000e+00
1.47450562848038604e+01 1.58404709846436198e+00 -2.57160762791911635e-01
1.61121784236320735e+01 2.54676926216144128e+00 -2.58557336477750477e-01
1.35000000000026326e+01 5.00024920273833828e-01 0.00000000000000000e+00
1.36498417644931251e+01 1.60136343736480669e+00 -2.31453993492239329e-01
1.50734859068501414e+01 2.53167760429904654e+00 -2.57160762791911635e-01
1.53278245886529927e+01 3.49879281716080293e+00 -2.57160762791911635e-01
1.56959004759363587e+01 4.43599700284994469e+00 -2.57160762791911635e-01
1.25000000000024301e+01 5.00000000000000000e-01 0.00000000000000000e+00
1.25935494766555305e+01 1.59354947665330471e+00 -2.10790712878348441e-01
1.28387467051639295e+01 2.56372005355896704e+00 -2.10790712878348441e-01
1.39538370335648434e+01 2.55711523918432704e+00 -2.31453993492239329e-01
1.42828517354410529e+01 3.50697052133494402e+00 -2.31453993492239329e-01
1.15000000000022276e+01 5.00000000000000000e-01 0.00000000000000000e+00
1.15000000000022276e+01 1.50000000000020250e+00 0.00000000000000000e+00
1.17375958611262465e+01 2.57181157077853850e+00 -2.22006192111082273e-01
1.31431543103425987e+01 3.52122143243409713e+00 -2.10790712878348441e-01
1.34727032071102091e+01 4.47334334879275897e+00 -2.10790712878348441e-01
1.37272968594796918e+01 5.44150338022701163e+00 -2.10790712878348441e-01
1.05000000000020250e+01 5.00000000000000000e-01 0.00000000000000000e+00
1.05000000000020250e+01 1.50000000000020250e+00 0.00000000000000000e+00
1.06107258518314644e+01 2.61072585182984618e+00 -2.57160762791911635e-01
1.20263882964073012e+01 3.53178315950095367e+00 -2.22006192111082273e-01
1.12331178224853634e+01 4.51505119339930427e+00 -2.57160762791911635e-01
1.23305694012362128e+01 4.48828111181518619e+00 -2.22006192111082273e-01
9.50000000000182254e+00 1.50000000000020250e+00 0.00000000000000000e+00
9.50000000000182254e+00 2.50000000000040590e+00 0.00000000000000000e+00
1.09447969527345919e+01 3.55687274087732419e+00 -2.57160762791911635e-01
1.01610935936261519e+01 4.50863821372671136e+00 -2.57160762791911635e-01
1.15366863380125544e+01 5.46921976414856292e+00 -2.57160762791911635e-01
8.50000000000162004e+00 2.50000000000040590e+00 0.00000000000000000e+00
9.82702249272302630e+00 3.56249132467923424e+00 -2.57160762791911635e-01
9.05313652088345577e+00 4.50813941313227051e+00 -3.11222144634888120e-01
1.04494144633769253e+01 5.46681666624869234e+00 -2.57160762791911635e-01
8.50000000000162004e+00 1.50000000000020250e+00 0.00000000000000000e+00
7.50000000000141753e+00 3.50000000000060840e+00 0.00000000000000000e+00
8.50000000000162004e+00 3.50000000000060840e+00 0.00000000000000000e+00
9.38620001722059349e+00 5.45314253336775856e+00 -3.08023682839743851e-01
7.50000000000141753e+00 4.50000000000081091e+00 0.00000000000000000e+00
8.30231408644750601e+00 5.42110917995339658e+00 -3.55489109086391253e-01
1.45372744978407766e+01 4.47440545214113428e+00 -2.31453993492239329e-01
1.72576188452749477e+01 2.51609928487096468e+00 -2.58557336477750477e-01
1.64792427129068315e+01 3.48407210643674592e+00 -2.58557336477750477e-01
7.50000000000141753e+00 2.50000000000040590e+00 0.00000000000000000e+00
6.50000000000121503e+00 3.50000000000060840e+00 0.00000000000000000e+00
1.18651028383890136e+01 6.41685372076806892e+00 -2.57160762791911635e-01
1.07529829789041127e+01 6.42098523699795010e+00 -2.57160762791911635e-01
9.67437131511661264e+00 6.41085085557129553e+00 -3.08023682839743851e-01
8.61957774168095625e+00 6.39386634622521832e+00 -3.08023682839743851e-01
6.50000000000121503e+00 4.50000000000081091e+00 0.00000000000000000e+00
6.50900156753040271e+00 5.50710600002743611e+00 -1.35639334483308362e-02
7.55895767606751701e+00 6.35856815996801217e+00 -3.08023682839743851e-01
5.50000000000101164e+00 4.50000000000081091e+00 0.00000000000000000e+00
1.76741401887968124e+01 6.12127496282431238e-01 -2.60906137141987626e-01
1.81706687768831827e+01 1.52557302464103550e+00 -2.99671644595749742e-01
1.83176447573814229e+01 2.52743317446555960e+00 -2.99671644595749742e-01
1.86400741616219676e+01 3.53622653764096118e+00 -4.24371716864581860e-01
1.84464610401097175e+01 5.44646104010708765e+00 0.00000000000000000e+00
1.84464610401097175e+01 6.44646104010729104e+00 0.00000000000000000e+00
1.84464610401097175e+01 7.44646104010749355e+00 0.00000000000000000e+00
1.84464610401097175e+01 8.44646104010769605e+00 0.00000000000000000e+00
1.84464610401097175e+01 9.44646104010789855e+00 0.00000000000000000e+00
1.84464610401097175e+01 1.04464610401081011e+01 0.00000000000000000e+00
1.84464610401097175e+01 1.14464610401083036e+01 0.00000000000000000e+00
1.84464610401097175e+01 1.24464610401085061e+01 0.00000000000000000e+00
1.84464610401097175e+01 1.34464610401087086e+01 0.00000000000000000e+00
1.84464610401097175e+01 1.44464610401089111e+01 0.00000000000000000e+00
1.84464610401097175e+01 1.54464610401091136e+01 0.00000000000000000e+00
1.84464610401097175e+01 1.64464610401093161e+01 0.00000000000000000e+00
1.84464610401097175e+01 1.74464610401095186e+01 0.00000000000000000e+00
1.84464610401097175e+01 1.84464610401097211e+01 0.00000000000000000e+00
6.28386903436839006e-01 1.77252210063941149e+01 3.09045495621884880e-01
1.51519533237388160e+00 1.82355119379452404e+01 3.09045495621884880e-01
2.53856701529963757e+00 1.83180741366728803e+01 3.09045495621884880e-01
3.53687907407078583e+00 1.86339400859900017e+01 4.08304115582656391e-01
4.44138605814964471e+00 1.78844348092953460e+01 3.09171927299667026e-01
6.44646104010728926e+00 1.84464610401097211e+01 0.00000000000000000e+00
7.44646104010749177e+00 1.84464610401097211e+01 0.00000000000000000e+00
8.44646104010769605e+00 1.84464610401097211e+01 0.00000000000000000e+00
9.44646104010789855e+00 1.84464610401097211e+01 0.00000000000000000e+00
1.04464610401081011e+01 1.84464610401097211e+01 0.00000000000000000e+00
1.14464610401083036e+01 1.84464610401097211e+01 0.00000000000000000e+00
1.24464610401085043e+01 1.84464610401097211e+01 0.00000000000000000e+00
1.34464610401087068e+01 1.84396748977472065e+01 0.00000000000000000e+00
1.44464610401089093e+01 1.84464610401097211e+01 0.00000000000000000e+00
1.54464610401091118e+01 1.84464610401097211e+01 0.00000000000000000e+00
1.64464610401093125e+01 1.84464610401097211e+01 0.00000000000000000e+00
1.74464610401095186e+01 1.84464610401097211e+01 0.00000000000000000e+00
1.92574817478927471e+01 5.00000000000000000e-01 0.00000000000000000e+00
1.92964795921166612e+01 1.50000000000020250e+00 0.00000000000000000e+00
1.94464610401099236e+01 2.50000000000040590e+00 0.00000000000000000e+00
1.94464610401099236e+01 4.44646104010688514e+00 0.00000000000000000e+00
1.94464610401099236e+01 5.44646104010708765e+00 0.00000000000000000e+00
1.94464610401099236e+01 6.44646104010729104e+00 0.00000000000000000e+00
1.94464610401099236e+01 7.44646104010749355e+00 0.00000000000000000e+00
1.94464610401099236e+01 8.44646104010769605e+00 0.00000000000000000e+00
1.94464610401099236e+01 9.44646104010789855e+00 0.00000000000000000e+00
1.94464610401099236e+01 1.04464610401081011e+01 0.00000000000000000e+00
1.94464610401099236e+01 1.14464610401083036e+01 0.00000000000000000e+00
1.94464610401099236e+01 1.24464610401085061e+01 0.00000000000000000e+00
1.94464610401099236e+01 1.34464610401087086e+01 0.00000000000000000e+00
1.94464610401099236e+01 1.44464610401089111e+01 0.00000000000000000e+00
1.94464610401099236e+01 1.54464610401091136e+01 0.00000000000000000e+00
1.94464610401099236e+01 1.64464610401093161e+01 0.00000000000000000e+00
1.94464610401099236e+01 1.74464610401095186e+01 0.00000000000000000e+00
1.94464610401099236e+01 1.84464610401097211e+01 0.00000000000000000e+00
1.94464610401099236e+01 1.94464610401099236e+01 0.00000000000000000e+00
5.00000000000000000e-01 1.92374507005531825e+01 0.00000000000000000e+00
1.50000000000020250e+00 1.93650603969161956e+01 0.00000000000000000e+00
2.50000000000040412e+00 1.94464610401099236e+01 0.00000000000000000e+00
4.44646104010688425e+00 1.94464610401099236e+01 0.00000000000000000e+00
5.44646104010708676e+00 1.94464610401099236e+01 0.00000000000000000e+00
6.44646104010728926e+00 1.94464610401099236e+01 0.00000000000000000e+00
7.44646104010749177e+00 1.94464610401099236e+01 0.00000000000000000e+00
8.44646104010769605e+00 1.94464610401099236e+01 0.00000000000000000e+00
9.44646104010789855e+00 1.94464610401099236e+01 0.00000000000000000e+00
1.04464610401081011e+01 1.94464610401099236e+01 0.00000000000000000e+00
1.14464610401083036e+01 1.94464610401099236e+01 0.00000000000000000e+00
1.24464610401085043e+01 1.94464610401099236e+01 0.00000000000000000e+00
1.34464610401087068e+01 1.94400214746179607e+01 0.00000000000000000e+00
1.44464610401089093e+01 1.94464610401099236e+01 0.00000000000000000e+00
1.54464610401091118e+01 1.94464610401099236e+01 0.00000000000000000e+00
1.64464610401093125e+01 1.94464610401099236e+01 0.00000000000000000e+00
1.74464610401095186e+01 1.94464610401099236e+01 0.00000000000000000e+00
1.84464610401097175e+01 1.94464610401099236e+01 0.00000000000000000e+00
