# n = 379
# s = 19.957538882107173
# x y theta(rad)
6.16612697631111928e-01 1.70091579711437788e+01 2.73920185935910832e-01
1.56988735012006941e+00 1.73132732285594955e+01 2.73920185935910832e-01
1.69435785491345001e+01 6.56588707456867482e-01 -4.05107154197783426e-01
1.74309875219382064e+01 1.54836166281918786e+00 -4.33566850361795819e-01
5.00000000000000000e-01 9.50000000000181721e+00 0.00000000000000000e+00
5.00000000000000000e-01 8.50000000000161471e+00 0.00000000000000000e+00
5.00000000000000000e-01 7.50000000000141398e+00 0.00000000000000000e+00
1.50000000000020250e+00 7.50000000000141398e+00 0.00000000000000000e+00
5.00000000000000000e-01 6.50000000000121148e+00 0.00000000000000000e+00
1.50000000000020250e+00 6.50000000000121148e+00 0.00000000000000000e+00
2.50000000000040501e+00 6.50000000000121148e+00 0.00000000000000000e+00
5.00000000000000000e-01 5.50000000000100986e+00 0.00000000000000000e+00
1.50000000000020250e+00 5.50000000000100986e+00 0.00000000000000000e+00
2.50000000000040501e+00 5.50000000000100986e+00 0.00000000000000000e+00
3.50000000000060663e+00 5.50000000000100986e+00 0.00000000000000000e+00
5.00000000000000000e-01 4.50000000000080735e+00 0.00000000000000000e+00
1.50000000000020250e+00 4.50000000000080735e+00 0.00000000000000000e+00
2.50000000000040501e+00 4.50000000000080735e+00 0.00000000000000000e+00
3.50000000000060663e+00 4.50000000000080735e+00 0.00000000000000000e+00
4.50000000000080913e+00 4.50000000000080735e+00 0.00000000000000000e+00
5.00000000000000000e-01 3.50000000000060574e+00 0.00000000000000000e+00
1.50000000000020250e+00 3.50000000000060574e+00 0.00000000000000000e+00
2.50000194441471546e+00 3.50000000000060574e+00 0.00000000000000000e+00
3.50167850140313863e+00 3.50000000000060574e+00 0.00000000000000000e+00
4.50202850316925840e+00 3.50000000000060574e+00 0.00000000000000000e+00
5.50468637292215490e+00 3.50000000000060574e+00 0.00000000000000000e+00
5.00000000000000000e-01 2.50000000000040323e+00 0.00000000000000000e+00
1.50000000000020250e+00 2.50000000000040323e+00 0.00000000000000000e+00
2.50000000000040501e+00 2.50000000000040323e+00 0.00000000000000000e+00
3.50000000000060663e+00 2.50000000000040323e+00 0.00000000000000000e+00
4.50000000000080913e+00 2.50000000000040323e+00 0.00000000000000000e+00
5.50000000000101075e+00 2.50000000000040323e+00 0.00000000000000000e+00
6.50000000000121325e+00 2.50000000000040323e+00 0.00000000000000000e+00
5.00000000000000000e-01 1.50000000000020073e+00 0.00000000000000000e+00
1.50000000000020250e+00 1.50000000000020073e+00 0.00000000000000000e+00
2.50000000000040501e+00 1.50000000000020073e+00 0.00000000000000000e+00
3.50000000000060663e+00 1.50000000000020073e+00 0.00000000000000000e+00
4.50000000000080913e+00 1.50000000000020073e+00 0.00000000000000000e+00
5.50000000000101075e+00 1.50000000000020073e+00 0.00000000000000000e+00
6.50000000000121325e+00 1.50000000000020073e+00 0.00000000000000000e+00
7.50000000000141576e+00 1.50000000000020073e+00 0.00000000000000000e+00
5.00000000000000000e-01 5.00000000000000000e-01 0.00000000000000000e+00
1.50000000000020250e+00 5.00000000000000000e-01 0.00000000000000000e+00
2.50000000000040501e+00 5.00000000000000000e-01 0.00000000000000000e+00
3.50000000000060663e+00 5.00000000000000000e-01 0.00000000000000000e+00
4.50000000000080913e+00 5.00000000000000000e-01 0.00000000000000000e+00
5.50000000000101075e+00 5.00000000000000000e-01 0.00000000000000000e+00
6.50000000000121325e+00 5.00000000000000000e-01 0.00000000000000000e+00
7.50000000000141576e+00 5.00000000000000000e-01 0.00000000000000000e+00
8.50000000000161826e+00 5.00000000000000000e-01 0.00000000000000000e+00
9.50000000000181899e+00 5.00000000000000000e-01 0.00000000000000000e+00
3.45753888210393789e+00 1.84575388821069666e+01 0.00000000000000000e+00
4.45753888210414040e+00 1.74575388821067676e+01 0.00000000000000000e+00
5.45753888210434290e+00 1.74575388821067676e+01 0.00000000000000000e+00
6.45753888210454452e+00 1.74575388821067676e+01 0.00000000000000000e+00
7.45753888210474614e+00 1.74575388821067676e+01 0.00000000000000000e+00
8.45753888210494864e+00 1.74575388821067676e+01 0.00000000000000000e+00
1.04575388821053519e+01 1.74575388821067676e+01 0.00000000000000000e+00
1.14575388821055544e+01 1.74575388821067676e+01 0.00000000000000000e+00
1.24575388821057569e+01 1.74525674715717258e+01 0.00000000000000000e+00
1.34575388821059576e+01 1.74575388821067676e+01 0.00000000000000000e+00
1.44575388821061601e+01 1.74575388821067676e+01 0.00000000000000000e+00
1.54575388821063626e+01 1.74575388821067676e+01 0.00000000000000000e+00
1.64575388821065616e+01 1.74575388821067676e+01 0.00000000000000000e+00
1.74575388821067676e+01 1.74575388821067676e+01 0.00000000000000000e+00
1.84575388821069666e+01 1.74575388821067676e+01 0.00000000000000000e+00
4.38747904999134963e+00 1.60993240009034011e+01 3.08815224524908671e-01
5.33857334903032310e+00 1.53385733490323428e+01 2.80759948589060004e-01
6.45753888210454452e+00 1.64575388821065616e+01 0.00000000000000000e+00
7.45753888210474614e+00 1.64575388821065616e+01 0.00000000000000000e+00
8.45753888210494864e+00 1.64575388821065616e+01 0.00000000000000000e+00
9.45753888210514937e+00 1.74325230630207457e+01 0.00000000000000000e+00
1.04575388821053519e+01 1.64575388821065616e+01 0.00000000000000000e+00
1.14575388821055544e+01 1.64575388821065616e+01 0.00000000000000000e+00
1.24575388821057569e+01 1.64522174711478826e+01 0.00000000000000000e+00
1.34575388821059576e+01 1.64575388821065616e+01 0.00000000000000000e+00
1.44575388821061601e+01 1.64575388821065616e+01 0.00000000000000000e+00
1.54575388821063626e+01 1.64575388821065616e+01 0.00000000000000000e+00
1.64575388821065616e+01 1.64575388821065616e+01 0.00000000000000000e+00
1.74575388821067676e+01 1.64575388821065616e+01 0.00000000000000000e+00
5.45753888210434290e+00 1.64575388821065616e+01 0.00000000000000000e+00
6.45753888210454452e+00 1.54575388821063608e+01 0.00000000000000000e+00
7.45753888210474614e+00 1.54575388821063608e+01 0.00000000000000000e+00
8.45753888210494864e+00 1.54575388821063608e+01 0.00000000000000000e+00
9.45753888210514937e+00 1.64299165159212066e+01 0.00000000000000000e+00
1.04575388821053519e+01 1.54575388821063608e+01 0.00000000000000000e+00
1.14575388821055544e+01 1.54575388821063608e+01 0.00000000000000000e+00
1.24575388821057569e+01 1.54495674709822115e+01 0.00000000000000000e+00
1.34575388821059576e+01 1.54575388821063608e+01 0.00000000000000000e+00
1.44575388821061601e+01 1.54575388821063608e+01 0.00000000000000000e+00
1.54575388821063626e+01 1.54575388821063608e+01 0.00000000000000000e+00
1.64575388821065616e+01 1.54575388821063608e+01 0.00000000000000000e+00
1.74575388821067676e+01 1.54575388821063608e+01 0.00000000000000000e+00
6.45753888210454452e+00 1.44575388821061583e+01 0.00000000000000000e+00
7.45753888210474614e+00 1.44575388821061583e+01 0.00000000000000000e+00
8.45753888210494864e+00 1.44575388821061583e+01 0.00000000000000000e+00
9.45753888210514937e+00 1.54279164540007745e+01 0.00000000000000000e+00
1.04575388821053519e+01 1.44575388821061583e+01 0.00000000000000000e+00
1.14575388821055544e+01 1.44575388821061583e+01 0.00000000000000000e+00
1.24575388821057569e+01 1.44455675136451784e+01 0.00000000000000000e+00
1.34575388821059576e+01 1.44575388821061583e+01 0.00000000000000000e+00
1.44575388821061601e+01 1.44575388821061583e+01 0.00000000000000000e+00
1.54575388821063626e+01 1.44575388821061583e+01 0.00000000000000000e+00
1.64575388821065616e+01 1.44575388821061583e+01 0.00000000000000000e+00
1.74575388821067676e+01 1.44575388821061583e+01 0.00000000000000000e+00
6.45753888210454452e+00 1.34227606222726710e+01 0.00000000000000000e+00
7.45753888210474614e+00 1.34575388821059558e+01 0.00000000000000000e+00
8.45753888210494864e+00 1.34575388821059558e+01 0.00000000000000000e+00
9.45753888210514937e+00 1.44266598159331050e+01 0.00000000000000000e+00
1.04575388821053519e+01 1.34575388821059558e+01 0.00000000000000000e+00
1.14575388821055544e+01 1.34575388821059558e+01 0.00000000000000000e+00
1.24575388821057569e+01 1.34405688514145734e+01 0.00000000000000000e+00
1.34575388821059576e+01 1.34575388821059558e+01 0.00000000000000000e+00
1.44575388821061601e+01 1.34575388821059558e+01 0.00000000000000000e+00
1.54575388821063626e+01 1.34575388821059558e+01 0.00000000000000000e+00
1.64575388821065616e+01 1.34575388821059558e+01 0.00000000000000000e+00
1.74575388821067676e+01 1.34575388821059558e+01 0.00000000000000000e+00
6.45753888210454452e+00 1.24227606222724702e+01 0.00000000000000000e+00
7.45753888210474614e+00 1.24575388821057551e+01 0.00000000000000000e+00
8.45753888210494864e+00 1.24575388821057551e+01 0.00000000000000000e+00
9.45753888210514937e+00 1.34257520103825261e+01 0.00000000000000000e+00
1.04575388821053519e+01 1.24575388821057551e+01 0.00000000000000000e+00
1.14575388821055544e+01 1.24575388821057551e+01 0.00000000000000000e+00
1.24575388821057569e+01 1.24395688510674773e+01 0.00000000000000000e+00
1.34575388821059576e+01 1.24575388821057551e+01 0.00000000000000000e+00
1.44575388821061601e+01 1.24575388821057551e+01 0.00000000000000000e+00
1.54575388821063626e+01 1.24575388821057551e+01 0.00000000000000000e+00
1.64575388821065616e+01 1.24575388821057551e+01 0.00000000000000000e+00
1.74575388821067676e+01 1.24575388821057551e+01 0.00000000000000000e+00
7.45753888210474614e+00 1.14575388821055526e+01 0.00000000000000000e+00
8.45753888210494864e+00 1.14575388821055526e+01 0.00000000000000000e+00
9.45753888210514937e+00 1.24247520099765367e+01 0.00000000000000000e+00
1.04575388821053519e+01 1.14575388821055526e+01 0.00000000000000000e+00
1.14575388821055544e+01 1.14575388821055526e+01 0.00000000000000000e+00
1.24575388821057569e+01 1.14375688486050713e+01 0.00000000000000000e+00
1.34575388821059576e+01 1.14575388821055526e+01 0.00000000000000000e+00
1.44575388821061601e+01 1.14575388821055526e+01 0.00000000000000000e+00
1.54575388821063626e+01 1.14575388821055526e+01 0.00000000000000000e+00
1.64575388821065616e+01 1.14575388821055526e+01 0.00000000000000000e+00
1.74575388821067676e+01 1.14575388821055526e+01 0.00000000000000000e+00
7.45753888210474614e+00 1.04575388821053501e+01 0.00000000000000000e+00
8.45753888210494864e+00 1.04575388821053501e+01 0.00000000000000000e+00
9.45753888210514937e+00 1.14237520095711620e+01 0.00000000000000000e+00
1.04575388821053519e+01 1.04575388821053501e+01 0.00000000000000000e+00
1.14575388821055544e+01 1.04575388821053501e+01 0.00000000000000000e+00
1.24575388821057569e+01 1.04365733295924201e+01 0.00000000000000000e+00
1.34575388821059576e+01 1.04575388821053501e+01 0.00000000000000000e+00
1.44575388821061601e+01 1.04575388821053501e+01 0.00000000000000000e+00
1.54575388821063626e+01 1.04575388821053501e+01 0.00000000000000000e+00
1.64575388821065616e+01 1.04575388821053501e+01 0.00000000000000000e+00
1.74575388821067676e+01 1.04575388821053501e+01 0.00000000000000000e+00
8.45753888210494864e+00 9.45753888210514759e+00 0.00000000000000000e+00
9.45753888210514937e+00 9.42017667211452192e+00 0.00000000000000000e+00
9.45753888210514937e+00 1.04203879584590258e+01 0.00000000000000000e+00
1.04575388821053519e+01 9.45753888210514759e+00 0.00000000000000000e+00
1.14575388821055544e+01 9.45753888210514759e+00 0.00000000000000000e+00
1.24575388821057569e+01 9.43604885457928333e+00 0.00000000000000000e+00
1.34575388821059576e+01 9.45753888210514759e+00 0.00000000000000000e+00
1.44575388821061601e+01 9.45753888210514759e+00 0.00000000000000000e+00
1.54575388821063626e+01 9.45753888210514759e+00 0.00000000000000000e+00
1.64575388821065616e+01 9.45753888210514759e+00 0.00000000000000000e+00
1.74575388821067676e+01 9.45753888210514759e+00 0.00000000000000000e+00
7.33748604484547684e+00 9.33748604484588007e+00 2.83949534938258252e-01
8.45705406657132208e+00 8.45753888210494686e+00 0.00000000000000000e+00
9.45753888210514937e+00 8.41917667053178320e+00 0.00000000000000000e+00
1.04575388821053519e+01 8.45753888210494686e+00 0.00000000000000000e+00
1.14575388821055544e+01 8.45753888210494686e+00 0.00000000000000000e+00
1.24575388821057569e+01 8.43306931034150686e+00 0.00000000000000000e+00
1.34575388821059576e+01 8.45753888210494686e+00 0.00000000000000000e+00
1.44575388821061601e+01 8.45753888210494686e+00 0.00000000000000000e+00
1.54575388821063626e+01 8.45753888210494686e+00 0.00000000000000000e+00
1.64575388821065616e+01 8.45753888210494686e+00 0.00000000000000000e+00
1.74575388821067676e+01 8.45753888210494686e+00 0.00000000000000000e+00
7.33748604484547684e+00 8.29577214209651892e+00 2.83949534938258252e-01
8.45753888210494864e+00 7.45753888210474525e+00 0.00000000000000000e+00
9.45753888210514937e+00 7.41802893880557068e+00 0.00000000000000000e+00
1.04575388821053519e+01 7.45753888210474525e+00 0.00000000000000000e+00
1.14575388821055544e+01 7.45753888210474525e+00 0.00000000000000000e+00
1.24575388821057569e+01 7.43271930605574127e+00 0.00000000000000000e+00
1.34575388821059576e+01 6.45753888210454363e+00 0.00000000000000000e+00
1.44575388821061601e+01 7.45753888210474525e+00 0.00000000000000000e+00
1.54575388821063626e+01 7.45753888210474525e+00 0.00000000000000000e+00
1.64575388821065616e+01 7.45753888210474525e+00 0.00000000000000000e+00
1.74575388821067676e+01 7.45753888210474525e+00 0.00000000000000000e+00
1.24575388821057569e+01 6.43206930580227088e+00 0.00000000000000000e+00
1.34575388821059576e+01 7.45753888210474525e+00 0.00000000000000000e+00
1.44575388821061601e+01 6.45753888210454363e+00 0.00000000000000000e+00
1.54575388821063626e+01 6.45753888210454363e+00 0.00000000000000000e+00
1.64575388821065616e+01 6.45753888210454363e+00 0.00000000000000000e+00
1.74575388821067676e+01 6.45753888210454363e+00 0.00000000000000000e+00
1.54575388821063626e+01 5.45753888210434113e+00 0.00000000000000000e+00
1.64575388821065616e+01 5.45753888210434113e+00 0.00000000000000000e+00
1.74575388821067676e+01 5.45753888210434113e+00 0.00000000000000000e+00
1.64575388821065616e+01 4.45753888210413862e+00 0.00000000000000000e+00
1.74575388821067676e+01 4.45753888210413862e+00 0.00000000000000000e+00
1.73009501746498984e+01 3.30095017464706686e+00 -4.05107154197783426e-01
5.60790065425511663e+00 5.50000000000100986e+00 0.00000000000000000e+00
6.27288334936375591e-01 1.58622557071786670e+01 3.05668379979570748e-01
1.55754408504582464e+00 1.62416901884506331e+01 3.08815224524908671e-01
6.28312224272832509e-01 1.47218261477458032e+01 3.08815224524908671e-01
1.55510531708672417e+00 1.51069458501352649e+01 3.08815224524908671e-01
2.48338698053305684e+00 1.54873995036575831e+01 3.08815224524908671e-01
6.18965533074019802e-01 1.36597159656351170e+01 2.80759948589060004e-01
1.57336640284551343e+00 1.39591485666465029e+01 2.80759948589060004e-01
2.50281294471219162e+00 1.43451147767445431e+01 2.80759948589060004e-01
3.43608130793346156e+00 1.57913296248030459e+01 3.08815224524908671e-01
4.38668649810977485e+00 1.50304229366130944e+01 2.80759948589060004e-01
6.18965533074019802e-01 1.26189655330764428e+01 2.80759948589060004e-01
1.58007906051028257e+00 1.28962691641714695e+01 2.81396548273908365e-01
2.53446590166789232e+00 1.31956977099740946e+01 2.81396548273908365e-01
3.43361711556635107e+00 1.47263731647551470e+01 2.80759948589060004e-01
4.39458139932717717e+00 1.39628832218760159e+01 2.81396548273908365e-01
5.00000000000000000e-01 1.15000000000022222e+01 0.00000000000000000e+00
1.56962390687898967e+00 1.18277789528334640e+01 2.79522616869601004e-01
2.52405183847406445e+00 1.21272243521901846e+01 2.79522616869601004e-01
3.46384333778026576e+00 1.35816439438818559e+01 2.81396548273908365e-01
4.40806306258112368e+00 1.28126705160719254e+01 2.79522616869601004e-01
5.33899684122501661e+00 1.31939663694122356e+01 2.79522616869601004e-01
5.00001388661114987e-01 1.05000000000020197e+01 0.00000000000000000e+00
1.62979776243778396e+00 1.06802429862580208e+01 3.13415328056824649e-01
2.55224733755451805e+00 1.10775273671734489e+01 3.13415328056824649e-01
3.47848108884893836e+00 1.24266651570963003e+01 2.79522616869601004e-01
4.46061782175472565e+00 1.16762558339457705e+01 3.13415328056824649e-01
5.38705339404921091e+00 1.20612414523394786e+01 3.13415328056824649e-01
1.62000638288112420e+00 9.62000638288273890e+00 2.83812882708782188e-01
2.57423366231488782e+00 9.91979718607665006e+00 2.83812882708782188e-01
3.50643184322230184e+00 1.13768938728156623e+01 3.13415328056824649e-01
4.45407150294660958e+00 1.06174864029286287e+01 2.83812882708782188e-01
5.40840949906644219e+00 1.09168976325663039e+01 2.83812882708782188e-01
2.59259486404712991e+00 8.80959071063053578e+00 3.27089749475776570e-01
3.49973484512343713e+00 1.03180705851657102e+01 2.83812882708782188e-01
4.45680588241108921e+00 9.56163527002066083e+00 3.12997285410076154e-01
5.41098671161537137e+00 9.86100065610637344e+00 3.12997285410076154e-01
1.50000000000020250e+00 8.50000000000161471e+00 0.00000000000000000e+00
3.52798397511944373e+00 9.16504678202108281e+00 3.27089749475776570e-01
4.44344595721167046e+00 8.42422234318519614e+00 3.63154678765678141e-01
5.39477915094982929e+00 8.80468920995527782e+00 3.12997285410076154e-01
4.40564781600872113e+00 7.34008927067604944e+00 3.63154678765678141e-01
5.35109630700525685e+00 7.70163380469091940e+00 3.87896838090358964e-01
5.34763381450760278e+00 1.42669280890299301e+01 2.81396548273908365e-01
2.51023841244622758e+00 1.65456203095960959e+01 3.08815224524908671e-01
3.46544130154938923e+00 1.68538061440035349e+01 3.15421023621743901e-01
2.50000000000040501e+00 7.50000000000141398e+00 0.00000000000000000e+00
3.50866510075150995e+00 8.06899741388544278e+00 3.63154678765678141e-01
6.33753249922362372e+00 1.13027542393913460e+01 2.83812882708782188e-01
6.37016990620188928e+00 1.01600009828806854e+01 3.03542872173372724e-01
6.35301299936818609e+00 9.10672043789098495e+00 3.03542872173372724e-01
6.35466888843982058e+00 8.05933248218549458e+00 3.03542872173372724e-01
3.50000000000060663e+00 6.50000000000121148e+00 0.00000000000000000e+00
5.31706963568447488e+00 6.60402843474242474e+00 3.39235692619173967e-01
6.25254541360666849e+00 6.96256518802896096e+00 3.36288673989701914e-01
4.50000000000080913e+00 5.50000000000100986e+00 0.00000000000000000e+00
1.58555105080877201e+01 6.56588707456867482e-01 -4.05107154197783426e-01
1.62442834141462171e+01 1.57794067157053597e+00 -4.05107154197783426e-01
1.47506045663753493e+01 6.31285407036433099e-01 -3.18063877478194534e-01
1.51573011750119147e+01 1.58330946135524187e+00 -3.91143168676278796e-01
1.55230180162399503e+01 2.51418718742440017e+00 -3.91143168676278796e-01
1.36916546605407596e+01 6.24235460795688368e-01 -2.96396484862085863e-01
1.40211801370622116e+01 1.59568587143973240e+00 -3.48944733059647072e-01
1.44351066645660264e+01 2.50921657894510819e+00 -3.48944733059647072e-01
1.47998535611678737e+01 3.44064046293812531e+00 -3.48944733059647072e-01
1.53167186990010471e+01 4.31671869899882221e+00 -3.48944733059647072e-01
1.26307421676957059e+01 6.06517582160110535e-01 -2.45469567329214849e-01
1.29534334258044854e+01 1.60035666814349398e+00 -3.39156757978022083e-01
1.32954739659726222e+01 2.54009415339800171e+00 -3.39156757978022083e-01
1.37096733579464996e+01 3.45437483248798127e+00 -3.39156757978022083e-01
1.40745179754596048e+01 4.38606730369078956e+00 -3.39156757978022083e-01
1.15639555071365905e+01 5.63955507134366485e-01 -1.37830611959752297e-01
1.18646532725791776e+01 1.59820520624794504e+00 -3.06354185264144097e-01
1.22069811063090814e+01 2.53875704242355038e+00 -3.06354185264144097e-01
1.25493089400389835e+01 3.47930887859915572e+00 -3.06354185264144097e-01
1.29646309739454573e+01 4.39677175392858199e+00 -3.06354185264144097e-01
1.33300268768713881e+01 5.33002687686976984e+00 -3.06354185264144097e-01
1.05000000000020215e+01 5.00000000000000000e-01 0.00000000000000000e+00
1.07530442189089079e+01 1.59363304729746069e+00 -2.85627174826872110e-01
1.11009676453054063e+01 2.53368862658530247e+00 -2.85627174826872110e-01
1.14436274318114535e+01 3.47528990918478531e+00 -2.85627174826872110e-01
1.17862872183175025e+01 4.41689119178426814e+00 -2.85627174826872110e-01
1.22024198386763008e+01 5.33691668178291234e+00 -2.85627174826872110e-01
9.66048803242851761e+00 1.64084095261077323e+00 -3.49014221482635834e-01
1.00138883043542393e+01 2.57639221210830005e+00 -3.49014221482635834e-01
1.03610047359059774e+01 3.51423023505950649e+00 -3.49014221482635834e-01
1.07029763634643000e+01 4.45394051272252955e+00 -3.49014221482635834e-01
1.10449479910226245e+01 5.39365079038555173e+00 -3.49014221482635834e-01
8.93167539909308594e+00 2.55940736200468066e+00 -3.57998448869918495e-01
9.28505152643039189e+00 3.49489408438960147e+00 -3.57998448869918495e-01
9.63275467437813226e+00 4.43727737416792500e+00 -3.49014221482635834e-01
9.97472630193645671e+00 5.37698765183094807e+00 -3.49014221482635834e-01
8.50000000000161826e+00 1.50000000000020073e+00 0.00000000000000000e+00
8.20086219858366938e+00 3.45854761635440866e+00 -3.63445227079433053e-01
8.55318576106119544e+00 4.40019142675516495e+00 -3.52620053286411050e-01
8.89746398219028656e+00 5.34097743164950156e+00 -3.49014221482635834e-01
7.50691208775653873e+00 4.45744649801910153e+00 -3.55967804525523124e-01
7.85366942213923558e+00 5.39852317805911497e+00 -3.50101789913668970e-01
1.44575388821061601e+01 5.45753888210434113e+00 0.00000000000000000e+00
1.67337999163359399e+01 2.45609112430983423e+00 -4.05107154197783426e-01
1.60362067347699693e+01 3.38424871032097307e+00 -3.91143168676278796e-01
7.50000000000141576e+00 2.50000000000040323e+00 0.00000000000000000e+00
6.54549616734304784e+00 3.54118345131484435e+00 -8.24816604344791454e-02
1.14575388821055544e+01 6.45753888210454363e+00 0.00000000000000000e+00
1.03166979294947794e+01 6.31669792949397113e+00 -3.49014221482635834e-01
9.23943560974860922e+00 6.28068770931252462e+00 -3.49014221482635834e-01
8.19633762895460372e+00 6.33855831974893036e+00 -3.49014221482635834e-01
6.64253704905687670e+00 5.00389012149959189e+00 -3.54724251513540312e-01
6.98590071755594977e+00 5.94358683185751069e+00 -3.53807655422012424e-01
7.24371328146633608e+00 7.22669203474932509e+00 2.83949534938258252e-01
5.50000000000101075e+00 4.50000000000080735e+00 0.00000000000000000e+00
1.81488086889391411e+01 6.93803032822069454e-01 -5.91111592898056815e-01
1.87068133126138818e+01 1.52364132577889677e+00 -5.91111592898056815e-01
1.79960571915750194e+01 2.38872646911074771e+00 -4.33566850361795819e-01
1.84575388821069666e+01 3.45753888210393612e+00 0.00000000000000000e+00
1.84575388821069666e+01 4.45753888210413862e+00 0.00000000000000000e+00
1.84575388821069666e+01 5.45753888210434113e+00 0.00000000000000000e+00
1.84575388821069666e+01 6.45753888210454363e+00 0.00000000000000000e+00
1.84575388821069666e+01 7.45753888210474525e+00 0.00000000000000000e+00
1.84575388821069666e+01 8.45753888210494686e+00 0.00000000000000000e+00
1.84575388821069666e+01 9.45753888210514759e+00 0.00000000000000000e+00
1.84575388821069666e+01 1.04575388821053501e+01 0.00000000000000000e+00
1.84575388821069666e+01 1.14575388821055526e+01 0.00000000000000000e+00
1.84575388821069666e+01 1.24575388821057551e+01 0.00000000000000000e+00
1.84575388821069666e+01 1.34575388821059558e+01 0.00000000000000000e+00
1.84575388821069666e+01 1.44575388821061583e+01 0.00000000000000000e+00
1.84575388821069666e+01 1.54575388821063608e+01 0.00000000000000000e+00
1.84575388821069666e+01 1.64575388821065616e+01 0.00000000000000000e+00
1.84575388821069666e+01 1.84575388821069666e+01 0.00000000000000000e+00
5.00000000000000000e-01 1.81890460513599734e+01 0.00000000000000000e+00
1.50000000000020250e+00 1.84575388821069666e+01 0.00000000000000000e+00
2.54487437216327539e+00 1.76075477184123272e+01 3.11148562989252031e-01
4.45753888210414040e+00 1.84575388821069666e+01 0.00000000000000000e+00
5.45753888210434290e+00 1.84575388821069666e+01 0.00000000000000000e+00
6.45753888210454452e+00 1.84575388821069666e+01 0.00000000000000000e+00
7.45753888210474614e+00 1.84575388821069666e+01 0.00000000000000000e+00
8.45753888210494864e+00 1.84575388821069666e+01 0.00000000000000000e+00
9.45753888210514937e+00 1.84345230634531205e+01 0.00000000000000000e+00
1.04575388821053519e+01 1.84575388821069666e+01 0.00000000000000000e+00
1.14575388821055544e+01 1.84575388821069666e+01 0.00000000000000000e+00
1.24575388821057569e+01 1.84535673865135763e+01 0.00000000000000000e+00
1.34575388821059576e+01 1.84575388821069666e+01 0.00000000000000000e+00
1.44575388821061601e+01 1.84575388821069666e+01 0.00000000000000000e+00
1.54575388821063626e+01 1.84575388821069666e+01 0.00000000000000000e+00
1.64575388821065616e+01 1.84575388821069666e+01 0.00000000000000000e+00
1.74575388821067676e+01 1.84575388821069666e+01 0.00000000000000000e+00
1.94575388821071726e+01 5.00000000000000000e-01 0.00000000000000000e+00
1.94575388821071726e+01 2.45753888210373361e+00 0.00000000000000000e+00
1.94575388821071726e+01 3.45753888210393612e+00 0.00000000000000000e+00
1.94575388821071726e+01 4.45753888210413862e+00 0.00000000000000000e+00
1.94575388821071726e+01 5.45753888210434113e+00 0.00000000000000000e+00
1.94575388821071726e+01 6.45753888210454363e+00 0.00000000000000000e+00
1.94575388821071726e+01 7.45753888210474525e+00 0.00000000000000000e+00
1.94575388821071726e+01 8.45753888210494686e+00 0.00000000000000000e+00
1.94575388821071726e+01 9.45753888210514759e+00 0.00000000000000000e+00
1.94575388821071726e+01 1.04575388821053501e+01 0.00000000000000000e+00
1.94575388821071726e+01 1.14575388821055526e+01 0.00000000000000000e+00
1.94575388821071726e+01 1.24575388821057551e+01 0.00000000000000000e+00
1.94575388821071726e+01 1.34575388821059558e+01 0.00000000000000000e+00
1.94575388821071726e+01 1.44575388821061583e+01 0.00000000000000000e+00
1.94575388821071726e+01 1.54575388821063608e+01 0.00000000000000000e+00
1.94575388821071726e+01 1.64575388821065616e+01 0.00000000000000000e+00
1.94575388821071726e+01 1.74575388821067676e+01 0.00000000000000000e+00
1.94575388821071726e+01 1.84575388821069666e+01 0.00000000000000000e+00
1.93480125222261492e+01 1.94575388821071726e+01 0.00000000000000000e+00
5.00000000000000000e-01 1.92329630887267200e+01 0.00000000000000000e+00
1.50000265776243147e+00 1.94575388821071726e+01 0.00000000000000000e+00
2.50102778177095608e+00 1.94575388821071726e+01 0.00000000000000000e+00
3.50131142074511725e+00 1.94575388821071726e+01 0.00000000000000000e+00
4.50166150776763807e+00 1.94575388821071726e+01 0.00000000000000000e+00
5.50302932732816519e+00 1.94575388821071726e+01 0.00000000000000000e+00
6.50429372890024826e+00 1.94575388821071726e+01 0.00000000000000000e+00
7.50509203650768697e+00 1.94575388821071726e+01 0.00000000000000000e+00
8.50864014360951515e+00 1.94575388821071726e+01 0.00000000000000000e+00
9.50937207238399651e+00 1.94575388821071726e+01 0.00000000000000000e+00
1.09826256071690800e+01 1.94575388821071726e+01 0.00000000000000000e+00
1.20281208167603975e+01 1.94575388821071726e+01 0.00000000000000000e+00
1.30717229679517448e+01 1.94575388821071726e+01 0.00000000000000000e+00
1.41135753802866617e+01 1.94575388821071726e+01 0.00000000000000000e+00
1.51535756137902293e+01 1.94575388821071726e+01 0.00000000000000000e+00
1.62208604745028850e+01 1.94575388821071726e+01 0.00000000000000000e+00
1.72608606853972191e+01 1.94575388821071726e+01 0.00000000000000000e+00
1.83008611478721051e+01 1.94575388821071726e+01 0.00000000000000000e+00
