# n = 68
# s = 8.798795237219849
# x y theta(rad)
5.07014668337713470e-01 8.29879523721984924e+00 0.00000000000000000e+00
5.00000000000000000e-01 7.29879523721964940e+00 0.00000000000000000e+00
5.07014668337713470e-01 6.29879523721944867e+00 0.00000000000000000e+00
5.00000000000000000e-01 5.29879523721924794e+00 0.00000000000000000e+00
8.29879523721984924e+00 8.29539897990686725e+00 0.00000000000000000e+00
7.29879523721964940e+00 8.29879523721984924e+00 0.00000000000000000e+00
6.29879523721944867e+00 8.29879523721984924e+00 0.00000000000000000e+00
5.29879523721924794e+00 8.29879523721984924e+00 0.00000000000000000e+00
8.29879523721984924e+00 7.29412620640478782e+00 0.00000000000000000e+00
7.29879523721964940e+00 7.29879523721964940e+00 0.00000000000000000e+00
8.29743748810529169e+00 6.29148029814540344e+00 -1.27134428771315624e-03
5.03609215070471627e-01 5.00000000000000000e-01 0.00000000000000000e+00
1.50405774477852550e+00 5.00000000000000000e-01 0.00000000000000000e+00
2.50438770900857444e+00 5.00329964229848212e-01 -6.58676317635372831e-04
3.50711507446892412e+00 5.00002182993311894e-01 2.36598942304752633e-06
5.00000000000000000e-01 1.50000000000020073e+00 0.00000000000000000e+00
1.50000000000020073e+00 1.50000000000020073e+00 0.00000000000000000e+00
2.50000000000040146e+00 1.50272592628100643e+00 0.00000000000000000e+00
3.50000000000060218e+00 1.50000434915545666e+00 0.00000000000000000e+00
5.00000000000000000e-01 2.50000000000040146e+00 0.00000000000000000e+00
1.50000000000020073e+00 2.50000000000040146e+00 0.00000000000000000e+00
5.00000000000000000e-01 3.50000000000060218e+00 0.00000000000000000e+00
8.29879523721984924e+00 5.00000000000000000e-01 0.00000000000000000e+00
7.29879523721964940e+00 5.00000000000000000e-01 0.00000000000000000e+00
6.29879523721944867e+00 5.00000000000000000e-01 0.00000000000000000e+00
5.29879523721924794e+00 5.00000000000000000e-01 0.00000000000000000e+00
8.29773898722215364e+00 1.50000000000020073e+00 0.00000000000000000e+00
8.29879523721984924e+00 2.50000000000040146e+00 0.00000000000000000e+00
8.29773898722215364e+00 3.50000000000060218e+00 0.00000000000000000e+00
8.29879523721984924e+00 4.50000000000080291e+00 0.00000000000000000e+00
5.17809040469581117e+00 5.33409897291442103e+00 -4.56056291150284343e-01
3.21638110245655939e+00 8.29879523721984924e+00 0.00000000000000000e+00
1.66931216338916144e+00 7.26476909108518321e+00 -4.56969446897474096e-01
4.08023722209132167e+00 5.36668546268189228e+00 -4.56056291150284343e-01
4.97010287907191284e+00 2.67758321577770531e+00 -4.67133371316555246e-01
4.73477160633986482e+00 4.43159436335709778e+00 -4.67133371316555246e-01
4.28444297349733727e+00 3.53873148337911214e+00 -4.67133371316555246e-01
3.17963823429234260e+00 3.56884473346251463e+00 -4.67133371316555246e-01
6.53449568272788550e+00 1.50000000000020073e+00 0.00000000000000000e+00
2.21638110245635866e+00 8.29879523721984924e+00 0.00000000000000000e+00
4.96105900936927302e+00 7.16227811667056447e+00 -4.56056291150284343e-01
5.61850129833478729e+00 6.23189529990875801e+00 -4.56056291150284343e-01
4.51740086935897267e+00 1.49033816667360153e+00 3.54369791293136019e-02
6.55322838138472807e+00 3.59583261233742046e+00 -4.67133371316555246e-01
3.39082455265634231e+00 6.23189529990875801e+00 -4.56056291150284343e-01
3.83411434065480972e+00 2.64586860340112739e+00 -4.67133371316555246e-01
7.01070824068394227e+00 4.48639155344923157e+00 -4.69090563073423505e-01
5.87076014475696795e+00 4.46330897573367480e+00 -4.67133371316555246e-01
1.80025094420196297e+00 5.27761717920060391e+00 -4.64905151466820654e-01
2.49432046377893624e+00 4.43067134943837004e+00 -4.67133371316555246e-01
7.43726415034574906e+00 5.39830694618251172e+00 -4.56056291150284343e-01
2.72888898209496489e+00 2.67514789494590532e+00 -4.67133371316555246e-01
6.10188917361816152e+00 2.70096607376145803e+00 -4.67133371316555246e-01
2.04399183093640824e+00 3.53780846946038530e+00 -4.67133371316555246e-01
3.83123544629531798e+00 7.12969162690309322e+00 -4.56056291150284343e-01
1.35041479345689153e+00 4.38325950468908765e+00 -4.67133371316555246e-01
3.63103233788743651e+00 4.46382011354661934e+00 -4.67133371316555246e-01
5.42043151191444039e+00 3.57044609575569005e+00 -4.67133371316555246e-01
5.51755104845314737e+00 1.51694463427473814e+00 3.44908572945903241e-02
2.24734173305324436e+00 6.17520276247615829e+00 -4.59355066782585530e-01
2.69379464945519853e+00 7.08157708232159866e+00 -4.56056291150284343e-01
6.30876499751336794e+00 5.36842032298849059e+00 -4.56056291150284343e-01
2.94643546869057982e+00 5.33273926846915192e+00 -4.62019659349605427e-01
6.05891219197376341e+00 7.12969162690309322e+00 -4.56056291150284343e-01
7.12719948080949273e+00 2.51323986653181697e+00 -4.67133371316555246e-01
4.52064811573029779e+00 6.26448178967622837e+00 -4.56056291150284343e-01
6.74917589115234318e+00 6.26621664998282579e+00 -4.56056291150284343e-01
4.21638110245676057e+00 8.29879523721984924e+00 0.00000000000000000e+00
