# n = 84
# s = 9.697934799016986
# x y theta(rad)
5.00000000012921220e-01 9.16965154835153839e+00 4.67331793922720617e-16
1.50000000001315215e+00 9.19793479901687761e+00 -5.56578335149206303e-17
2.50000000001338130e+00 9.19793479901687761e+00 -4.72570229158843596e-17
3.50000000001361222e+00 9.16445128797338171e+00 8.02236300678141192e-17
4.50000000001384226e+00 9.16365518593564232e+00 1.22853658669763721e-16
5.54973406880200670e+00 9.19793479901698419e+00 4.48858311296533395e-17
6.55160956223989199e+00 9.16819556118540291e+00 -7.57254976566536578e-04
8.19341262448220675e+00 9.19593023038331125e+00 -1.04749640906376699e-03
5.00000000012921220e-01 8.16744773236652222e+00 4.63801361490166843e-17
1.50000000001315215e+00 8.19793479901664668e+00 -1.07890821656516506e-19
2.50000000001338130e+00 8.19793479901664668e+00 7.90195870584886774e-16
3.50000000001361222e+00 8.15991508446699143e+00 -3.20009047472674668e-18
4.50000000001384226e+00 8.16199812219813126e+00 1.25942779283834327e-16
5.50000000001407319e+00 8.19793479901675326e+00 7.90381782630459559e-17
6.96064226114714923e+00 8.05289682031167331e+00 4.79309449095848994e-01
5.00000000012921220e-01 7.16544771462909846e+00 1.96215182231458674e-18
1.50000000001315215e+00 7.19793479901641575e+00 -9.15060280830661335e-20
2.50000000001338130e+00 7.19793479901641575e+00 -2.90466858780634761e-17
3.55377926786798426e+00 7.15190753470276697e+00 -1.59453018758823582e-02
4.55721579163668533e+00 7.15408767209453966e+00 -1.02557877221732471e-02
6.23218686006167388e+00 7.25510470920011752e+00 4.88992586342877622e-01
5.00000000000000000e-01 6.16344770926048735e+00 2.46116010736577642e-19
1.50308506733002822e+00 6.19793479901618483e+00 5.03331631118168463e-17
2.50407598515749363e+00 6.19793479901618483e+00 -2.10549974739053731e-18
3.51390071061882203e+00 6.14776287573993141e+00 -1.85038680338493466e-02
4.68943565044330768e+00 5.89679256918601347e+00 4.88992586342878843e-01
5.00000000000000000e-01 5.16120454509772397e+00 3.82798821268884387e-17
1.50000000000023093e+00 5.19793479901595479e+00 5.56504186679097050e-17
2.67627165054044180e+00 5.02166314847600681e+00 4.88992586342877789e-01
3.94689819584514812e+00 5.04153803084694196e+00 4.88992586342878011e-01
5.21554841686615589e-01 4.15884445491482690e+00 2.05992072422955634e-03
2.01335822660392694e+00 4.13866712788660518e+00 4.88992586342878399e-01
3.26170319536834530e+00 4.20041720974482491e+00 4.88992586342877789e-01
1.34547528610909417e+00 3.26259836651528623e+00 4.88992586675259300e-01
1.93190716841365262e+00 2.44188470203058028e+00 4.88992586342877344e-01
6.77384185047547049e-01 2.38195234547319190e+00 4.83132210553880503e-01
9.19793479894095967e+00 9.19793479901698419e+00 7.02378186670441087e-18
9.19793479901698419e+00 5.00000000000000000e-01 2.01370916271440440e-20
8.19793479901675504e+00 5.00000000000000000e-01 -3.30512506129944110e-17
7.19793479901652500e+00 5.00000000000000000e-01 1.16343780336195895e-19
6.19793479901629407e+00 5.00000000000000000e-01 1.16343780336195895e-19
5.19793479901606403e+00 5.00000000000000000e-01 1.16345434697421002e-19
4.02166314847585493e+00 6.76271650539947977e-01 4.88992586342879842e-01
2.87138071908327142e+00 6.76271650539947977e-01 4.88992586342878399e-01
1.73862969058786732e+00 6.76271650539947977e-01 4.88992586342878455e-01
9.19793479901698419e+00 1.50000000000023048e+00 -3.47486796277565203e-17
8.19793479901675504e+00 1.50200000000734191e+00 4.24710790082778733e-16
7.19793479901652411e+00 1.50000000000023048e+00 -2.86803043970494009e-17
6.19793479901629407e+00 1.50000000000023048e+00 -8.22464686761201688e-17
4.68457657241236891e+00 1.55926767112934916e+00 4.88992586342878843e-01
3.53826332210144923e+00 1.55180813766479053e+00 4.88992586342878399e-01
2.40164394374846246e+00 1.55907817628526368e+00 4.88992586342878344e-01
9.19793479901698596e+00 2.50000000000046096e+00 4.95263552391378425e-16
8.19793479901675504e+00 2.50300013920286357e+00 -2.86152717054446656e-16
7.19793479901652411e+00 2.50000000000046096e+00 -5.44844217745276601e-17
6.06108449022714257e+00 3.21750824574382976e+00 5.08389084638525612e-01
5.37581769501973028e+00 2.39289196313696140e+00 5.08389084638525612e-01
4.20117674603796409e+00 2.43480415825419261e+00 4.88992586342877955e-01
9.19793479901698419e+00 3.50000000000069189e+00 4.92119789607644090e-17
8.19487750367012069e+00 3.50657761447758087e+00 -1.81136113993040325e-03
6.94805989133919333e+00 3.68015024183086004e+00 5.08389084638525612e-01
5.57835844634113265e+00 4.10428172316764339e+00 4.88992586342878344e-01
4.88637174651476602e+00 3.27592497935630877e+00 4.88992586342878066e-01
9.19793479901698419e+00 4.50000000000092282e+00 4.88107818001275308e-16
7.59784038094682401e+00 4.57765136956394603e+00 4.99388736560509860e-01
6.46502840961976055e+00 4.56675769192884307e+00 4.88992586342878344e-01
5.99529163428495160e+00 5.44956421767415922e+00 4.88992586342878122e-01
9.19793479901698419e+00 6.19793479901629318e+00 -5.02256656403909929e-17
8.31231268554413205e+00 5.35989224900998362e+00 4.95733523307371804e-01
7.12110965595949796e+00 5.46259386318174744e+00 4.88992586342877622e-01
9.19793479901698419e+00 7.19793479901652411e+00 1.02535032331027565e-16
7.89488591783839500e+00 6.27250629618018429e+00 4.92704877159223842e-01
9.19793479901698419e+00 8.19793479901675326e+00 -4.54986297320096523e-17
5.00000000000000000e-01 5.00000000000000000e-01 5.57472004539396343e-17
8.19793479901675504e+00 8.19490753095166724e+00 -2.45151777670258001e-17
7.42124608188178669e+00 7.15322521591836580e+00 4.92704877159223842e-01
6.70306954436308811e+00 6.37290791567483161e+00 4.88992586342877622e-01
5.57610561372193736e+00 6.35926853794721314e+00 4.88992586342878066e-01
5.10862167100632369e+00 4.98708824891295954e+00 4.88992586342878011e-01
4.41663497117995707e+00 4.15873150510162493e+00 4.88992586342877955e-01
3.73143997070315514e+00 3.31761068399950876e+00 4.88992586342877955e-01
2.59878977143183043e+00 3.31742118915542328e+00 4.88992586342878455e-01
3.06852654676664027e+00 2.43461466341010713e+00 4.88992586342878455e-01
1.26889291525305836e+00 1.55907817628526368e+00 4.88992586342877400e-01
