# n = 86
# s = 9.820535407498515
# x y theta(rad)
5.13267323577852430e-01 9.31261898709937697e+00 -5.72527234759534270e-04
1.51541763457784473e+00 9.31441348817894621e+00 2.62191564338782137e-04
2.51726726947261659e+00 9.31773444799510386e+00 6.39107099881746081e-04
3.51893176499790394e+00 9.31859071166794095e+00 4.20713965734667876e-04
4.52039289220664475e+00 9.31964785760223435e+00 2.04899066779943965e-04
5.85382243014162373e+00 9.12361966282004033e+00 -6.15415489046193254e-01
7.12361966281963710e+00 9.12361966282004033e+00 -6.15415489046193254e-01
5.35684830388259314e-01 8.30511570308506109e+00 -6.49358651114745420e-03
1.58060722784308183e+00 8.30771973714218603e+00 1.19542100658464410e-02
2.77550757839113693e+00 8.31552326149781251e+00 4.84826940566282678e-04
3.77861699296003106e+00 8.31669282044538249e+00 3.20282412539408092e-04
5.27353365119091233e+00 8.30920063649316987e+00 -6.15415489046193254e-01
6.51624711746645513e+00 8.32834914253094283e+00 -6.15415489046193254e-01
5.00000000000000000e-01 7.28479314026838942e+00 0.00000000000000000e+00
1.50000000000020073e+00 7.27476765371582790e+00 0.00000000000000000e+00
2.50000000000040146e+00 7.31088210480531586e+00 0.00000000000000000e+00
3.50000000000060218e+00 7.31417304432239224e+00 0.00000000000000000e+00
4.69691574467927886e+00 7.49218626496877604e+00 -6.15415489046193254e-01
5.00778924784959223e-01 6.27218726031555196e+00 7.72232940373686745e-05
1.50227715181250376e+00 6.26300633641147986e+00 2.28089569630814771e-04
2.50354369954734812e+00 6.30917611777217680e+00 2.19821402940843596e-04
3.52715014243173952e+00 5.59687393082576978e+00 7.06399792235629875e-01
5.00000000000000000e-01 5.23027863200234844e+00 0.00000000000000000e+00
1.50000000000020073e+00 5.25412405415959061e+00 0.00000000000000000e+00
2.70490149270904645e+00 5.01990147079787352e+00 7.06399792235629875e-01
5.10264981652154503e-01 4.17089697581246099e+00 -6.52826746602819339e-03
1.51489056593077365e+00 4.21481506767217162e+00 -8.87467786129979459e-03
5.00117798710959072e-01 3.16451230812231099e+00 -1.61323476231081087e-05
9.32007252596190483e+00 5.00371588507659837e-01 1.12355025800288397e-05
8.31939223888460333e+00 5.00000000000000000e-01 0.00000000000000000e+00
7.31823942799300475e+00 5.01348178234505504e-01 -6.59953252950983634e-04
6.31495779882320818e+00 5.00000000000000000e-01 0.00000000000000000e+00
5.31289974648640762e+00 5.00000000000000000e-01 0.00000000000000000e+00
4.30984077652270781e+00 5.00000000000000000e-01 0.00000000000000000e+00
3.30414364060458787e+00 5.57570021876789390e-01 3.09865791764161883e-03
2.29902226663055931e+00 5.05389257178660678e-01 5.23907307154937614e-03
9.32053540749851450e+00 1.50107292942400239e+00 0.00000000000000000e+00
8.31969532078514362e+00 1.50000000000020073e+00 0.00000000000000000e+00
7.31887854823362094e+00 1.50324883336167581e+00 3.08403382951886857e-05
6.31813446058090644e+00 1.50000000000020073e+00 0.00000000000000000e+00
5.31739189275247792e+00 1.50000000000020073e+00 0.00000000000000000e+00
4.31668882971339585e+00 1.50000000000020073e+00 0.00000000000000000e+00
3.31612501094708456e+00 1.56320081708643022e+00 -5.33368592908807547e-04
9.32053540749851450e+00 2.50386660546140272e+00 0.00000000000000000e+00
8.32053540749831200e+00 2.50000000000040190e+00 0.00000000000000000e+00
7.32053540749811216e+00 2.50610710305887574e+00 0.00000000000000000e+00
6.31844604002570698e+00 2.50000000000040190e+00 0.00000000000000000e+00
5.31743716786232046e+00 2.50000000000040190e+00 0.00000000000000000e+00
4.31666537154197183e+00 2.50000000000040190e+00 0.00000000000000000e+00
9.32053540749851450e+00 3.50711967372317446e+00 0.00000000000000000e+00
8.32053540749831200e+00 3.50000000000060307e+00 0.00000000000000000e+00
7.32053540749811216e+00 3.51991324733050437e+00 0.00000000000000000e+00
6.32053540749791143e+00 3.50168941829514901e+00 0.00000000000000000e+00
5.32053540749771070e+00 3.50000000000060307e+00 0.00000000000000000e+00
9.32053540749851450e+00 4.51140706632696542e+00 0.00000000000000000e+00
8.32053540749831200e+00 4.50000000000080380e+00 0.00000000000000000e+00
7.31962510731676996e+00 4.52344747385399071e+00 3.52444353613693491e-04
6.31916808776738037e+00 4.50292255159017962e+00 1.98269968822156772e-04
9.32026887390640724e+00 5.51565476908619079e+00 2.65269434565065318e-06
8.31982683191463224e+00 5.50000000000100453e+00 0.00000000000000000e+00
7.24030853919524109e+00 5.54896881419444998e+00 -4.09575214839700275e-02
9.31474978970541656e+00 6.52067409759822691e+00 2.00293701559735218e-03
7.81211442896254749e+00 6.69749247327569996e+00 -6.20306622197393187e-01
9.32053540749851450e+00 9.32053540749851450e+00 0.00000000000000000e+00
9.32053540749851450e+00 8.32053540749831200e+00 0.00000000000000000e+00
8.32053540749831200e+00 9.31981883176697323e+00 0.00000000000000000e+00
8.49258453407434644e+00 7.44033744697200738e+00 -6.20306622197393187e-01
5.00136446618995478e-01 5.00149508658850550e-01 1.77259990893064410e-05
7.76675346667926814e+00 8.24211864605454636e+00 -6.19946221892096583e-01
7.13166173118719726e+00 7.46530121353976561e+00 -6.20306622197393187e-01
5.93663826489976199e+00 7.51344940114117943e+00 -6.15415489046193254e-01
6.54936036908565722e+00 6.64787923717863993e+00 -6.15415489046193254e-01
5.35934043200410937e+00 6.69691574467968120e+00 -6.15415489046193254e-01
6.09110007515403051e+00 5.50406929920250398e+00 5.90543714579610843e-05
4.21126656719535930e+00 6.33572870212634243e+00 7.06399792235629875e-01
5.08962415462442319e+00 5.50000000000100453e+00 0.00000000000000000e+00
4.11347611569798932e+00 4.78096714732331662e+00 7.05433663940869926e-01
5.31873065368631970e+00 4.50000000000080380e+00 0.00000000000000000e+00
3.28976480274751104e+00 4.20438598827676557e+00 7.06399792235629875e-01
4.32053540749750997e+00 3.50000000000060307e+00 0.00000000000000000e+00
2.55920557755502820e+00 3.51184032397929169e+00 6.96700011888448656e-01
3.31435844302484472e+00 2.56694519218848649e+00 -3.20935415659724470e-04
1.70464757041237025e+00 2.97347399356635833e+00 6.95033598409250164e-01
2.11167761952038546e+00 2.01046638858106075e+00 6.94743241542920664e-01
5.01955197939307318e-01 2.16062295323384834e+00 1.31174193048266976e-04
1.38475671563957370e+00 1.32030418315801068e+00 6.94707309757290004e-01
